/*--------------------------------*- C++ -*----------------------------------*\
  =========                 |
  \\      /  F ield         | OpenFOAM: The Open Source CFD Toolbox
   \\    /   O peration     | Website:  https://openfoam.org
    \\  /    A nd           | Version:  10
     \\/     M anipulation  |
\*---------------------------------------------------------------------------*/
FoamFile
{
    format      ascii;
    class       volScalarField;
    location    "4000";
    object      p;
}
// * * * * * * * * * * * * * * * * * * * * * * * * * * * * * * * * * * * * * //

dimensions      [0 2 -2 0 0 0 0];

internalField   nonuniform List<scalar> 
4000
(
-2.091267695e-15
-8.576042828e-15
-7.400953626e-15
-6.583494909e-15
-5.591102903e-15
-5.236518116e-15
-5.4423728e-15
-5.683427019e-15
-5.285808395e-15
-5.259828532e-15
-5.627928677e-15
-5.842298985e-15
-6.039167537e-15
-6.622167836e-15
-7.173755115e-15
-7.232461554e-15
-7.348296622e-15
-7.687293311e-15
-7.759226408e-15
-7.851491986e-15
-8.480428888e-15
-8.105207398e-15
-8.332394352e-15
-9.820629785e-15
-1.055860186e-14
-1.02651176e-14
-9.946981807e-15
-1.018525736e-14
-1.024667658e-14
-9.661942606e-15
-9.899904174e-15
-9.5050775e-15
-9.44774064e-15
-9.792946875e-15
-9.182617049e-15
-9.640658212e-15
-9.549882717e-15
-1.013337249e-14
-1.090981928e-14
-1.150442333e-14
-1.19988588e-14
-1.154632228e-14
-1.153458956e-14
-1.090252852e-14
-1.197350726e-14
-1.203502924e-14
-1.201366235e-14
-1.302116695e-14
-1.29582032e-14
-1.364947563e-14
-1.374897015e-14
-1.279824624e-14
-1.323835258e-14
-1.36987418e-14
-1.296236199e-14
-1.260895074e-14
-1.314720342e-14
-1.236983706e-14
-1.297836437e-14
-1.30528977e-14
-1.22565791e-14
-1.287627144e-14
-1.272659046e-14
-1.206732014e-14
-1.245209605e-14
-1.338740221e-14
-1.334881692e-14
-1.384228389e-14
-1.450153383e-14
-1.328344138e-14
-1.196682644e-14
-1.355720466e-14
-1.466054266e-14
-1.248507836e-14
-1.253274009e-14
-1.493111546e-14
-1.551044575e-14
-1.434584224e-14
-1.284384936e-14
-1.483249118e-14
-1.566698013e-14
-1.420775089e-14
-1.464148271e-14
-1.552556331e-14
-1.581576825e-14
-1.54762858e-14
-1.438490629e-14
-1.375867631e-14
-1.405687406e-14
-1.544188777e-14
-1.575474157e-14
-1.332120555e-14
-1.316383523e-14
-1.508692893e-14
-1.449261095e-14
-1.350428957e-14
-1.474005914e-14
-1.37113442e-14
-1.104251153e-14
-1.125586041e-14
-1.359500276e-14
-1.373478824e-14
-1.213320579e-14
-1.210905142e-14
-1.280817955e-14
-1.339395446e-14
-1.186727276e-14
-1.144221209e-14
-1.351323831e-14
-1.451836726e-14
-1.197701169e-14
-1.139731618e-14
-1.353937918e-14
-1.336786003e-14
-1.277806427e-14
-1.176900088e-14
-1.101936965e-14
-1.343249751e-14
-1.405102935e-14
-1.143154264e-14
-1.057672887e-14
-1.272818299e-14
-1.437065181e-14
-1.362604365e-14
-1.390464843e-14
-1.373134863e-14
-1.348886631e-14
-1.243576281e-14
-1.190060164e-14
-1.448968812e-14
-1.326463679e-14
-1.191627887e-14
-1.2759749e-14
-1.145732039e-14
-1.227979647e-14
-1.260085661e-14
-1.178140007e-14
-1.264988725e-14
-1.355050826e-14
-1.256263637e-14
-1.080696865e-14
-1.140523668e-14
-1.30153513e-14
-1.436529796e-14
-1.416023318e-14
-1.402584165e-14
-1.547694106e-14
-1.380440894e-14
-1.246633536e-14
-1.459645693e-14
-1.538794173e-14
-1.64690768e-14
-1.426721477e-14
-1.257088045e-14
-1.612645712e-14
-1.462901146e-14
-1.137987036e-14
-1.180424402e-14
-1.268944183e-14
-1.509967079e-14
-1.393420446e-14
-1.12717674e-14
-1.208042114e-14
-1.311134687e-14
-1.200526052e-14
-1.120046666e-14
-1.228586315e-14
-1.269214991e-14
-1.408952424e-14
-1.410559585e-14
-1.162051906e-14
-1.272512129e-14
-1.37627192e-14
-1.005677252e-14
-1.192884789e-14
-1.091344019e-14
-1.053491135e-14
-1.164631114e-14
-8.201518156e-15
-1.202353132e-14
-1.118768816e-14
-8.095040508e-15
-1.042227166e-14
-8.777030672e-15
-1.020360306e-14
-1.168711587e-14
-7.552107398e-15
-1.005948836e-14
-1.092765005e-14
-7.051668879e-15
-7.02312351e-15
-8.864489021e-15
-7.955577631e-15
-8.719666796e-15
-1.048811848e-14
-8.441861147e-15
-8.251634552e-15
-7.092754669e-15
-4.220084645e-15
-6.156321094e-15
-6.191430365e-15
-8.163709178e-15
-7.156295073e-15
-6.44151959e-15
-5.437522753e-15
-5.047902012e-15
-5.44810543e-15
-5.783757747e-15
-5.336578454e-15
-4.980628571e-15
-5.612883798e-15
-5.969136092e-15
-5.99286116e-15
-6.689269914e-15
-7.236147189e-15
-7.332989374e-15
-7.388738082e-15
-7.814058554e-15
-7.790074254e-15
-7.75118512e-15
-8.308657959e-15
-8.129753883e-15
-8.579826186e-15
-9.907883994e-15
-1.018837093e-14
-1.009494478e-14
-1.020291878e-14
-1.012451575e-14
-1.00540714e-14
-9.855562571e-15
-1.003518256e-14
-9.647110642e-15
-9.440149456e-15
-9.728972001e-15
-9.284373264e-15
-9.266797351e-15
-9.771423395e-15
-1.032077972e-14
-1.098775314e-14
-1.15135012e-14
-1.153052467e-14
-1.156917513e-14
-1.159353622e-14
-1.118258113e-14
-1.174089806e-14
-1.211058249e-14
-1.226946284e-14
-1.254936896e-14
-1.322292112e-14
-1.363128278e-14
-1.354662919e-14
-1.288523311e-14
-1.320087364e-14
-1.393420657e-14
-1.328636922e-14
-1.235468435e-14
-1.264684356e-14
-1.269443367e-14
-1.286701668e-14
-1.287188066e-14
-1.254927824e-14
-1.293998722e-14
-1.272004676e-14
-1.226570117e-14
-1.25722219e-14
-1.272984537e-14
-1.338292355e-14
-1.415545729e-14
-1.430300236e-14
-1.302708351e-14
-1.267531163e-14
-1.364805883e-14
-1.361095211e-14
-1.319213788e-14
-1.321533216e-14
-1.413075488e-14
-1.5193367e-14
-1.457400581e-14
-1.395554532e-14
-1.419945972e-14
-1.502973507e-14
-1.436003074e-14
-1.473409321e-14
-1.604137766e-14
-1.528409935e-14
-1.4754598e-14
-1.482135252e-14
-1.444451812e-14
-1.462150769e-14
-1.501076405e-14
-1.448815004e-14
-1.386231319e-14
-1.417347999e-14
-1.419960132e-14
-1.432228655e-14
-1.408197717e-14
-1.423202829e-14
-1.347710464e-14
-1.204762603e-14
-1.156802996e-14
-1.234126723e-14
-1.328157508e-14
-1.286771832e-14
-1.298296978e-14
-1.206130352e-14
-1.253720658e-14
-1.232361852e-14
-1.21560626e-14
-1.352785783e-14
-1.361966601e-14
-1.313403593e-14
-1.214755987e-14
-1.221898949e-14
-1.274908095e-14
-1.252932827e-14
-1.257182177e-14
-1.169721453e-14
-1.266673835e-14
-1.331374749e-14
-1.183036955e-14
-1.126324829e-14
-1.282642027e-14
-1.374479177e-14
-1.41849309e-14
-1.37092072e-14
-1.307209309e-14
-1.367899631e-14
-1.262947931e-14
-1.296474661e-14
-1.379907149e-14
-1.315256326e-14
-1.251525484e-14
-1.182959802e-14
-1.209819437e-14
-1.207358925e-14
-1.221336355e-14
-1.24647809e-14
-1.224849748e-14
-1.305971698e-14
-1.237155163e-14
-1.135419745e-14
-1.269536041e-14
-1.300837958e-14
-1.352385247e-14
-1.385335997e-14
-1.318192302e-14
-1.451579828e-14
-1.52904119e-14
-1.452429146e-14
-1.398963626e-14
-1.439513555e-14
-1.560307802e-14
-1.501259218e-14
-1.383544453e-14
-1.393805065e-14
-1.3825567e-14
-1.300189015e-14
-1.289484191e-14
-1.338144065e-14
-1.351405889e-14
-1.251246107e-14
-1.203154422e-14
-1.290134972e-14
-1.301340247e-14
-1.106940805e-14
-1.200211455e-14
-1.294696973e-14
-1.302107663e-14
-1.335063224e-14
-1.216040563e-14
-1.251898281e-14
-1.330655795e-14
-1.334136493e-14
-1.232128243e-14
-1.121037541e-14
-9.890502408e-15
-1.065459199e-14
-1.155123764e-14
-9.728381917e-15
-9.89141887e-15
-1.093947382e-14
-9.14972474e-15
-9.504107181e-15
-1.032527134e-14
-1.014445286e-14
-1.071694973e-14
-8.723370455e-15
-8.698352661e-15
-9.77284824e-15
-8.263990028e-15
-8.383965152e-15
-8.217761457e-15
-7.908924728e-15
-9.486542366e-15
-9.363261903e-15
-7.969894634e-15
-8.089447237e-15
-7.538958987e-15
-5.730015078e-15
-6.256361215e-15
-6.300894847e-15
-7.784572664e-15
-7.07890847e-15
-6.412742978e-15
-5.137311345e-15
-4.821566827e-15
-5.406512191e-15
-5.887220086e-15
-5.396698579e-15
-4.889258558e-15
-5.684896215e-15
-6.000634957e-15
-5.821411667e-15
-6.57981689e-15
-7.369671943e-15
-7.379904944e-15
-7.453503815e-15
-7.905919915e-15
-7.774948974e-15
-7.835124137e-15
-8.149051924e-15
-7.952038601e-15
-8.791951975e-15
-1.029776275e-14
-1.00441699e-14
-1.000370582e-14
-1.018615252e-14
-1.00107732e-14
-9.994496391e-15
-9.844279174e-15
-1.020569251e-14
-9.72989263e-15
-9.569405115e-15
-9.458774999e-15
-9.35067215e-15
-9.400608158e-15
-9.749847821e-15
-1.01737269e-14
-1.094979193e-14
-1.154558323e-14
-1.150595678e-14
-1.176345577e-14
-1.1463887e-14
-1.129893882e-14
-1.151298493e-14
-1.212161925e-14
-1.25337039e-14
-1.230366619e-14
-1.321672265e-14
-1.381484868e-14
-1.354312402e-14
-1.28861204e-14
-1.321393454e-14
-1.389413126e-14
-1.330970754e-14
-1.22971746e-14
-1.270369907e-14
-1.297434238e-14
-1.242957467e-14
-1.269100815e-14
-1.288541795e-14
-1.270747741e-14
-1.265655807e-14
-1.259905681e-14
-1.244954481e-14
-1.240123672e-14
-1.372180128e-14
-1.424315802e-14
-1.382086863e-14
-1.320184592e-14
-1.328782885e-14
-1.33866458e-14
-1.30719818e-14
-1.373857805e-14
-1.398202521e-14
-1.345808089e-14
-1.467358281e-14
-1.49999644e-14
-1.451646422e-14
-1.353541257e-14
-1.468075345e-14
-1.489823505e-14
-1.500524681e-14
-1.566147557e-14
-1.478754129e-14
-1.42322115e-14
-1.546999889e-14
-1.533582773e-14
-1.437242973e-14
-1.453185889e-14
-1.404256239e-14
-1.44389217e-14
-1.447068788e-14
-1.384073999e-14
-1.448095815e-14
-1.445596863e-14
-1.387864339e-14
-1.312255108e-14
-1.250887073e-14
-1.201632215e-14
-1.174680592e-14
-1.280992551e-14
-1.28909821e-14
-1.339560478e-14
-1.229331396e-14
-1.194896298e-14
-1.259740082e-14
-1.248295437e-14
-1.332180556e-14
-1.29620933e-14
-1.368986691e-14
-1.322075694e-14
-1.144145279e-14
-1.22792813e-14
-1.265576554e-14
-1.236425519e-14
-1.258954308e-14
-1.245681478e-14
-1.195477569e-14
-1.218728294e-14
-1.204500068e-14
-1.307006597e-14
-1.338155015e-14
-1.407762199e-14
-1.351733092e-14
-1.329537266e-14
-1.380038928e-14
-1.264368471e-14
-1.369169572e-14
-1.330019302e-14
-1.25040175e-14
-1.273837632e-14
-1.209499394e-14
-1.239250579e-14
-1.191455666e-14
-1.159676976e-14
-1.28726898e-14
-1.210101143e-14
-1.212115643e-14
-1.312972021e-14
-1.231630542e-14
-1.285257687e-14
-1.268648539e-14
-1.315360065e-14
-1.33264368e-14
-1.285219863e-14
-1.43217615e-14
-1.576758967e-14
-1.568233462e-14
-1.412897522e-14
-1.42526363e-14
-1.455865933e-14
-1.467137656e-14
-1.451328094e-14
-1.34811566e-14
-1.348448843e-14
-1.397394833e-14
-1.347128976e-14
-1.346121166e-14
-1.253898104e-14
-1.159575977e-14
-1.283108327e-14
-1.289008532e-14
-1.253498653e-14
-1.187350465e-14
-1.250152696e-14
-1.314499789e-14
-1.282888191e-14
-1.197408206e-14
-1.171424973e-14
-1.351442922e-14
-1.367706422e-14
-1.195744462e-14
-1.337912048e-14
-1.268488529e-14
-9.597313205e-15
-1.006201206e-14
-1.085836453e-14
-1.058459298e-14
-9.24737264e-15
-1.031517631e-14
-1.014780112e-14
-8.709682595e-15
-1.074217665e-14
-1.058097523e-14
-9.159746527e-15
-9.764028479e-15
-9.665407108e-15
-8.792777449e-15
-8.250451629e-15
-8.917359027e-15
-8.228659882e-15
-8.019557399e-15
-9.49686743e-15
-8.410093599e-15
-7.450047917e-15
-8.824521851e-15
-8.161272416e-15
-6.921585712e-15
-6.312389288e-15
-6.080385505e-15
-7.532635752e-15
-6.924804351e-15
-6.350137132e-15
-5.137904636e-15
-4.707491788e-15
-5.117898831e-15
-5.894527457e-15
-5.271228822e-15
-4.921780303e-15
-5.787476019e-15
-6.01553587e-15
-5.923395313e-15
-6.339825647e-15
-7.280441515e-15
-7.562881575e-15
-7.441114044e-15
-7.97758371e-15
-7.732608043e-15
-7.826385296e-15
-8.10756975e-15
-8.027364507e-15
-8.6379999e-15
-1.047523275e-14
-1.015480357e-14
-9.998835174e-15
-1.01692702e-14
-9.967817112e-15
-1.010124813e-14
-9.700828679e-15
-1.023212745e-14
-9.905737823e-15
-9.867254731e-15
-9.369385772e-15
-9.169466752e-15
-9.579105621e-15
-9.6102284e-15
-9.849967511e-15
-1.092559335e-14
-1.187947838e-14
-1.172132403e-14
-1.167005267e-14
-1.128229681e-14
-1.171344436e-14
-1.136186233e-14
-1.182532268e-14
-1.245938754e-14
-1.242986914e-14
-1.340262227e-14
-1.40481702e-14
-1.347785731e-14
-1.289562951e-14
-1.297057867e-14
-1.374936778e-14
-1.317024123e-14
-1.237822519e-14
-1.305848209e-14
-1.30054324e-14
-1.228188355e-14
-1.257971368e-14
-1.277223749e-14
-1.222560737e-14
-1.259473963e-14
-1.305726921e-14
-1.240079141e-14
-1.242997909e-14
-1.39278467e-14
-1.382177271e-14
-1.372694745e-14
-1.397665345e-14
-1.320744205e-14
-1.261826502e-14
-1.334661145e-14
-1.402666695e-14
-1.431014072e-14
-1.338947098e-14
-1.413739327e-14
-1.542928562e-14
-1.445960448e-14
-1.316331146e-14
-1.452965975e-14
-1.538237106e-14
-1.52854779e-14
-1.494130705e-14
-1.47570713e-14
-1.450120826e-14
-1.539620764e-14
-1.552791675e-14
-1.420966664e-14
-1.420225097e-14
-1.436698813e-14
-1.45821608e-14
-1.409409836e-14
-1.424674907e-14
-1.489806622e-14
-1.45474368e-14
-1.319366341e-14
-1.281151995e-14
-1.298299516e-14
-1.233918804e-14
-1.152771623e-14
-1.255167078e-14
-1.297471395e-14
-1.314069289e-14
-1.280887539e-14
-1.180345302e-14
-1.244969596e-14
-1.28107962e-14
-1.301297861e-14
-1.283866172e-14
-1.361101639e-14
-1.362765712e-14
-1.156026415e-14
-1.192821435e-14
-1.267721918e-14
-1.229087919e-14
-1.298205603e-14
-1.219209451e-14
-1.106110337e-14
-1.264824493e-14
-1.27665088e-14
-1.292387133e-14
-1.305206655e-14
-1.399567784e-14
-1.375322399e-14
-1.359193943e-14
-1.345415009e-14
-1.325816988e-14
-1.358265529e-14
-1.249137652e-14
-1.240280446e-14
-1.302851049e-14
-1.281991595e-14
-1.218795734e-14
-1.148435033e-14
-1.133238877e-14
-1.286062123e-14
-1.237267149e-14
-1.17995984e-14
-1.352852494e-14
-1.341242374e-14
-1.239486422e-14
-1.218935408e-14
-1.293336643e-14
-1.268200355e-14
-1.355394655e-14
-1.466413819e-14
-1.520257357e-14
-1.565131623e-14
-1.477424456e-14
-1.443596908e-14
-1.386221963e-14
-1.451085021e-14
-1.462546637e-14
-1.3323871e-14
-1.37619783e-14
-1.47173482e-14
-1.353628455e-14
-1.285217303e-14
-1.198419661e-14
-1.176285012e-14
-1.310553602e-14
-1.238587927e-14
-1.262125188e-14
-1.34400248e-14
-1.259972626e-14
-1.179132137e-14
-1.220831862e-14
-1.162758306e-14
-1.260667396e-14
-1.381074445e-14
-1.336983244e-14
-1.198553989e-14
-1.310096244e-14
-1.315866155e-14
-1.059723216e-14
-9.764955615e-15
-9.641987402e-15
-1.086524304e-14
-9.550366507e-15
-9.634885045e-15
-1.085466466e-14
-9.125573683e-15
-9.737787461e-15
-1.041697374e-14
-9.075078904e-15
-1.019645838e-14
-1.04314787e-14
-8.684890156e-15
-8.628960897e-15
-8.578311637e-15
-7.845648234e-15
-8.152422595e-15
-8.732034442e-15
-7.92361487e-15
-8.369785238e-15
-9.090551817e-15
-8.182346283e-15
-8.177232207e-15
-6.29093404e-15
-6.080898794e-15
-7.460898728e-15
-6.804664293e-15
-6.263333343e-15
-4.966921545e-15
-4.546735138e-15
-5.191235476e-15
-6.000932569e-15
-4.963121241e-15
-4.844903079e-15
-5.550838786e-15
-5.846115285e-15
-6.153143521e-15
-6.393599592e-15
-7.255200916e-15
-7.646659172e-15
-7.827806591e-15
-7.923503848e-15
-7.715871408e-15
-7.75469507e-15
-7.868548635e-15
-8.089289137e-15
-8.708560106e-15
-1.047420816e-14
-1.024604888e-14
-1.010485005e-14
-1.038578493e-14
-9.921018383e-15
-1.010845405e-14
-9.416925835e-15
-1.008294252e-14
-1.005869977e-14
-9.764401605e-15
-9.291537721e-15
-9.294915963e-15
-9.614450671e-15
-9.519781578e-15
-9.761281163e-15
-1.111741572e-14
-1.203119619e-14
-1.162731679e-14
-1.163857962e-14
-1.13861134e-14
-1.196889316e-14
-1.178388255e-14
-1.143583345e-14
-1.216438109e-14
-1.230135073e-14
-1.343865485e-14
-1.434291364e-14
-1.374286563e-14
-1.304764882e-14
-1.276194462e-14
-1.354629753e-14
-1.31528406e-14
-1.235218846e-14
-1.309896967e-14
-1.29189238e-14
-1.217780881e-14
-1.235262063e-14
-1.278683957e-14
-1.21772721e-14
-1.281856699e-14
-1.285318007e-14
-1.241512113e-14
-1.250442986e-14
-1.406874458e-14
-1.345300065e-14
-1.383283589e-14
-1.460185586e-14
-1.278167199e-14
-1.217503894e-14
-1.353972597e-14
-1.410313802e-14
-1.437517709e-14
-1.349269152e-14
-1.371132208e-14
-1.548504708e-14
-1.469418288e-14
-1.328460075e-14
-1.416361481e-14
-1.542369193e-14
-1.547385637e-14
-1.471639356e-14
-1.516488771e-14
-1.510521145e-14
-1.470545096e-14
-1.551051412e-14
-1.447766847e-14
-1.378143789e-14
-1.452203439e-14
-1.484857144e-14
-1.366654359e-14
-1.43628514e-14
-1.50970295e-14
-1.475442602e-14
-1.251795472e-14
-1.231816797e-14
-1.332010811e-14
-1.297518754e-14
-1.136452051e-14
-1.237348898e-14
-1.324480803e-14
-1.28915152e-14
-1.336437894e-14
-1.169568941e-14
-1.169895659e-14
-1.307700238e-14
-1.341778859e-14
-1.302061846e-14
-1.324112063e-14
-1.331757751e-14
-1.226198616e-14
-1.156357711e-14
-1.215825468e-14
-1.292482292e-14
-1.278315545e-14
-1.159573755e-14
-1.125425861e-14
-1.285464543e-14
-1.30844001e-14
-1.246811687e-14
-1.283466282e-14
-1.423235226e-14
-1.432285558e-14
-1.341232664e-14
-1.301974454e-14
-1.434140798e-14
-1.297619275e-14
-1.132812912e-14
-1.28281468e-14
-1.372949374e-14
-1.3106154e-14
-1.225600302e-14
-1.12874263e-14
-1.109004864e-14
-1.203595537e-14
-1.279369044e-14
-1.228770409e-14
-1.325604892e-14
-1.430949102e-14
-1.224319935e-14
-1.139248013e-14
-1.218330212e-14
-1.256597872e-14
-1.471886897e-14
-1.510010441e-14
-1.466057267e-14
-1.495279113e-14
-1.544159292e-14
-1.459619692e-14
-1.327400053e-14
-1.521785107e-14
-1.460122458e-14
-1.2625566e-14
-1.407935667e-14
-1.518653432e-14
-1.364782275e-14
-1.276309494e-14
-1.130044955e-14
-1.173331317e-14
-1.317203211e-14
-1.243601057e-14
-1.33081289e-14
-1.387395849e-14
-1.247400933e-14
-1.044551136e-14
-1.166567194e-14
-1.235591643e-14
-1.3548829e-14
-1.331817193e-14
-1.300819303e-14
-1.299548708e-14
-1.273954878e-14
-1.210707407e-14
-1.173994147e-14
-1.001187323e-14
-8.259043788e-15
-1.099152275e-14
-9.751022628e-15
-9.237685838e-15
-1.153497248e-14
-1.006252285e-14
-9.414920952e-15
-9.343047491e-15
-9.206127184e-15
-1.057371436e-14
-9.747254541e-15
-8.802140335e-15
-1.001801523e-14
-8.577203149e-15
-7.406761244e-15
-8.363443879e-15
-7.70459753e-15
-7.39163193e-15
-9.517757819e-15
-8.67563525e-15
-8.006934619e-15
-9.151050506e-15
-6.042925872e-15
-6.543741576e-15
-7.612866004e-15
-6.653647275e-15
-6.300228046e-15
-4.688367424e-15
-4.314064359e-15
-5.422158389e-15
-6.042501573e-15
-4.741524514e-15
-4.843953331e-15
-5.466098848e-15
-5.576726298e-15
-6.03082867e-15
-6.592265959e-15
-7.431564884e-15
-7.757323777e-15
-7.825250243e-15
-7.781639904e-15
-7.574045073e-15
-8.149285788e-15
-7.756904117e-15
-7.687574719e-15
-8.853414182e-15
-1.031161753e-14
-1.051003522e-14
-1.036573197e-14
-1.045572036e-14
-1.009725476e-14
-9.742107177e-15
-9.133021648e-15
-1.018204913e-14
-1.024500451e-14
-9.524456763e-15
-9.304747177e-15
-9.410907492e-15
-9.555661475e-15
-9.513937687e-15
-9.817530188e-15
-1.119655763e-14
-1.20477996e-14
-1.163021488e-14
-1.150885e-14
-1.128426745e-14
-1.221050337e-14
-1.186854211e-14
-1.172139864e-14
-1.188800303e-14
-1.19825729e-14
-1.346085454e-14
-1.429137009e-14
-1.37085701e-14
-1.334427228e-14
-1.324617984e-14
-1.320450398e-14
-1.296514388e-14
-1.273413029e-14
-1.296839327e-14
-1.258317319e-14
-1.225284501e-14
-1.240971975e-14
-1.242772394e-14
-1.238046246e-14
-1.305596945e-14
-1.272828685e-14
-1.225523184e-14
-1.264637438e-14
-1.424133088e-14
-1.346409576e-14
-1.38342812e-14
-1.44695767e-14
-1.301111838e-14
-1.186460029e-14
-1.340214391e-14
-1.423569914e-14
-1.433214871e-14
-1.343002706e-14
-1.360948723e-14
-1.555284251e-14
-1.47931127e-14
-1.318225373e-14
-1.375293086e-14
-1.537096307e-14
-1.597622743e-14
-1.483681278e-14
-1.503369587e-14
-1.530504723e-14
-1.472126599e-14
-1.552927601e-14
-1.443890424e-14
-1.345327705e-14
-1.460855458e-14
-1.469845603e-14
-1.373877543e-14
-1.464034039e-14
-1.507157303e-14
-1.489677617e-14
-1.236358386e-14
-1.186533202e-14
-1.341613356e-14
-1.339236247e-14
-1.118654871e-14
-1.215869912e-14
-1.337830779e-14
-1.320887161e-14
-1.301202521e-14
-1.155201622e-14
-1.169021797e-14
-1.336203878e-14
-1.352311577e-14
-1.312316013e-14
-1.303852653e-14
-1.31672306e-14
-1.281661395e-14
-1.118888378e-14
-1.159308031e-14
-1.33526966e-14
-1.296493893e-14
-1.132919096e-14
-1.168317502e-14
-1.241769411e-14
-1.262525772e-14
-1.251289857e-14
-1.299588121e-14
-1.447999031e-14
-1.473195908e-14
-1.332442922e-14
-1.293457004e-14
-1.44620736e-14
-1.294152281e-14
-1.103947151e-14
-1.296947359e-14
-1.380018162e-14
-1.328970536e-14
-1.201315004e-14
-1.092668262e-14
-1.147676743e-14
-1.189243559e-14
-1.269415577e-14
-1.221574586e-14
-1.303719362e-14
-1.483043868e-14
-1.264756772e-14
-1.086425017e-14
-1.17080902e-14
-1.327384356e-14
-1.512316343e-14
-1.456437792e-14
-1.445933061e-14
-1.494324813e-14
-1.570097008e-14
-1.390937947e-14
-1.369070073e-14
-1.551941727e-14
-1.458648771e-14
-1.243916918e-14
-1.409714189e-14
-1.546284286e-14
-1.346756197e-14
-1.27049662e-14
-1.077530064e-14
-1.221549963e-14
-1.316085823e-14
-1.266288089e-14
-1.357208258e-14
-1.405036946e-14
-1.206564187e-14
-1.006325788e-14
-1.170315824e-14
-1.252305233e-14
-1.418611773e-14
-1.288290914e-14
-1.257304556e-14
-1.349438072e-14
-1.291071633e-14
-1.158367541e-14
-1.193036473e-14
-1.051562803e-14
-7.976072391e-15
-1.02493999e-14
-9.918466564e-15
-9.776944374e-15
-1.180558974e-14
-1.011526349e-14
-8.935422158e-15
-8.844660935e-15
-9.88563307e-15
-1.109213927e-14
-8.699831423e-15
-8.592122869e-15
-1.08304604e-14
-8.559833257e-15
-6.933877066e-15
-8.562010525e-15
-7.648597981e-15
-7.860133873e-15
-9.642181796e-15
-7.696471417e-15
-7.88032299e-15
-9.493607847e-15
-6.506739829e-15
-7.155622344e-15
-7.618801477e-15
-6.377756102e-15
-6.08952294e-15
-4.690487426e-15
-4.343181154e-15
-5.580557633e-15
-5.804350076e-15
-4.531923719e-15
-4.904735254e-15
-5.435556199e-15
-5.750893605e-15
-5.774455601e-15
-6.580116375e-15
-7.152001182e-15
-7.954327021e-15
-7.815583152e-15
-7.705865047e-15
-7.696330275e-15
-8.197911678e-15
-7.536510977e-15
-7.301977304e-15
-9.116442084e-15
-1.056096858e-14
-1.061201407e-14
-1.067510959e-14
-1.050473729e-14
-1.007795718e-14
-9.500395004e-15
-9.100508992e-15
-1.037463008e-14
-1.031950746e-14
-9.085771135e-15
-9.594283273e-15
-9.85043344e-15
-9.109377352e-15
-9.764483912e-15
-1.00767615e-14
-1.111083859e-14
-1.186895939e-14
-1.164151655e-14
-1.136745886e-14
-1.131178921e-14
-1.184682582e-14
-1.157635667e-14
-1.207192059e-14
-1.210310701e-14
-1.155206195e-14
-1.374547039e-14
-1.443141278e-14
-1.329959458e-14
-1.307007072e-14
-1.349273808e-14
-1.319753892e-14
-1.286202165e-14
-1.298301615e-14
-1.307490609e-14
-1.270484773e-14
-1.235204722e-14
-1.21402848e-14
-1.18907282e-14
-1.288460546e-14
-1.325994209e-14
-1.272513233e-14
-1.215176024e-14
-1.28657737e-14
-1.393874509e-14
-1.366448971e-14
-1.405667055e-14
-1.36905128e-14
-1.321923301e-14
-1.212294566e-14
-1.316208745e-14
-1.456695182e-14
-1.436008308e-14
-1.303310115e-14
-1.367681955e-14
-1.540548242e-14
-1.474518442e-14
-1.370941237e-14
-1.39649781e-14
-1.490139717e-14
-1.58704797e-14
-1.509351522e-14
-1.479595152e-14
-1.520016549e-14
-1.489941197e-14
-1.516371968e-14
-1.470973925e-14
-1.356861636e-14
-1.442625808e-14
-1.436844065e-14
-1.390170466e-14
-1.461871938e-14
-1.47762425e-14
-1.525891351e-14
-1.307427028e-14
-1.194879304e-14
-1.270007826e-14
-1.321302509e-14
-1.191533936e-14
-1.220741826e-14
-1.333239997e-14
-1.353075774e-14
-1.234666734e-14
-1.140818995e-14
-1.214753267e-14
-1.309233406e-14
-1.342822194e-14
-1.355722055e-14
-1.29357016e-14
-1.338644225e-14
-1.305043984e-14
-1.104324981e-14
-1.127816092e-14
-1.319224724e-14
-1.326823998e-14
-1.139387164e-14
-1.183344345e-14
-1.233320129e-14
-1.185054248e-14
-1.244557006e-14
-1.340636723e-14
-1.487010562e-14
-1.452089986e-14
-1.329714426e-14
-1.29300186e-14
-1.367432719e-14
-1.352528085e-14
-1.198206727e-14
-1.282657399e-14
-1.367514086e-14
-1.288637957e-14
-1.182751432e-14
-1.075729482e-14
-1.145635827e-14
-1.255185567e-14
-1.194864869e-14
-1.146067008e-14
-1.326248522e-14
-1.502827503e-14
-1.275587431e-14
-1.140440259e-14
-1.139321328e-14
-1.375198838e-14
-1.560366376e-14
-1.415842198e-14
-1.435509757e-14
-1.528751366e-14
-1.53934523e-14
-1.338409754e-14
-1.355691225e-14
-1.521272623e-14
-1.487835504e-14
-1.285553465e-14
-1.428096525e-14
-1.545732435e-14
-1.300550442e-14
-1.271451043e-14
-1.103160017e-14
-1.269773045e-14
-1.31464318e-14
-1.246643559e-14
-1.324885513e-14
-1.390343938e-14
-1.197797225e-14
-1.046076962e-14
-1.275370457e-14
-1.219970835e-14
-1.388527946e-14
-1.283415719e-14
-1.177459533e-14
-1.318871625e-14
-1.337345985e-14
-1.17741524e-14
-1.19235244e-14
-1.076796795e-14
-8.288431869e-15
-9.688994083e-15
-9.583507705e-15
-1.037761778e-14
-1.205319012e-14
-9.597762124e-15
-8.850306374e-15
-8.726466653e-15
-1.032972277e-14
-1.136971659e-14
-8.093452527e-15
-8.075370062e-15
-1.075550587e-14
-8.936809805e-15
-6.989969556e-15
-8.671973659e-15
-7.796403899e-15
-8.284668187e-15
-8.988909312e-15
-7.012664603e-15
-8.341809569e-15
-9.552289974e-15
-6.884671365e-15
-7.644222908e-15
-7.885412967e-15
-6.240604313e-15
-5.623845905e-15
-4.619970072e-15
-4.336367893e-15
-5.32637295e-15
-5.635777892e-15
-4.993898444e-15
-5.110071564e-15
-5.459935157e-15
-5.608593962e-15
-5.912321896e-15
-6.690350151e-15
-6.823872726e-15
-7.574183241e-15
-7.860395303e-15
-7.636093539e-15
-7.739470901e-15
-8.146132556e-15
-7.470379361e-15
-7.584213037e-15
-9.286153534e-15
-1.059388748e-14
-1.041153218e-14
-1.073469863e-14
-1.071097413e-14
-1.007099757e-14
-9.061074221e-15
-9.280714989e-15
-1.059674184e-14
-9.945473658e-15
-9.183143479e-15
-9.84171041e-15
-9.923719769e-15
-9.137194972e-15
-1.018423485e-14
-1.028420201e-14
-1.089328212e-14
-1.179686262e-14
-1.107033627e-14
-1.110601335e-14
-1.150379798e-14
-1.195677203e-14
-1.171406424e-14
-1.188650464e-14
-1.187892008e-14
-1.125972587e-14
-1.407559269e-14
-1.470615118e-14
-1.318246393e-14
-1.29962647e-14
-1.352757988e-14
-1.326276864e-14
-1.297037975e-14
-1.262795217e-14
-1.295877624e-14
-1.323653233e-14
-1.222940929e-14
-1.142331038e-14
-1.179471046e-14
-1.313586041e-14
-1.346573436e-14
-1.292002681e-14
-1.201891372e-14
-1.309493067e-14
-1.387235556e-14
-1.391748534e-14
-1.363276277e-14
-1.289039272e-14
-1.327383342e-14
-1.232735601e-14
-1.306711366e-14
-1.453151976e-14
-1.450603429e-14
-1.297588601e-14
-1.37145481e-14
-1.532758821e-14
-1.475401297e-14
-1.447212076e-14
-1.408290607e-14
-1.462924887e-14
-1.58689871e-14
-1.508999815e-14
-1.487886152e-14
-1.510786192e-14
-1.528711542e-14
-1.505023438e-14
-1.451153274e-14
-1.340663262e-14
-1.417955245e-14
-1.403309893e-14
-1.447505064e-14
-1.429584344e-14
-1.446445111e-14
-1.539998699e-14
-1.341928471e-14
-1.218345774e-14
-1.237870397e-14
-1.318163023e-14
-1.264094301e-14
-1.212739994e-14
-1.319752987e-14
-1.370046737e-14
-1.219178855e-14
-1.131049163e-14
-1.183921607e-14
-1.279433555e-14
-1.404302968e-14
-1.3768075e-14
-1.294176995e-14
-1.322152284e-14
-1.320729409e-14
-1.125325374e-14
-1.077778228e-14
-1.288703843e-14
-1.389378881e-14
-1.177748099e-14
-1.150197342e-14
-1.208898645e-14
-1.186307077e-14
-1.209111978e-14
-1.37539841e-14
-1.535465712e-14
-1.421562855e-14
-1.312564267e-14
-1.241990535e-14
-1.303958459e-14
-1.431355594e-14
-1.287030542e-14
-1.246844558e-14
-1.339173386e-14
-1.283649838e-14
-1.201732394e-14
-1.08562758e-14
-1.127193841e-14
-1.259227385e-14
-1.1497626e-14
-1.097588493e-14
-1.317956359e-14
-1.532805794e-14
-1.285821011e-14
-1.198062133e-14
-1.14817545e-14
-1.35946783e-14
-1.610621346e-14
-1.378393777e-14
-1.39741885e-14
-1.541521284e-14
-1.545852282e-14
-1.356301235e-14
-1.321942627e-14
-1.489077498e-14
-1.492093228e-14
-1.283140222e-14
-1.47434176e-14
-1.582796483e-14
-1.316287979e-14
-1.26973971e-14
-1.119101728e-14
-1.257989116e-14
-1.290004358e-14
-1.257812068e-14
-1.281181566e-14
-1.333404479e-14
-1.173224194e-14
-1.12387855e-14
-1.377663441e-14
-1.155815371e-14
-1.346357398e-14
-1.291969495e-14
-1.122150286e-14
-1.32301618e-14
-1.386312904e-14
-1.225928601e-14
-1.166329383e-14
-1.046895697e-14
-9.013817896e-15
-9.839923862e-15
-8.955894523e-15
-1.043830493e-14
-1.249128066e-14
-9.545801804e-15
-9.169240693e-15
-8.183520984e-15
-9.950287492e-15
-1.175913686e-14
-7.868933595e-15
-7.40566638e-15
-1.036374441e-14
-9.62794879e-15
-7.457322187e-15
-8.505106017e-15
-7.196601889e-15
-8.431514873e-15
-9.157061356e-15
-6.850505646e-15
-8.621750276e-15
-9.355105045e-15
-7.272813804e-15
-8.014164246e-15
-7.695404308e-15
-6.065205488e-15
-5.895223431e-15
-4.528728422e-15
-4.253497577e-15
-5.470998371e-15
-5.766904357e-15
-5.132271216e-15
-4.952596101e-15
-5.262036298e-15
-5.470467356e-15
-6.189050292e-15
-6.727045045e-15
-6.509615904e-15
-7.382151179e-15
-7.751178441e-15
-7.88954423e-15
-7.974475105e-15
-7.753791283e-15
-7.537204373e-15
-7.977978006e-15
-9.294711881e-15
-1.036200735e-14
-1.037948608e-14
-1.086193153e-14
-1.077647638e-14
-9.697608871e-15
-8.938989394e-15
-9.406909735e-15
-1.040569989e-14
-9.803912723e-15
-9.366314581e-15
-9.718604579e-15
-1.009847313e-14
-9.444912216e-15
-1.025991605e-14
-1.065543262e-14
-1.100743283e-14
-1.146186611e-14
-1.019284996e-14
-1.086108399e-14
-1.181558168e-14
-1.219569307e-14
-1.192683005e-14
-1.172544401e-14
-1.185931589e-14
-1.180801237e-14
-1.369976333e-14
-1.459660391e-14
-1.331800707e-14
-1.316879916e-14
-1.347627528e-14
-1.344459297e-14
-1.306756327e-14
-1.236702553e-14
-1.285767436e-14
-1.362699368e-14
-1.23829633e-14
-1.128746257e-14
-1.135849016e-14
-1.306316457e-14
-1.365828806e-14
-1.279022073e-14
-1.25056469e-14
-1.324527712e-14
-1.358583202e-14
-1.375576132e-14
-1.323987369e-14
-1.279004154e-14
-1.382788578e-14
-1.216608338e-14
-1.28606993e-14
-1.421445349e-14
-1.45332277e-14
-1.325968619e-14
-1.382406292e-14
-1.54652961e-14
-1.477388767e-14
-1.442485646e-14
-1.40715745e-14
-1.467265582e-14
-1.593855237e-14
-1.515738292e-14
-1.467890655e-14
-1.50226126e-14
-1.568221334e-14
-1.522846588e-14
-1.430842739e-14
-1.359269683e-14
-1.404778472e-14
-1.369913952e-14
-1.447676591e-14
-1.382630601e-14
-1.442019405e-14
-1.526670983e-14
-1.291141984e-14
-1.277201417e-14
-1.290648365e-14
-1.330490978e-14
-1.276728366e-14
-1.223024827e-14
-1.30636399e-14
-1.339432299e-14
-1.216826654e-14
-1.13085458e-14
-1.14260569e-14
-1.296261455e-14
-1.441604515e-14
-1.377742694e-14
-1.252516371e-14
-1.333016262e-14
-1.344747583e-14
-1.12698526e-14
-1.09038162e-14
-1.280927626e-14
-1.404946877e-14
-1.19212649e-14
-1.136504498e-14
-1.213610288e-14
-1.182642166e-14
-1.175544341e-14
-1.380129871e-14
-1.534626714e-14
-1.390000151e-14
-1.28951715e-14
-1.240032338e-14
-1.297122294e-14
-1.51254774e-14
-1.323284823e-14
-1.239110615e-14
-1.312341397e-14
-1.270683388e-14
-1.199373832e-14
-1.091944032e-14
-1.131143583e-14
-1.264533497e-14
-1.167761716e-14
-1.086877182e-14
-1.291708108e-14
-1.557844563e-14
-1.311656972e-14
-1.241825942e-14
-1.144376074e-14
-1.333519628e-14
-1.650507585e-14
-1.337453125e-14
-1.350487163e-14
-1.549760243e-14
-1.552498365e-14
-1.320251049e-14
-1.340491929e-14
-1.444351757e-14
-1.51960758e-14
-1.307916367e-14
-1.489861446e-14
-1.592771845e-14
-1.283553917e-14
-1.268174243e-14
-1.161261701e-14
-1.250061734e-14
-1.279731499e-14
-1.274798779e-14
-1.270696077e-14
-1.252894591e-14
-1.194887575e-14
-1.176285334e-14
-1.39884128e-14
-1.123862734e-14
-1.319216284e-14
-1.260594946e-14
-1.128852142e-14
-1.350034593e-14
-1.424768963e-14
-1.288378729e-14
-1.124982177e-14
-9.741742844e-15
-9.395197854e-15
-1.030366011e-14
-8.943280992e-15
-1.04611161e-14
-1.248895013e-14
-9.633818649e-15
-9.364194488e-15
-8.154483161e-15
-9.601644277e-15
-1.159068825e-14
-8.220446773e-15
-6.945623234e-15
-9.501444049e-15
-9.811219667e-15
-7.977704397e-15
-8.45014489e-15
-7.160438853e-15
-8.212098128e-15
-9.397651536e-15
-6.76989092e-15
-8.525881131e-15
-9.55904244e-15
-7.485800748e-15
-8.294896329e-15
-7.33329065e-15
-6.314191291e-15
-6.174124423e-15
-4.536252476e-15
-4.49960392e-15
-5.536999165e-15
-6.045974184e-15
-5.230124161e-15
-4.948449496e-15
-4.720829038e-15
-5.589982752e-15
-6.45005589e-15
-6.286271195e-15
-6.0998408e-15
-7.06627943e-15
-7.419388531e-15
-8.147318769e-15
-8.268392095e-15
-7.946915028e-15
-7.978015704e-15
-7.924374514e-15
-9.292273624e-15
-1.012116002e-14
-1.03334287e-14
-1.086106696e-14
-1.045111471e-14
-9.442100275e-15
-9.078172929e-15
-9.515330307e-15
-1.002896988e-14
-9.8331851e-15
-9.177397478e-15
-9.795167241e-15
-1.036869554e-14
-9.65993108e-15
-1.020984647e-14
-1.056072581e-14
-1.082381822e-14
-1.141591008e-14
-1.015967852e-14
-1.090816683e-14
-1.163602937e-14
-1.243331134e-14
-1.209539723e-14
-1.175200909e-14
-1.194853798e-14
-1.227994596e-14
-1.338818166e-14
-1.426630898e-14
-1.331970568e-14
-1.307079215e-14
-1.364673277e-14
-1.359614462e-14
-1.284305785e-14
-1.270255128e-14
-1.294042661e-14
-1.327580871e-14
-1.264302628e-14
-1.149983876e-14
-1.149688729e-14
-1.290033173e-14
-1.339839659e-14
-1.246080575e-14
-1.258589877e-14
-1.329611375e-14
-1.32735917e-14
-1.403289417e-14
-1.311230072e-14
-1.306515314e-14
-1.401818886e-14
-1.192559235e-14
-1.265252017e-14
-1.451444181e-14
-1.453971567e-14
-1.317099105e-14
-1.386506788e-14
-1.558514574e-14
-1.487015979e-14
-1.447904857e-14
-1.404939682e-14
-1.470734244e-14
-1.596812245e-14
-1.550749035e-14
-1.467268646e-14
-1.432312399e-14
-1.531761497e-14
-1.555615255e-14
-1.450283194e-14
-1.342088131e-14
-1.412991808e-14
-1.383827621e-14
-1.43080438e-14
-1.376532087e-14
-1.437538048e-14
-1.463102342e-14
-1.281728183e-14
-1.328507998e-14
-1.289787167e-14
-1.309968761e-14
-1.295580953e-14
-1.251127653e-14
-1.324980707e-14
-1.277070257e-14
-1.20644596e-14
-1.123061611e-14
-1.14067818e-14
-1.323827777e-14
-1.445337096e-14
-1.37542587e-14
-1.22981699e-14
-1.367549889e-14
-1.365435176e-14
-1.108027944e-14
-1.127832391e-14
-1.297730803e-14
-1.389402731e-14
-1.165933569e-14
-1.146961167e-14
-1.193294832e-14
-1.190921913e-14
-1.186748721e-14
-1.344022732e-14
-1.507741614e-14
-1.370628011e-14
-1.267366312e-14
-1.288821099e-14
-1.34263634e-14
-1.521606147e-14
-1.350665305e-14
-1.265003567e-14
-1.31030795e-14
-1.219709403e-14
-1.177344388e-14
-1.101034425e-14
-1.132734262e-14
-1.274234654e-14
-1.169256753e-14
-1.099752572e-14
-1.312582631e-14
-1.553282625e-14
-1.347701532e-14
-1.2822882e-14
-1.121444379e-14
-1.321535507e-14
-1.656646135e-14
-1.352361094e-14
-1.306943609e-14
-1.512640938e-14
-1.530578144e-14
-1.302360271e-14
-1.331680947e-14
-1.432888276e-14
-1.560885848e-14
-1.336220678e-14
-1.486514301e-14
-1.608355522e-14
-1.265696779e-14
-1.251774373e-14
-1.145705381e-14
-1.274268471e-14
-1.292888694e-14
-1.260582258e-14
-1.261681487e-14
-1.23007015e-14
-1.230925297e-14
-1.200904529e-14
-1.394986759e-14
-1.136171767e-14
-1.265186603e-14
-1.266089586e-14
-1.150173645e-14
-1.361353058e-14
-1.428593411e-14
-1.324548554e-14
-1.125068135e-14
-9.006384314e-15
-9.72269552e-15
-1.065693768e-14
-9.086194574e-15
-1.060551838e-14
-1.256319112e-14
-9.461094923e-15
-9.346104377e-15
-8.286611663e-15
-9.340973495e-15
-1.125954238e-14
-8.245634259e-15
-6.961856804e-15
-9.168331654e-15
-9.889692515e-15
-8.008896724e-15
-8.395098103e-15
-7.457106833e-15
-8.648821845e-15
-9.018898571e-15
-6.440133479e-15
-8.859864334e-15
-9.565016793e-15
-7.425650845e-15
-8.191582572e-15
-7.562353339e-15
-6.564839424e-15
-6.314732325e-15
-4.481102893e-15
-4.542703855e-15
-5.356839963e-15
-5.896494628e-15
-5.7215899e-15
-4.914387652e-15
-4.800026671e-15
-5.749411136e-15
-6.501568603e-15
-5.881899729e-15
-5.597150487e-15
-6.918279214e-15
-7.52843382e-15
-8.378786583e-15
-8.430641975e-15
-8.158470811e-15
-8.342618202e-15
-7.942167281e-15
-9.095710453e-15
-1.023697103e-14
-1.035855005e-14
-1.04947439e-14
-1.028813919e-14
-9.528693039e-15
-9.334053976e-15
-9.287967182e-15
-9.597083205e-15
-9.599221174e-15
-9.07307474e-15
-9.733013981e-15
-1.05289701e-14
-9.829750889e-15
-1.021444237e-14
-1.041652147e-14
-1.077291267e-14
-1.15083622e-14
-9.89789139e-15
-1.098142151e-14
-1.161242885e-14
-1.254669814e-14
-1.228100421e-14
-1.195897839e-14
-1.177706927e-14
-1.220196803e-14
-1.327727598e-14
-1.38718312e-14
-1.333068944e-14
-1.330428401e-14
-1.409502803e-14
-1.399172044e-14
-1.251793456e-14
-1.295482252e-14
-1.299882711e-14
-1.300895615e-14
-1.2653841e-14
-1.172450972e-14
-1.186524681e-14
-1.267068433e-14
-1.302332255e-14
-1.245766956e-14
-1.256947759e-14
-1.331305127e-14
-1.341233309e-14
-1.382173968e-14
-1.328263112e-14
-1.294159293e-14
-1.407906993e-14
-1.218398013e-14
-1.255394411e-14
-1.492854605e-14
-1.458388638e-14
-1.300557339e-14
-1.397150287e-14
-1.564656405e-14
-1.489540532e-14
-1.43525918e-14
-1.371204315e-14
-1.503352343e-14
-1.586754786e-14
-1.53456685e-14
-1.448988306e-14
-1.363428674e-14
-1.521522904e-14
-1.613426386e-14
-1.45321275e-14
-1.32981761e-14
-1.429277721e-14
-1.353139009e-14
-1.408139405e-14
-1.404314185e-14
-1.414755672e-14
-1.426843389e-14
-1.330189674e-14
-1.321637626e-14
-1.250395011e-14
-1.309163433e-14
-1.34160578e-14
-1.240820449e-14
-1.313312816e-14
-1.300294165e-14
-1.167626216e-14
-1.105196604e-14
-1.151660206e-14
-1.324729877e-14
-1.465121518e-14
-1.368432689e-14
-1.259607717e-14
-1.36634564e-14
-1.329908281e-14
-1.12511179e-14
-1.175682241e-14
-1.338485394e-14
-1.370526538e-14
-1.094265399e-14
-1.128845876e-14
-1.199608991e-14
-1.222957207e-14
-1.196775321e-14
-1.329448105e-14
-1.497262463e-14
-1.327454975e-14
-1.25880103e-14
-1.32512509e-14
-1.385073189e-14
-1.543701052e-14
-1.35680266e-14
-1.280379736e-14
-1.323948284e-14
-1.187899011e-14
-1.141437852e-14
-1.100935244e-14
-1.114087216e-14
-1.261355077e-14
-1.161127643e-14
-1.15195664e-14
-1.343311987e-14
-1.514036921e-14
-1.373156729e-14
-1.320115025e-14
-1.106392031e-14
-1.31388449e-14
-1.67473289e-14
-1.37759462e-14
-1.301046656e-14
-1.489358013e-14
-1.492838496e-14
-1.329318701e-14
-1.264143699e-14
-1.392286785e-14
-1.587124482e-14
-1.360989256e-14
-1.493962603e-14
-1.641908001e-14
-1.26225667e-14
-1.213934512e-14
-1.119633361e-14
-1.322876288e-14
-1.32544982e-14
-1.231837386e-14
-1.236805243e-14
-1.232984325e-14
-1.272769096e-14
-1.223022755e-14
-1.391645478e-14
-1.161329635e-14
-1.204439515e-14
-1.247232708e-14
-1.130747686e-14
-1.376238176e-14
-1.447039461e-14
-1.353219932e-14
-1.127704468e-14
-8.718121404e-15
-9.815750083e-15
-1.091952623e-14
-9.072425467e-15
-1.073015814e-14
-1.247896883e-14
-9.343181956e-15
-9.373803009e-15
-8.15481796e-15
-9.296994641e-15
-1.122972604e-14
-7.966602096e-15
-6.775523135e-15
-9.019392948e-15
-9.896992682e-15
-8.33038684e-15
-8.669585785e-15
-7.749864144e-15
-8.921460254e-15
-8.610208205e-15
-6.177750723e-15
-8.831588346e-15
-9.508658957e-15
-7.516897519e-15
-8.323881686e-15
-7.862150112e-15
-6.852710868e-15
-6.302996844e-15
-4.64087891e-15
-4.760750354e-15
-5.167724801e-15
-5.682519236e-15
-5.311832988e-15
-4.733491298e-15
-5.046515847e-15
-5.962089499e-15
-6.514932349e-15
-5.838272153e-15
-5.560239351e-15
-7.091094581e-15
-7.540389086e-15
-8.329448516e-15
-8.435465178e-15
-8.224282144e-15
-8.222468137e-15
-7.922795323e-15
-8.998663009e-15
-1.023198781e-14
-1.053052171e-14
-1.022832336e-14
-9.867474235e-15
-9.868730336e-15
-9.546807795e-15
-8.91067757e-15
-9.441364171e-15
-9.337200406e-15
-9.0959395e-15
-9.870653886e-15
-1.044302887e-14
-1.007298702e-14
-1.040027629e-14
-1.014507569e-14
-1.076081623e-14
-1.118347847e-14
-1.029276397e-14
-1.102519859e-14
-1.099046437e-14
-1.220969414e-14
-1.234832946e-14
-1.209495199e-14
-1.184099922e-14
-1.277346051e-14
-1.329007631e-14
-1.359107879e-14
-1.335609955e-14
-1.359148339e-14
-1.426464439e-14
-1.37758487e-14
-1.30499184e-14
-1.315878733e-14
-1.287369937e-14
-1.275196969e-14
-1.27666074e-14
-1.148895506e-14
-1.160188503e-14
-1.301963635e-14
-1.3247452e-14
-1.238236661e-14
-1.224281344e-14
-1.32985229e-14
-1.332480531e-14
-1.371467627e-14
-1.32207003e-14
-1.274296809e-14
-1.458141004e-14
-1.25474409e-14
-1.209129932e-14
-1.464439658e-14
-1.477669516e-14
-1.280528942e-14
-1.418353481e-14
-1.613423458e-14
-1.494997153e-14
-1.43156885e-14
-1.344164387e-14
-1.512934055e-14
-1.571226156e-14
-1.521043488e-14
-1.471143035e-14
-1.305397502e-14
-1.508134237e-14
-1.628140537e-14
-1.481891408e-14
-1.327123946e-14
-1.432126355e-14
-1.330625646e-14
-1.394777904e-14
-1.415280799e-14
-1.398447557e-14
-1.422292142e-14
-1.343187282e-14
-1.295228971e-14
-1.247474806e-14
-1.318991864e-14
-1.316341275e-14
-1.258350581e-14
-1.312506376e-14
-1.274789882e-14
-1.174564684e-14
-1.121490674e-14
-1.188325811e-14
-1.301068036e-14
-1.421267965e-14
-1.396471933e-14
-1.308647181e-14
-1.380355711e-14
-1.298901389e-14
-1.093951431e-14
-1.210380328e-14
-1.368773351e-14
-1.304825073e-14
-1.072065617e-14
-1.160537567e-14
-1.217868188e-14
-1.204904432e-14
-1.224252739e-14
-1.357723551e-14
-1.459726691e-14
-1.281700624e-14
-1.258926699e-14
-1.3702606e-14
-1.411460175e-14
-1.544396269e-14
-1.333084212e-14
-1.29857639e-14
-1.348542912e-14
-1.142757665e-14
-1.113313604e-14
-1.083409116e-14
-1.095198629e-14
-1.263535762e-14
-1.193728046e-14
-1.198608124e-14
-1.36853443e-14
-1.503176469e-14
-1.393981969e-14
-1.355891722e-14
-1.129152033e-14
-1.305770468e-14
-1.632346357e-14
-1.393761989e-14
-1.326443261e-14
-1.506776715e-14
-1.442754959e-14
-1.282947033e-14
-1.215838737e-14
-1.405736734e-14
-1.650429421e-14
-1.31946872e-14
-1.492965158e-14
-1.683450665e-14
-1.310288475e-14
-1.168496287e-14
-1.108319217e-14
-1.338876978e-14
-1.307515405e-14
-1.238611427e-14
-1.221729673e-14
-1.260568719e-14
-1.295103143e-14
-1.23435092e-14
-1.422736812e-14
-1.162692343e-14
-1.143512645e-14
-1.244744841e-14
-1.136078048e-14
-1.344766449e-14
-1.44927942e-14
-1.329152452e-14
-1.146586733e-14
-8.639734141e-15
-1.000462816e-14
-1.136283956e-14
-8.784309581e-15
-1.080706816e-14
-1.248445996e-14
-9.655457709e-15
-9.537516659e-15
-7.525592721e-15
-9.253643863e-15
-1.1183672e-14
-8.059391109e-15
-6.838425219e-15
-8.884064665e-15
-9.62307602e-15
-8.315160085e-15
-9.001447712e-15
-7.878848925e-15
-9.082903e-15
-8.595403093e-15
-6.215191824e-15
-8.394115292e-15
-9.455582455e-15
-7.784814112e-15
-8.329216306e-15
-7.679334233e-15
-7.181784205e-15
-6.214591757e-15
-4.557159405e-15
-4.853314757e-15
-5.206318161e-15
-5.575326928e-15
-5.045050201e-15
-4.723760677e-15
-5.224864431e-15
-5.768546438e-15
-6.321208374e-15
-5.931077909e-15
-5.897005863e-15
-7.15189852e-15
-7.573908408e-15
-8.127825256e-15
-8.20779137e-15
-8.559396778e-15
-7.923953307e-15
-7.601277145e-15
-8.980781173e-15
-1.033576992e-14
-1.093176719e-14
-9.987952791e-15
-9.433860082e-15
-1.006785056e-14
-9.813849782e-15
-9.086614796e-15
-9.256965776e-15
-8.748921377e-15
-9.212496851e-15
-1.005620995e-14
-1.073356897e-14
-1.006284775e-14
-1.057743379e-14
-1.034315205e-14
-1.014346437e-14
-1.061730186e-14
-1.089816453e-14
-1.149471863e-14
-1.042709072e-14
-1.158609104e-14
-1.247882191e-14
-1.195617286e-14
-1.245992563e-14
-1.316903293e-14
-1.347468112e-14
-1.370856422e-14
-1.312825298e-14
-1.350976262e-14
-1.422090655e-14
-1.389994691e-14
-1.312121788e-14
-1.334218073e-14
-1.300541409e-14
-1.225877941e-14
-1.264340141e-14
-1.161440592e-14
-1.163343702e-14
-1.272447469e-14
-1.32523851e-14
-1.267481268e-14
-1.257037088e-14
-1.303291907e-14
-1.303068275e-14
-1.374729871e-14
-1.315391624e-14
-1.293686081e-14
-1.460456663e-14
-1.285857034e-14
-1.213521063e-14
-1.437277785e-14
-1.443374144e-14
-1.310756705e-14
-1.448361399e-14
-1.616069609e-14
-1.483728719e-14
-1.41662675e-14
-1.344247077e-14
-1.484509179e-14
-1.558718327e-14
-1.55154153e-14
-1.479910289e-14
-1.264895131e-14
-1.491682871e-14
-1.648640379e-14
-1.518206739e-14
-1.340848048e-14
-1.411941495e-14
-1.326667793e-14
-1.366466884e-14
-1.444368094e-14
-1.403979535e-14
-1.392589524e-14
-1.314420816e-14
-1.300874084e-14
-1.267314538e-14
-1.310870289e-14
-1.302697439e-14
-1.283798142e-14
-1.322976014e-14
-1.220341925e-14
-1.191624089e-14
-1.14976065e-14
-1.227839743e-14
-1.27793527e-14
-1.361338104e-14
-1.404119091e-14
-1.362929844e-14
-1.395533722e-14
-1.279432224e-14
-1.088026907e-14
-1.213475941e-14
-1.366071181e-14
-1.261297976e-14
-1.08635197e-14
-1.174427582e-14
-1.246366125e-14
-1.20732433e-14
-1.222003769e-14
-1.358733649e-14
-1.424513772e-14
-1.247160614e-14
-1.297731316e-14
-1.376540892e-14
-1.389362369e-14
-1.546843336e-14
-1.339849296e-14
-1.314436452e-14
-1.363211894e-14
-1.079191392e-14
-1.118061397e-14
-1.085769731e-14
-1.093282753e-14
-1.23334302e-14
-1.228743736e-14
-1.232754591e-14
-1.370007732e-14
-1.500055694e-14
-1.459490715e-14
-1.402701807e-14
-1.132856451e-14
-1.273590405e-14
-1.610674956e-14
-1.403583812e-14
-1.335398685e-14
-1.485802597e-14
-1.417335072e-14
-1.296270798e-14
-1.16900953e-14
-1.407666162e-14
-1.687919115e-14
-1.328580398e-14
-1.472137107e-14
-1.663575207e-14
-1.321937257e-14
-1.173225481e-14
-1.10193828e-14
-1.31012671e-14
-1.295803366e-14
-1.256888504e-14
-1.246478976e-14
-1.255698968e-14
-1.327121651e-14
-1.243804443e-14
-1.38734614e-14
-1.158661736e-14
-1.140738114e-14
-1.281976649e-14
-1.120291524e-14
-1.283219023e-14
-1.428943025e-14
-1.33412899e-14
-1.185122513e-14
-8.503978035e-15
-1.035358946e-14
-1.196339479e-14
-8.638156733e-15
-1.068593413e-14
-1.26187856e-14
-9.668356285e-15
-9.341546888e-15
-7.113983753e-15
-9.420863494e-15
-1.117001574e-14
-8.154975971e-15
-6.695259631e-15
-8.344698798e-15
-9.914820328e-15
-8.570522349e-15
-9.186252945e-15
-7.779672482e-15
-8.672785587e-15
-9.134861068e-15
-6.906724303e-15
-7.691154914e-15
-9.113695272e-15
-8.177914487e-15
-7.857232172e-15
-7.577868903e-15
-6.990696875e-15
-5.727011792e-15
-4.763097262e-15
-5.173143668e-15
-5.485578067e-15
-5.215293241e-15
-5.081673885e-15
-4.82762587e-15
-4.953153286e-15
-5.70935352e-15
-6.504904838e-15
-5.592960898e-15
-6.130388658e-15
-6.949283452e-15
-7.379379066e-15
-8.496741867e-15
-7.974641129e-15
-8.383909534e-15
-8.063805359e-15
-7.798944402e-15
-9.208438572e-15
-1.024018939e-14
-1.034813074e-14
-1.011403176e-14
-9.61705813e-15
-9.769106674e-15
-9.816302002e-15
-9.456192937e-15
-9.375291615e-15
-8.846734831e-15
-9.191225054e-15
-1.014851566e-14
-1.090821419e-14
-1.012678081e-14
-1.083113865e-14
-1.016534211e-14
-9.893863366e-15
-1.050693172e-14
-1.121319809e-14
-1.200932923e-14
-9.754288421e-15
-1.091091121e-14
-1.26004502e-14
-1.234223542e-14
-1.284608385e-14
-1.323081776e-14
-1.394341809e-14
-1.352689166e-14
-1.285302276e-14
-1.333178827e-14
-1.403242841e-14
-1.400711812e-14
-1.340839874e-14
-1.350580328e-14
-1.291948682e-14
-1.200409284e-14
-1.266439458e-14
-1.201411908e-14
-1.168807325e-14
-1.203808685e-14
-1.337384063e-14
-1.280039173e-14
-1.28891226e-14
-1.308711259e-14
-1.273757404e-14
-1.353765304e-14
-1.333270354e-14
-1.294492955e-14
-1.438605239e-14
-1.269638898e-14
-1.278007152e-14
-1.439903514e-14
-1.430344156e-14
-1.330460528e-14
-1.429366366e-14
-1.600422672e-14
-1.457873898e-14
-1.40057107e-14
-1.36023217e-14
-1.460835726e-14
-1.560733015e-14
-1.580440408e-14
-1.446193244e-14
-1.339293733e-14
-1.468042614e-14
-1.596654262e-14
-1.549369476e-14
-1.403879786e-14
-1.35342494e-14
-1.32940207e-14
-1.384735931e-14
-1.466191373e-14
-1.381265815e-14
-1.365108784e-14
-1.282189498e-14
-1.32026586e-14
-1.280503015e-14
-1.28722513e-14
-1.301674009e-14
-1.283201472e-14
-1.310503492e-14
-1.222922588e-14
-1.168349714e-14
-1.117303195e-14
-1.244972384e-14
-1.326818675e-14
-1.301837352e-14
-1.351127878e-14
-1.433290217e-14
-1.478988212e-14
-1.265721618e-14
-1.095595106e-14
-1.156407501e-14
-1.320614645e-14
-1.345095507e-14
-1.125172192e-14
-1.142573036e-14
-1.241504017e-14
-1.235981854e-14
-1.20971267e-14
-1.300403904e-14
-1.379057528e-14
-1.303725346e-14
-1.334372923e-14
-1.355316717e-14
-1.363790891e-14
-1.529701867e-14
-1.348103565e-14
-1.296068592e-14
-1.323821799e-14
-1.115314359e-14
-1.17880456e-14
-1.043308949e-14
-1.119334163e-14
-1.258235656e-14
-1.23057574e-14
-1.205657415e-14
-1.312378226e-14
-1.518848029e-14
-1.545945944e-14
-1.397535025e-14
-1.093443653e-14
-1.277277672e-14
-1.634928188e-14
-1.427595883e-14
-1.329714739e-14
-1.433221827e-14
-1.422123802e-14
-1.366986031e-14
-1.136245331e-14
-1.423522327e-14
-1.696990197e-14
-1.341836505e-14
-1.458204339e-14
-1.626342999e-14
-1.295765746e-14
-1.19740159e-14
-1.09293452e-14
-1.312008893e-14
-1.339753623e-14
-1.280182508e-14
-1.253100842e-14
-1.228848494e-14
-1.351602663e-14
-1.270481109e-14
-1.300841088e-14
-1.141956674e-14
-1.135759582e-14
-1.317731297e-14
-1.08738979e-14
-1.279351259e-14
-1.422929624e-14
-1.318448447e-14
-1.17688098e-14
-8.193333909e-15
-1.113013908e-14
-1.279696589e-14
-8.478593553e-15
-1.035466921e-14
-1.278027392e-14
-9.523591476e-15
-9.057285698e-15
-7.444438684e-15
-9.389365053e-15
-1.075819386e-14
-8.395953223e-15
-6.497911338e-15
-8.056447761e-15
-1.036306161e-14
-8.744529089e-15
-9.141701445e-15
-7.590338982e-15
-8.3727783e-15
-9.07302978e-15
-7.111657674e-15
-7.79262092e-15
-9.798375721e-15
-8.600418525e-15
-8.474726728e-15
-7.613393991e-15
-6.6586425e-15
-5.412044064e-15
-5.25086319e-15
-5.248791189e-15
-5.233257393e-15
-4.969401572e-15
-4.980951255e-15
-5.063252546e-15
-5.551997974e-15
-5.895528834e-15
-6.026430562e-15
-5.460492831e-15
-6.273290625e-15
-6.682956827e-15
-7.25827757e-15
-8.589673995e-15
-7.890324462e-15
-8.464241172e-15
-8.27630416e-15
-7.967112963e-15
-9.191784609e-15
-9.942496955e-15
-1.029373349e-14
-9.962813828e-15
-9.53196436e-15
-9.507684137e-15
-1.009077436e-14
-9.819644279e-15
-9.341837628e-15
-8.89271676e-15
-9.663510616e-15
-9.992603228e-15
-1.052012988e-14
-9.938420876e-15
-1.089796156e-14
-1.031084851e-14
-1.04500276e-14
-1.08275255e-14
-1.052685765e-14
-1.196139814e-14
-9.848038843e-15
-1.029528148e-14
-1.242965568e-14
-1.263741888e-14
-1.339452835e-14
-1.34852479e-14
-1.394320271e-14
-1.339649008e-14
-1.317836163e-14
-1.335574283e-14
-1.381907814e-14
-1.355144821e-14
-1.34456761e-14
-1.396748569e-14
-1.275435971e-14
-1.235049133e-14
-1.255274137e-14
-1.242287729e-14
-1.136356688e-14
-1.146989459e-14
-1.379273371e-14
-1.293921092e-14
-1.273104041e-14
-1.33450562e-14
-1.268076775e-14
-1.327056815e-14
-1.312382562e-14
-1.279695724e-14
-1.444438242e-14
-1.25855819e-14
-1.30443939e-14
-1.451960932e-14
-1.400768237e-14
-1.327049842e-14
-1.436697611e-14
-1.582967811e-14
-1.43840038e-14
-1.406058955e-14
-1.359988384e-14
-1.470209429e-14
-1.567706817e-14
-1.549430751e-14
-1.434779526e-14
-1.395228573e-14
-1.501244847e-14
-1.558399803e-14
-1.546191657e-14
-1.437313665e-14
-1.337054605e-14
-1.275967643e-14
-1.378990991e-14
-1.470645795e-14
-1.392875407e-14
-1.379326388e-14
-1.2684947e-14
-1.302650708e-14
-1.297207427e-14
-1.345659042e-14
-1.30876903e-14
-1.248317825e-14
-1.302587356e-14
-1.222643344e-14
-1.135295773e-14
-1.112012203e-14
-1.272698365e-14
-1.357470199e-14
-1.247801942e-14
-1.33266344e-14
-1.444355252e-14
-1.461167446e-14
-1.293732167e-14
-1.150857099e-14
-1.150259909e-14
-1.311818195e-14
-1.366047118e-14
-1.16100409e-14
-1.160273929e-14
-1.243549762e-14
-1.165514094e-14
-1.157937354e-14
-1.291206261e-14
-1.418407513e-14
-1.355659748e-14
-1.329922911e-14
-1.350538362e-14
-1.329892468e-14
-1.492432686e-14
-1.399134437e-14
-1.311865888e-14
-1.291988837e-14
-1.11670255e-14
-1.17631285e-14
-1.058382845e-14
-1.17594656e-14
-1.21502963e-14
-1.219172757e-14
-1.203911011e-14
-1.314362557e-14
-1.510225812e-14
-1.525177121e-14
-1.40434004e-14
-1.126324677e-14
-1.302452053e-14
-1.630718595e-14
-1.450827471e-14
-1.360815468e-14
-1.419754816e-14
-1.384660691e-14
-1.373290352e-14
-1.184969493e-14
-1.452988866e-14
-1.6535769e-14
-1.353761468e-14
-1.419046756e-14
-1.557370217e-14
-1.297599834e-14
-1.216819344e-14
-1.098352043e-14
-1.329574883e-14
-1.359004484e-14
-1.279101696e-14
-1.244837167e-14
-1.205196157e-14
-1.335221208e-14
-1.295984133e-14
-1.330840749e-14
-1.129467227e-14
-1.165071596e-14
-1.352138564e-14
-1.042541407e-14
-1.240756703e-14
-1.417046939e-14
-1.257462811e-14
-1.156407427e-14
-8.254007683e-15
-1.151923179e-14
-1.319135137e-14
-8.656843095e-15
-1.052178939e-14
-1.217210084e-14
-9.356785444e-15
-9.279408776e-15
-7.382926443e-15
-9.612135286e-15
-1.075727837e-14
-8.124565265e-15
-6.852433749e-15
-8.484993437e-15
-1.022105939e-14
-8.883836089e-15
-8.94240562e-15
-7.308301679e-15
-8.369888565e-15
-8.60920653e-15
-7.447025486e-15
-8.408043147e-15
-8.860702085e-15
-8.163148309e-15
-9.193387614e-15
-7.823547528e-15
-6.557684033e-15
-5.523283575e-15
-5.825032262e-15
-5.147749966e-15
-4.926105874e-15
-5.57322423e-15
-4.907132431e-15
-4.837043368e-15
-5.920300829e-15
-5.617363634e-15
-5.413492143e-15
-5.859343004e-15
-6.826538304e-15
-6.366140958e-15
-7.115195136e-15
-8.368757952e-15
-7.83342315e-15
-8.552042767e-15
-7.968924483e-15
-7.900297211e-15
-9.680966595e-15
-1.001609017e-14
-1.002375688e-14
-9.916253582e-15
-9.442030162e-15
-9.441569943e-15
-1.02308704e-14
-9.720118019e-15
-8.878764462e-15
-9.159105856e-15
-9.748523265e-15
-9.979094434e-15
-1.082580609e-14
-9.850502833e-15
-1.091344066e-14
-1.021233965e-14
-1.032760072e-14
-1.077953998e-14
-1.035846102e-14
-1.142257159e-14
-1.059221587e-14
-1.083850988e-14
-1.213461867e-14
-1.27368177e-14
-1.297124766e-14
-1.318523701e-14
-1.387096534e-14
-1.347987394e-14
-1.353997109e-14
-1.338205113e-14
-1.437405748e-14
-1.356093149e-14
-1.278285478e-14
-1.352190985e-14
-1.369495153e-14
-1.248196603e-14
-1.209441206e-14
-1.261978844e-14
-1.126485358e-14
-1.156498881e-14
-1.393565267e-14
-1.28421366e-14
-1.287220604e-14
-1.325200522e-14
-1.254943088e-14
-1.305347962e-14
-1.268312588e-14
-1.281639919e-14
-1.490994614e-14
-1.306322821e-14
-1.322640766e-14
-1.420950871e-14
-1.365433769e-14
-1.318939404e-14
-1.430771112e-14
-1.581643305e-14
-1.473930373e-14
-1.391496108e-14
-1.386682918e-14
-1.500682227e-14
-1.529662242e-14
-1.533438903e-14
-1.48878078e-14
-1.366852523e-14
-1.484929494e-14
-1.5169815e-14
-1.493513548e-14
-1.461673968e-14
-1.378142085e-14
-1.276741825e-14
-1.366434624e-14
-1.458057754e-14
-1.410124585e-14
-1.444517793e-14
-1.281333773e-14
-1.245165817e-14
-1.272574112e-14
-1.377603135e-14
-1.318831814e-14
-1.236451105e-14
-1.268713426e-14
-1.198572526e-14
-1.151083684e-14
-1.158288571e-14
-1.273095932e-14
-1.34934822e-14
-1.261388232e-14
-1.326738948e-14
-1.386734983e-14
-1.427643014e-14
-1.33568001e-14
-1.188776387e-14
-1.167516782e-14
-1.288502206e-14
-1.354338026e-14
-1.210185468e-14
-1.17524329e-14
-1.194928108e-14
-1.148882719e-14
-1.141133164e-14
-1.303847922e-14
-1.46787764e-14
-1.361939347e-14
-1.346710029e-14
-1.320816833e-14
-1.289971666e-14
-1.468930597e-14
-1.416679894e-14
-1.317965771e-14
-1.301997297e-14
-1.140863078e-14
-1.125132312e-14
-1.093180706e-14
-1.234402111e-14
-1.183560723e-14
-1.194026086e-14
-1.242612203e-14
-1.322137703e-14
-1.484728209e-14
-1.482016137e-14
-1.414741481e-14
-1.171769594e-14
-1.305464625e-14
-1.57764239e-14
-1.470578938e-14
-1.414591319e-14
-1.437318753e-14
-1.363620192e-14
-1.365976267e-14
-1.252434792e-14
-1.452248416e-14
-1.575388189e-14
-1.374189374e-14
-1.441793304e-14
-1.502608296e-14
-1.280651427e-14
-1.223842715e-14
-1.159457706e-14
-1.318522634e-14
-1.32712579e-14
-1.299952883e-14
-1.240864189e-14
-1.207988511e-14
-1.316251357e-14
-1.286882405e-14
-1.340553203e-14
-1.142598788e-14
-1.200009472e-14
-1.304260816e-14
-1.016130523e-14
-1.233275204e-14
-1.425955764e-14
-1.238568816e-14
-1.128462802e-14
-8.918993771e-15
-1.179981506e-14
-1.279736662e-14
-9.102694897e-15
-1.080771435e-14
-1.176023325e-14
-9.350352382e-15
-9.3575409e-15
-7.309055249e-15
-9.2125744e-15
-1.070603715e-14
-8.079712382e-15
-6.969140337e-15
-8.87606512e-15
-1.006628208e-14
-8.919255841e-15
-9.311151448e-15
-7.361929174e-15
-7.712782377e-15
-8.01600879e-15
-7.887886323e-15
-8.948503218e-15
-7.854723175e-15
-7.967163037e-15
-8.531574899e-15
-7.661729185e-15
-6.81789028e-15
-5.319051148e-15
-5.804583416e-15
-5.318868025e-15
-4.866132786e-15
-5.13821975e-15
-4.892367859e-15
-5.333352019e-15
-5.830191112e-15
-5.286518074e-15
-5.520668196e-15
-6.559291272e-15
-6.851773271e-15
-5.893182552e-15
-7.087786976e-15
-8.508246301e-15
-7.810057507e-15
-8.451358102e-15
-7.670872881e-15
-7.581480115e-15
-9.887185721e-15
-1.057554779e-14
-1.034720316e-14
-9.502778603e-15
-9.133542106e-15
-9.590624734e-15
-1.011915565e-14
-9.617191558e-15
-8.952018643e-15
-9.059933035e-15
-9.475338784e-15
-1.007672906e-14
-1.079376099e-14
-1.025250956e-14
-1.10919338e-14
-1.009834666e-14
-9.715239365e-15
-1.030304331e-14
-1.111222669e-14
-1.145857203e-14
-1.061508071e-14
-1.130215759e-14
-1.226458136e-14
-1.283193691e-14
-1.257716074e-14
-1.28569958e-14
-1.387199909e-14
-1.351075191e-14
-1.345534022e-14
-1.337145226e-14
-1.436655512e-14
-1.363025875e-14
-1.276121966e-14
-1.393315361e-14
-1.359371024e-14
-1.175077205e-14
-1.191653184e-14
-1.243394271e-14
-1.190640121e-14
-1.149197209e-14
-1.360314567e-14
-1.330845273e-14
-1.274090941e-14
-1.314622259e-14
-1.257747281e-14
-1.353445154e-14
-1.273192503e-14
-1.275490757e-14
-1.510881943e-14
-1.312391061e-14
-1.296151914e-14
-1.373484275e-14
-1.4299859e-14
-1.394754424e-14
-1.372858353e-14
-1.548153219e-14
-1.486860698e-14
-1.362154052e-14
-1.393439052e-14
-1.502039798e-14
-1.515462676e-14
-1.579254068e-14
-1.482786548e-14
-1.338822734e-14
-1.444299315e-14
-1.479332317e-14
-1.500646991e-14
-1.45128136e-14
-1.384783653e-14
-1.367113724e-14
-1.448146838e-14
-1.416699532e-14
-1.340320372e-14
-1.443086922e-14
-1.272784621e-14
-1.218446161e-14
-1.334834654e-14
-1.392219358e-14
-1.256988975e-14
-1.244587596e-14
-1.288754531e-14
-1.206248899e-14
-1.136853076e-14
-1.137148568e-14
-1.291440191e-14
-1.352065327e-14
-1.249414783e-14
-1.341633063e-14
-1.415835258e-14
-1.409138994e-14
-1.303799155e-14
-1.190624481e-14
-1.191891019e-14
-1.334637485e-14
-1.345762969e-14
-1.153780609e-14
-1.172428722e-14
-1.26134228e-14
-1.177238939e-14
-1.117088103e-14
-1.254942222e-14
-1.433979319e-14
-1.373316302e-14
-1.331625558e-14
-1.369399912e-14
-1.336163908e-14
-1.437720354e-14
-1.386794804e-14
-1.30507919e-14
-1.319878892e-14
-1.161583425e-14
-1.090636494e-14
-1.103987945e-14
-1.341452705e-14
-1.235347998e-14
-1.13242755e-14
-1.213873341e-14
-1.279977871e-14
-1.463690032e-14
-1.484507803e-14
-1.353322886e-14
-1.240118418e-14
-1.414462568e-14
-1.552830836e-14
-1.397461794e-14
-1.398046984e-14
-1.357272434e-14
-1.412397226e-14
-1.446101809e-14
-1.238520132e-14
-1.482795601e-14
-1.571011698e-14
-1.317375793e-14
-1.437914225e-14
-1.481164457e-14
-1.26761647e-14
-1.212684301e-14
-1.227318219e-14
-1.390176278e-14
-1.32298318e-14
-1.270966296e-14
-1.24436853e-14
-1.173301867e-14
-1.342453541e-14
-1.324678967e-14
-1.230068042e-14
-1.118021934e-14
-1.278991831e-14
-1.324899646e-14
-1.05880543e-14
-1.240138059e-14
-1.341496129e-14
-1.191136896e-14
-1.111311256e-14
-9.384520402e-15
-1.243630392e-14
-1.287850882e-14
-9.377907277e-15
-1.087430911e-14
-1.146338354e-14
-8.899248848e-15
-8.871203748e-15
-8.407262503e-15
-9.591215697e-15
-9.744649523e-15
-7.903869242e-15
-7.194411759e-15
-8.406894202e-15
-1.011828912e-14
-9.253438502e-15
-8.854683131e-15
-7.546600828e-15
-8.150276804e-15
-8.911302566e-15
-7.33576535e-15
-7.760576669e-15
-8.487250121e-15
-8.994492355e-15
-7.147107667e-15
-7.940372393e-15
-7.134657685e-15
-5.402225234e-15
-5.466181491e-15
-4.87621808e-15
-5.078367801e-15
-4.536943565e-15
-4.422878223e-15
-5.770964755e-15
-5.632513068e-15
-5.938305874e-15
-6.253488882e-15
-6.591167557e-15
-6.508340418e-15
-5.740831009e-15
-7.359953498e-15
-8.1789365e-15
-7.687533384e-15
-8.450778491e-15
-8.041029591e-15
-7.570747046e-15
-9.825955333e-15
-1.020194969e-14
-9.937421894e-15
-9.777238813e-15
-1.000619926e-14
-9.948433476e-15
-9.562997071e-15
-9.449514324e-15
-9.113949178e-15
-9.103076064e-15
-9.524162689e-15
-1.01528328e-14
-1.024161905e-14
-1.073022328e-14
-1.125891138e-14
-9.874078093e-15
-9.574340747e-15
-1.033095076e-14
-1.088746303e-14
-1.159310191e-14
-1.184254092e-14
-1.139150806e-14
-1.163224179e-14
-1.250278373e-14
-1.285621908e-14
-1.272360056e-14
-1.36428659e-14
-1.372579448e-14
-1.275783812e-14
-1.306659879e-14
-1.466177726e-14
-1.379069951e-14
-1.27686971e-14
-1.413863291e-14
-1.345066461e-14
-1.113560073e-14
-1.187250556e-14
-1.245115428e-14
-1.225469622e-14
-1.235914534e-14
-1.313089869e-14
-1.291947916e-14
-1.283926931e-14
-1.275158044e-14
-1.290897654e-14
-1.414317758e-14
-1.294245924e-14
-1.267270394e-14
-1.473012923e-14
-1.308081705e-14
-1.293452568e-14
-1.396288712e-14
-1.423620637e-14
-1.405996682e-14
-1.419324487e-14
-1.504238935e-14
-1.473259677e-14
-1.356689501e-14
-1.415584097e-14
-1.514545963e-14
-1.48783377e-14
-1.550915407e-14
-1.451083215e-14
-1.410003613e-14
-1.497035657e-14
-1.495901321e-14
-1.49961022e-14
-1.442363148e-14
-1.376332775e-14
-1.387221958e-14
-1.430451984e-14
-1.375587957e-14
-1.317315483e-14
-1.378886718e-14
-1.26335718e-14
-1.276656765e-14
-1.34576914e-14
-1.437811943e-14
-1.272456164e-14
-1.171866567e-14
-1.296471895e-14
-1.2959221e-14
-1.114607143e-14
-1.109798977e-14
-1.316963736e-14
-1.379842174e-14
-1.230681737e-14
-1.260866261e-14
-1.428969491e-14
-1.4137253e-14
-1.354587323e-14
-1.174855801e-14
-1.142418152e-14
-1.333844744e-14
-1.413967875e-14
-1.166638527e-14
-1.063893262e-14
-1.24132338e-14
-1.308135736e-14
-1.148439175e-14
-1.20401117e-14
-1.393089431e-14
-1.417711101e-14
-1.305369228e-14
-1.290983251e-14
-1.392011212e-14
-1.522075001e-14
-1.357586264e-14
-1.20763221e-14
-1.264345061e-14
-1.254541659e-14
-1.107982598e-14
-1.05238984e-14
-1.337674695e-14
-1.267347859e-14
-1.200887125e-14
-1.18822818e-14
-1.274914289e-14
-1.475261087e-14
-1.438025483e-14
-1.293960976e-14
-1.308849724e-14
-1.510339927e-14
-1.475052598e-14
-1.326219369e-14
-1.443626309e-14
-1.394298999e-14
-1.331924627e-14
-1.317239759e-14
-1.340664518e-14
-1.608897228e-14
-1.601322512e-14
-1.306049588e-14
-1.338209426e-14
-1.406641927e-14
-1.368672439e-14
-1.235136078e-14
-1.204768454e-14
-1.398379137e-14
-1.36827943e-14
-1.332556425e-14
-1.173829992e-14
-1.126121236e-14
-1.309556756e-14
-1.334752175e-14
-1.218852131e-14
-1.12090944e-14
-1.337670276e-14
-1.276931293e-14
-1.091725667e-14
-1.278619507e-14
-1.270402448e-14
-1.23516108e-14
-1.081430698e-14
-9.56652176e-15
-1.206498712e-14
-1.201346419e-14
-1.033593751e-14
-1.097216375e-14
-1.076498133e-14
-9.746605522e-15
-8.801754804e-15
-8.435137442e-15
-1.014236872e-14
-9.182274844e-15
-8.722853532e-15
-7.328446045e-15
-7.633451188e-15
-9.76911867e-15
-1.000841397e-14
-8.247330258e-15
-7.265201772e-15
-9.002372862e-15
-9.206206267e-15
-7.325703622e-15
-7.318723365e-15
-9.051533742e-15
-8.796049682e-15
-6.696280923e-15
-7.305600985e-15
-7.634370303e-15
-5.97371819e-15
-5.244687426e-15
-4.360601596e-15
-5.71995429e-15
-5.638202708e-15
-3.738458499e-15
-5.570276705e-15
-5.837587463e-15
-5.14371571e-15
-6.210808963e-15
-7.073245915e-15
-6.550742436e-15
-5.763361775e-15
-8.145430672e-15
-7.208444399e-15
-7.126737944e-15
-9.032868651e-15
-7.990976612e-15
-7.422649177e-15
-1.071048717e-14
-1.012870419e-14
-8.789158401e-15
-9.761330081e-15
-1.014494373e-14
-1.044218073e-14
-9.052379246e-15
-9.001340483e-15
-9.070258305e-15
-9.120777847e-15
-1.045190063e-14
-1.06753167e-14
-9.561678941e-15
-1.019021002e-14
-1.094004801e-14
-1.013437715e-14
-1.063472487e-14
-1.088586811e-14
-9.739215848e-15
-1.098024852e-14
-1.268548009e-14
-1.104502996e-14
-1.157283354e-14
-1.299915316e-14
-1.325170192e-14
-1.245575675e-14
-1.32100623e-14
-1.376566552e-14
-1.271859118e-14
-1.318935305e-14
-1.466502163e-14
-1.391983012e-14
-1.278478817e-14
-1.42766638e-14
-1.312557899e-14
-1.095864047e-14
-1.197018499e-14
-1.243099075e-14
-1.229577915e-14
-1.279288778e-14
-1.286327211e-14
-1.239969466e-14
-1.287696144e-14
-1.292675011e-14
-1.345381337e-14
-1.453107654e-14
-1.27013888e-14
-1.238342103e-14
-1.429364134e-14
-1.336098376e-14
-1.338810098e-14
-1.379903505e-14
-1.336475695e-14
-1.467220758e-14
-1.529228783e-14
-1.347645434e-14
-1.360307908e-14
-1.425843431e-14
-1.560260537e-14
-1.520071163e-14
-1.354761103e-14
-1.480720789e-14
-1.499517151e-14
-1.506971183e-14
-1.554339909e-14
-1.490343932e-14
-1.446522047e-14
-1.470185949e-14
-1.428943915e-14
-1.342092362e-14
-1.356357191e-14
-1.385850372e-14
-1.348451594e-14
-1.301573728e-14
-1.29419158e-14
-1.325095503e-14
-1.315173061e-14
-1.418327683e-14
-1.340603701e-14
-1.192139597e-14
-1.202431199e-14
-1.273401312e-14
-1.191809817e-14
-1.195330865e-14
-1.244726466e-14
-1.323645489e-14
-1.303394385e-14
-1.259378574e-14
-1.339059143e-14
-1.422033607e-14
-1.407686677e-14
-1.1635549e-14
-1.12945644e-14
-1.242411106e-14
-1.415928014e-14
-1.283237734e-14
-1.021550197e-14
-1.119430613e-14
-1.365063878e-14
-1.246618649e-14
-1.183380754e-14
-1.372334654e-14
-1.465280022e-14
-1.333266766e-14
-1.232092513e-14
-1.450650024e-14
-1.539229516e-14
-1.286229543e-14
-1.183324857e-14
-1.194805765e-14
-1.281305822e-14
-1.115883037e-14
-1.115171226e-14
-1.333673866e-14
-1.3208127e-14
-1.228991318e-14
-1.11529461e-14
-1.314826558e-14
-1.400401327e-14
-1.371885894e-14
-1.288263047e-14
-1.37632285e-14
-1.547839855e-14
-1.404406739e-14
-1.379164349e-14
-1.409083544e-14
-1.397849445e-14
-1.313623515e-14
-1.2270164e-14
-1.481393538e-14
-1.642201385e-14
-1.532392392e-14
-1.365325185e-14
-1.274786374e-14
-1.329486402e-14
-1.447762306e-14
-1.280678639e-14
-1.212759557e-14
-1.357929996e-14
-1.464291075e-14
-1.367506602e-14
-1.108623649e-14
-1.098443632e-14
-1.302983163e-14
-1.3313505e-14
-1.122601098e-14
-1.202492651e-14
-1.322571601e-14
-1.217903723e-14
-1.263575537e-14
-1.256739073e-14
-1.227360976e-14
-1.264879596e-14
-9.434870727e-15
-1.099508163e-14
-1.262789846e-14
-1.069392604e-14
-1.151098132e-14
-1.074193132e-14
-9.820650218e-15
-1.005669056e-14
-7.701237676e-15
-9.145660335e-15
-1.054610356e-14
-9.021479752e-15
-9.167875836e-15
-7.536965354e-15
-8.108343489e-15
-8.799472187e-15
-9.072635934e-15
-8.701301982e-15
-7.9717398e-15
-8.960807471e-15
-8.808822543e-15
-7.544875972e-15
-7.069929503e-15
-9.051330004e-15
-9.435018348e-15
-6.584281811e-15
-7.389320006e-15
-7.221449243e-15
-5.00321912e-15
-4.573861082e-15
-3.345840524e-15
-5.926900034e-15
-6.874669174e-15
-3.850764162e-15
-5.573288359e-15
-6.591318872e-15
-4.566032236e-15
-5.987109744e-15
-7.956488597e-15
-5.466158348e-15
-5.578684663e-15
-8.019935209e-15
-6.775095862e-15
-7.422793339e-15
-9.708979469e-15
-8.786964993e-15
-7.107800666e-15
-1.090441073e-14
-1.068689073e-14
-8.542666947e-15
-9.097472457e-15
-9.371765743e-15
-1.032528762e-14
-9.209100473e-15
-8.366110816e-15
-8.293443531e-15
-9.990643631e-15
-1.126571091e-14
-1.105210919e-14
-9.186043552e-15
-8.997920295e-15
-1.089848161e-14
-1.149770785e-14
-1.057745897e-14
-1.082399712e-14
-1.00092039e-14
-9.894181927e-15
-1.243270324e-14
-1.141617376e-14
-1.119457575e-14
-1.339266603e-14
-1.39383204e-14
-1.227414369e-14
-1.312688182e-14
-1.307721203e-14
-1.30367564e-14
-1.405498276e-14
-1.422481744e-14
-1.403830101e-14
-1.352169199e-14
-1.344084532e-14
-1.254305641e-14
-1.177801741e-14
-1.212966374e-14
-1.248237963e-14
-1.252351081e-14
-1.203761182e-14
-1.244678951e-14
-1.297108889e-14
-1.293955441e-14
-1.311902712e-14
-1.441454615e-14
-1.375654696e-14
-1.195648747e-14
-1.252960391e-14
-1.283220048e-14
-1.353618139e-14
-1.514817168e-14
-1.336724521e-14
-1.223161078e-14
-1.490345395e-14
-1.681558597e-14
-1.413994753e-14
-1.204676772e-14
-1.469817572e-14
-1.68711276e-14
-1.463409243e-14
-1.318758939e-14
-1.517136228e-14
-1.380279427e-14
-1.582773048e-14
-1.592576004e-14
-1.398762623e-14
-1.455344557e-14
-1.536061122e-14
-1.41010417e-14
-1.211894808e-14
-1.34692943e-14
-1.556503938e-14
-1.450423138e-14
-1.148065389e-14
-1.329018743e-14
-1.39857215e-14
-1.21189696e-14
-1.387750412e-14
-1.460651139e-14
-1.247131363e-14
-1.00614292e-14
-1.140156688e-14
-1.383474614e-14
-1.39254625e-14
-1.061590999e-14
-1.128964488e-14
-1.474770621e-14
-1.340602153e-14
-1.326711243e-14
-1.300592603e-14
-1.290015861e-14
-1.33318172e-14
-1.221148944e-14
-1.169610544e-14
-1.324524789e-14
-1.355025701e-14
-1.109481993e-14
-1.04183141e-14
-1.284195937e-14
-1.332062249e-14
-1.15547219e-14
-1.18631253e-14
-1.480583409e-14
-1.518279646e-14
-1.335023714e-14
-1.490172161e-14
-1.387391317e-14
-1.235958002e-14
-1.219784886e-14
-1.123683789e-14
-1.297164954e-14
-1.113042001e-14
-1.257919984e-14
-1.30938413e-14
-1.251115977e-14
-1.279317897e-14
-1.284556773e-14
-1.289451332e-14
-1.193836614e-14
-1.277902901e-14
-1.270334423e-14
-1.577037063e-14
-1.593225055e-14
-1.318057475e-14
-1.436143194e-14
-1.338615397e-14
-1.298061669e-14
-1.365374598e-14
-1.362785315e-14
-1.70211641e-14
-1.535966129e-14
-1.237022656e-14
-1.532272494e-14
-1.356704215e-14
-1.139684047e-14
-1.343342955e-14
-1.371535403e-14
-1.395891765e-14
-1.245608839e-14
-1.416791668e-14
-1.416086353e-14
-1.150443945e-14
-1.088318553e-14
-1.305602002e-14
-1.331770669e-14
-1.039462999e-14
-1.331406976e-14
-1.252535695e-14
-1.106363408e-14
-1.539608137e-14
-1.20546395e-14
-1.131833087e-14
-1.184090255e-14
-8.361064777e-15
-1.324064537e-14
-1.252415267e-14
-9.977721507e-15
-1.475484208e-14
-1.011853957e-14
-7.531844013e-15
-9.092018323e-15
-6.718698734e-15
-1.251430041e-14
-1.030172822e-14
-5.66505283e-15
-9.300452555e-15
-1.067353315e-14
-8.207326811e-15
-6.667553472e-15
-8.066558442e-15
-9.681429979e-15
-1.052913343e-14
-7.708052562e-15
-7.056356379e-15
-7.549575377e-15
-7.187634904e-15
-1.055413357e-14
-1.055894245e-14
)
;

boundaryField
{
    inlet
    {
        type            cyclic;
    }
    outlet
    {
        type            cyclic;
    }
    topWall
    {
        type            zeroGradient;
    }
    bottomWall
    {
        type            zeroGradient;
    }
    frontAndBack
    {
        type            empty;
    }
}


// ************************************************************************* //
