/*--------------------------------*- C++ -*----------------------------------*\
  =========                 |
  \\      /  F ield         | OpenFOAM: The Open Source CFD Toolbox
   \\    /   O peration     | Website:  https://openfoam.org
    \\  /    A nd           | Version:  10
     \\/     M anipulation  |
\*---------------------------------------------------------------------------*/
FoamFile
{
    format      ascii;
    class       volScalarField;
    location    "1000";
    object      p;
}
// * * * * * * * * * * * * * * * * * * * * * * * * * * * * * * * * * * * * * //

dimensions      [0 2 -2 0 0 0 0];

internalField   nonuniform List<scalar> 
4000
(
-2.66979947e-15
-5.90115274e-15
-5.299093818e-15
-4.792060802e-15
-4.087560835e-15
-3.966015368e-15
-4.341145659e-15
-4.622111131e-15
-4.547504611e-15
-4.663212223e-15
-5.029832616e-15
-5.123048829e-15
-5.134649763e-15
-5.645252189e-15
-6.103949485e-15
-6.014674724e-15
-5.956438741e-15
-6.29516486e-15
-6.455114713e-15
-6.592657801e-15
-7.142002633e-15
-6.633196902e-15
-6.701262567e-15
-8.115525869e-15
-8.738932752e-15
-8.448790013e-15
-8.13677425e-15
-8.390856708e-15
-8.496299332e-15
-7.991286551e-15
-8.439275171e-15
-8.048017836e-15
-8.029386847e-15
-8.403976968e-15
-7.949191297e-15
-8.497456359e-15
-8.23208527e-15
-8.837209182e-15
-9.592073079e-15
-1.002963856e-14
-1.06278132e-14
-1.02534692e-14
-1.007239129e-14
-9.202354955e-15
-1.004904034e-14
-9.916827852e-15
-9.919269584e-15
-1.101154113e-14
-1.090992443e-14
-1.163534507e-14
-1.162088594e-14
-1.072344446e-14
-1.113874942e-14
-1.146073692e-14
-1.082052896e-14
-1.061703214e-14
-1.110757383e-14
-1.023551466e-14
-1.085795168e-14
-1.080303192e-14
-9.69611586e-15
-1.007208848e-14
-9.746608906e-15
-9.014353875e-15
-9.455383825e-15
-1.052558523e-14
-1.020236892e-14
-1.055413624e-14
-1.131526111e-14
-9.984948474e-15
-8.55821849e-15
-1.024714795e-14
-1.121449879e-14
-9.064773054e-15
-9.11462796e-15
-1.153892114e-14
-1.201821296e-14
-1.091556059e-14
-9.318449696e-15
-1.119707468e-14
-1.190297911e-14
-1.036318678e-14
-1.094877666e-14
-1.186787845e-14
-1.202981385e-14
-1.154626174e-14
-1.047772971e-14
-9.961806266e-15
-1.030731834e-14
-1.177188328e-14
-1.211173885e-14
-9.889163486e-15
-9.957221299e-15
-1.211596369e-14
-1.166039926e-14
-1.073508992e-14
-1.223801675e-14
-1.145134499e-14
-9.005953036e-15
-9.313826021e-15
-1.169092519e-14
-1.189811728e-14
-1.03795818e-14
-1.051788998e-14
-1.137318162e-14
-1.213789139e-14
-1.080908829e-14
-1.052583146e-14
-1.25811786e-14
-1.357546782e-14
-1.109940739e-14
-1.055655543e-14
-1.289699461e-14
-1.303278904e-14
-1.268564659e-14
-1.169632303e-14
-1.10401327e-14
-1.367803676e-14
-1.461484115e-14
-1.210422583e-14
-1.131456387e-14
-1.38277968e-14
-1.552197693e-14
-1.470898229e-14
-1.510520921e-14
-1.493087129e-14
-1.479850049e-14
-1.371044685e-14
-1.314041196e-14
-1.592731114e-14
-1.478547825e-14
-1.331747255e-14
-1.422885224e-14
-1.302184558e-14
-1.399677194e-14
-1.429589097e-14
-1.354994822e-14
-1.453431241e-14
-1.533869949e-14
-1.42613062e-14
-1.246686263e-14
-1.283255213e-14
-1.438649871e-14
-1.565710289e-14
-1.536740516e-14
-1.524355161e-14
-1.679036455e-14
-1.507356393e-14
-1.385665324e-14
-1.598051253e-14
-1.667660864e-14
-1.774797349e-14
-1.55495625e-14
-1.386158662e-14
-1.727952592e-14
-1.56493847e-14
-1.218376415e-14
-1.252626804e-14
-1.351473179e-14
-1.599499073e-14
-1.468811599e-14
-1.192187593e-14
-1.279354476e-14
-1.381380627e-14
-1.267062458e-14
-1.180888817e-14
-1.290855433e-14
-1.356346284e-14
-1.494573662e-14
-1.483370063e-14
-1.226922341e-14
-1.315914268e-14
-1.424886481e-14
-1.048556447e-14
-1.235030803e-14
-1.130080977e-14
-1.080074506e-14
-1.176577091e-14
-8.379473104e-15
-1.213935347e-14
-1.105929361e-14
-7.885582776e-15
-1.012557435e-14
-8.621917589e-15
-1.004679019e-14
-1.125321899e-14
-7.060616722e-15
-9.376071894e-15
-1.021590453e-14
-6.31727879e-15
-6.24862192e-15
-8.236551597e-15
-7.357378108e-15
-8.013852375e-15
-9.559448927e-15
-7.281668636e-15
-6.990907421e-15
-5.660750125e-15
-2.664437813e-15
-4.251598032e-15
-4.894218999e-15
-5.856142676e-15
-5.163345649e-15
-4.723531182e-15
-3.945052192e-15
-3.783450087e-15
-4.359205864e-15
-4.714362831e-15
-4.557303779e-15
-4.443830743e-15
-4.98002654e-15
-5.192892485e-15
-5.083261696e-15
-5.705676438e-15
-6.165092051e-15
-6.110764493e-15
-6.022822523e-15
-6.39212853e-15
-6.511660287e-15
-6.454255635e-15
-6.958475629e-15
-6.701900207e-15
-6.960026337e-15
-8.219232009e-15
-8.393471984e-15
-8.294428227e-15
-8.36551818e-15
-8.344338817e-15
-8.285234157e-15
-8.155010194e-15
-8.524345431e-15
-8.225716181e-15
-8.02853252e-15
-8.339395286e-15
-8.058445757e-15
-8.134879666e-15
-8.476442165e-15
-9.031378134e-15
-9.663412191e-15
-1.004226864e-14
-1.013075079e-14
-1.029195973e-14
-1.008400285e-14
-9.553374044e-15
-9.832353281e-15
-9.97448582e-15
-1.014776793e-14
-1.054061096e-14
-1.115848001e-14
-1.160322924e-14
-1.142490432e-14
-1.08184491e-14
-1.109887906e-14
-1.169371988e-14
-1.120053678e-14
-1.033065672e-14
-1.058410228e-14
-1.057838164e-14
-1.074195797e-14
-1.062940282e-14
-9.945909029e-15
-1.013828741e-14
-9.756986834e-15
-9.222485855e-15
-9.586462975e-15
-9.816693261e-15
-1.023621298e-14
-1.088961783e-14
-1.110060868e-14
-9.729441558e-15
-9.250986763e-15
-1.035375553e-14
-1.01581916e-14
-9.743753101e-15
-9.795379886e-15
-1.070449747e-14
-1.171070259e-14
-1.116997407e-14
-1.042469479e-14
-1.054991721e-14
-1.127817909e-14
-1.053888044e-14
-1.101740273e-14
-1.235802205e-14
-1.151718412e-14
-1.082191007e-14
-1.093855007e-14
-1.062761008e-14
-1.089092945e-14
-1.135300695e-14
-1.083299655e-14
-1.043081459e-14
-1.093293008e-14
-1.1245983e-14
-1.148628235e-14
-1.137361009e-14
-1.174975341e-14
-1.116722196e-14
-1.005007928e-14
-9.664447443e-15
-1.044699872e-14
-1.139233458e-14
-1.113749993e-14
-1.142812766e-14
-1.063904671e-14
-1.12554821e-14
-1.121593163e-14
-1.120829173e-14
-1.258162495e-14
-1.26984643e-14
-1.228725118e-14
-1.134225379e-14
-1.155417016e-14
-1.241631621e-14
-1.246683903e-14
-1.247698376e-14
-1.172676924e-14
-1.290056708e-14
-1.38553079e-14
-1.248781454e-14
-1.200884557e-14
-1.394472267e-14
-1.487259086e-14
-1.529960264e-14
-1.488640294e-14
-1.425954673e-14
-1.496390368e-14
-1.393183981e-14
-1.419888615e-14
-1.520976616e-14
-1.467757493e-14
-1.388033375e-14
-1.324796527e-14
-1.373086227e-14
-1.383043374e-14
-1.391381235e-14
-1.417366729e-14
-1.412778539e-14
-1.483885234e-14
-1.407603506e-14
-1.303103433e-14
-1.412372955e-14
-1.440877741e-14
-1.477111174e-14
-1.510810516e-14
-1.440326548e-14
-1.581406136e-14
-1.660645314e-14
-1.591040825e-14
-1.534302214e-14
-1.568929877e-14
-1.686482004e-14
-1.626610935e-14
-1.514034116e-14
-1.511360944e-14
-1.48315243e-14
-1.377454303e-14
-1.365115705e-14
-1.423374056e-14
-1.436008999e-14
-1.324392908e-14
-1.264102395e-14
-1.364452622e-14
-1.36901975e-14
-1.171958432e-14
-1.264647816e-14
-1.35278341e-14
-1.385888604e-14
-1.421120418e-14
-1.289000806e-14
-1.320953792e-14
-1.377340496e-14
-1.380860338e-14
-1.275947037e-14
-1.164592963e-14
-1.026824724e-14
-1.093742361e-14
-1.170117946e-14
-9.859094285e-15
-9.974724049e-15
-1.08422557e-14
-8.92281199e-15
-9.173635881e-15
-1.017054575e-14
-9.98551821e-15
-1.03249097e-14
-8.265802923e-15
-8.039649122e-15
-9.034931572e-15
-7.535138899e-15
-7.621790199e-15
-7.588799784e-15
-7.30889767e-15
-8.764494761e-15
-8.444596403e-15
-6.795187936e-15
-6.858489429e-15
-6.093414584e-15
-4.246828062e-15
-4.513879636e-15
-4.564897351e-15
-5.697600492e-15
-5.198100487e-15
-4.743232715e-15
-3.719444335e-15
-3.547629378e-15
-4.335814937e-15
-4.824443593e-15
-4.670936787e-15
-4.373358798e-15
-5.030108533e-15
-5.185303612e-15
-4.919605362e-15
-5.587697236e-15
-6.329027916e-15
-6.201930202e-15
-6.052346287e-15
-6.482456657e-15
-6.484487641e-15
-6.541488861e-15
-6.827257009e-15
-6.510273988e-15
-7.189712682e-15
-8.604240075e-15
-8.24223076e-15
-8.21634926e-15
-8.334409798e-15
-8.284671254e-15
-8.251923084e-15
-8.082076537e-15
-8.651901138e-15
-8.341649552e-15
-8.18134416e-15
-8.07542794e-15
-8.075554339e-15
-8.322185038e-15
-8.519877286e-15
-8.869094864e-15
-9.585458197e-15
-1.000721118e-14
-1.014724792e-14
-1.048124879e-14
-9.997752992e-15
-9.622777796e-15
-9.604251877e-15
-1.000500588e-14
-1.034809463e-14
-1.031814318e-14
-1.116867632e-14
-1.177782872e-14
-1.138225114e-14
-1.081738763e-14
-1.115304916e-14
-1.158661124e-14
-1.123655542e-14
-1.031048827e-14
-1.056872907e-14
-1.082837215e-14
-1.027709307e-14
-1.051364436e-14
-1.032229644e-14
-9.894438533e-15
-9.672885299e-15
-9.603808712e-15
-9.458800065e-15
-9.483978064e-15
-1.055569323e-14
-1.101091928e-14
-1.061129221e-14
-9.884775705e-15
-9.839634157e-15
-1.011113701e-14
-9.640847867e-15
-1.023171305e-14
-1.055279305e-14
-1.006936711e-14
-1.114624773e-14
-1.159140904e-14
-1.09798983e-14
-9.94149161e-15
-1.093382196e-14
-1.107109296e-14
-1.124218615e-14
-1.200137194e-14
-1.105665944e-14
-1.026268856e-14
-1.155414492e-14
-1.151454806e-14
-1.070077699e-14
-1.088552689e-14
-1.040637521e-14
-1.096979104e-14
-1.114931249e-14
-1.089376254e-14
-1.174258116e-14
-1.171706911e-14
-1.137076995e-14
-1.075415617e-14
-1.056054599e-14
-1.018357693e-14
-9.834026574e-15
-1.09158146e-14
-1.113194925e-14
-1.188031066e-14
-1.092357815e-14
-1.06484384e-14
-1.14200437e-14
-1.150634541e-14
-1.238084062e-14
-1.206242579e-14
-1.282343931e-14
-1.244632317e-14
-1.073145826e-14
-1.199419443e-14
-1.262915507e-14
-1.22096464e-14
-1.262953655e-14
-1.266011585e-14
-1.250168145e-14
-1.290122224e-14
-1.277870237e-14
-1.41513741e-14
-1.453068579e-14
-1.524419119e-14
-1.464225945e-14
-1.448608978e-14
-1.510274973e-14
-1.398498358e-14
-1.491998536e-14
-1.465314354e-14
-1.402776564e-14
-1.40759089e-14
-1.352084758e-14
-1.4018409e-14
-1.370925248e-14
-1.330631513e-14
-1.46075912e-14
-1.397629326e-14
-1.391478225e-14
-1.47876786e-14
-1.400455968e-14
-1.431955744e-14
-1.405413146e-14
-1.433926266e-14
-1.463134942e-14
-1.404823828e-14
-1.557499525e-14
-1.709159241e-14
-1.705093647e-14
-1.546072148e-14
-1.555606542e-14
-1.580293542e-14
-1.59585248e-14
-1.587171905e-14
-1.464632616e-14
-1.441675831e-14
-1.475775466e-14
-1.422443142e-14
-1.433482091e-14
-1.33115872e-14
-1.237624234e-14
-1.338268829e-14
-1.371175802e-14
-1.320769499e-14
-1.24904759e-14
-1.315964183e-14
-1.368645217e-14
-1.361411142e-14
-1.283208683e-14
-1.247204089e-14
-1.425562548e-14
-1.408004886e-14
-1.237982853e-14
-1.385743495e-14
-1.311662515e-14
-1.000807694e-14
-1.038598517e-14
-1.101386281e-14
-1.071404512e-14
-9.375299772e-15
-1.019140301e-14
-9.874386758e-15
-8.33931677e-15
-1.064279757e-14
-1.0419033e-14
-8.85185032e-15
-9.293444092e-15
-8.96391918e-15
-8.148737594e-15
-7.483901857e-15
-8.167447294e-15
-7.609828524e-15
-7.464711334e-15
-8.750995368e-15
-7.530548448e-15
-6.243720694e-15
-7.623203011e-15
-6.691595105e-15
-5.590419353e-15
-4.707498196e-15
-4.403503856e-15
-5.730646388e-15
-5.261473507e-15
-4.662540734e-15
-3.721676242e-15
-3.49317452e-15
-4.062292581e-15
-4.800867324e-15
-4.649364254e-15
-4.339328359e-15
-5.204879043e-15
-5.278570443e-15
-5.006580596e-15
-5.354660139e-15
-6.224041223e-15
-6.358719941e-15
-5.998868798e-15
-6.526510217e-15
-6.414455405e-15
-6.573991743e-15
-6.846422357e-15
-6.623637101e-15
-6.972145614e-15
-8.776636196e-15
-8.31495665e-15
-8.228815768e-15
-8.305892349e-15
-8.238350254e-15
-8.401537781e-15
-7.888142972e-15
-8.707308991e-15
-8.505761098e-15
-8.477487744e-15
-7.862411324e-15
-7.942386713e-15
-8.588195943e-15
-8.40551763e-15
-8.537851364e-15
-9.48244358e-15
-1.039299993e-14
-1.034910981e-14
-1.043525077e-14
-9.871919641e-15
-9.971474055e-15
-9.467450014e-15
-9.703379339e-15
-1.02539881e-14
-1.043476047e-14
-1.137445397e-14
-1.195985648e-14
-1.118551471e-14
-1.083256231e-14
-1.095439983e-14
-1.13756034e-14
-1.109860189e-14
-1.041323204e-14
-1.09747259e-14
-1.078096598e-14
-1.017440042e-14
-1.052960211e-14
-1.019058332e-14
-9.345299239e-15
-9.623048239e-15
-1.005161306e-14
-9.436394808e-15
-9.481626537e-15
-1.081144938e-14
-1.061371441e-14
-1.052151237e-14
-1.057042345e-14
-9.749247495e-15
-9.386052402e-15
-9.882372158e-15
-1.053582352e-14
-1.086259546e-14
-1.005512377e-14
-1.061426886e-14
-1.196305066e-14
-1.096802527e-14
-9.588789227e-15
-1.077517454e-14
-1.155433071e-14
-1.143499122e-14
-1.128096404e-14
-1.09823743e-14
-1.058403528e-14
-1.145808209e-14
-1.174755145e-14
-1.056899874e-14
-1.055729128e-14
-1.074501578e-14
-1.104042295e-14
-1.083637973e-14
-1.127922723e-14
-1.214198858e-14
-1.185750256e-14
-1.062105233e-14
-1.050073868e-14
-1.105796888e-14
-1.055997759e-14
-9.526805955e-15
-1.067003315e-14
-1.118776399e-14
-1.156136748e-14
-1.160940786e-14
-1.051295489e-14
-1.126794498e-14
-1.178763191e-14
-1.207529983e-14
-1.188338824e-14
-1.275203033e-14
-1.282655786e-14
-1.083963919e-14
-1.165903921e-14
-1.274130464e-14
-1.215013572e-14
-1.296499923e-14
-1.237949023e-14
-1.156722399e-14
-1.332539925e-14
-1.354956891e-14
-1.399624468e-14
-1.417827427e-14
-1.520463496e-14
-1.488355915e-14
-1.472959952e-14
-1.476950856e-14
-1.456027844e-14
-1.474353767e-14
-1.391478891e-14
-1.394199307e-14
-1.432760377e-14
-1.419476402e-14
-1.37961394e-14
-1.328276348e-14
-1.309554734e-14
-1.460810397e-14
-1.422314852e-14
-1.360183477e-14
-1.520727215e-14
-1.506813498e-14
-1.386144377e-14
-1.344312353e-14
-1.410059864e-14
-1.398476013e-14
-1.478354878e-14
-1.590899527e-14
-1.647013654e-14
-1.707951595e-14
-1.618827162e-14
-1.575366411e-14
-1.498404155e-14
-1.574124448e-14
-1.607542484e-14
-1.45335761e-14
-1.476862529e-14
-1.546838333e-14
-1.422679229e-14
-1.374323508e-14
-1.27575373e-14
-1.255445635e-14
-1.367075063e-14
-1.33119959e-14
-1.326302996e-14
-1.40004792e-14
-1.321309302e-14
-1.242219517e-14
-1.30516161e-14
-1.246156448e-14
-1.338950397e-14
-1.439458981e-14
-1.384553431e-14
-1.249742784e-14
-1.361420544e-14
-1.351233318e-14
-1.108969704e-14
-1.015603344e-14
-9.786131103e-15
-1.105312041e-14
-9.704335484e-15
-9.524458149e-15
-1.059118628e-14
-8.810035676e-15
-9.579480867e-15
-1.032719825e-14
-8.782425129e-15
-9.641804929e-15
-9.682498986e-15
-8.092484771e-15
-7.881811647e-15
-7.836673113e-15
-7.225633439e-15
-7.652524295e-15
-8.037432998e-15
-6.966175521e-15
-7.106154018e-15
-7.828982843e-15
-6.82810744e-15
-6.892587629e-15
-4.863958778e-15
-4.589980139e-15
-5.936996457e-15
-5.428811318e-15
-4.690456341e-15
-3.489075402e-15
-3.331439076e-15
-4.25330294e-15
-4.878301786e-15
-4.428364121e-15
-4.243799652e-15
-5.034554716e-15
-5.279463689e-15
-5.229824631e-15
-5.443325051e-15
-6.185629943e-15
-6.433219825e-15
-6.355396146e-15
-6.489662884e-15
-6.349678097e-15
-6.523665727e-15
-6.678249375e-15
-6.738227435e-15
-7.094796872e-15
-8.781167271e-15
-8.414118445e-15
-8.179769066e-15
-8.592281754e-15
-8.255097512e-15
-8.434126804e-15
-7.581948033e-15
-8.587989532e-15
-8.641539038e-15
-8.273928456e-15
-7.783021516e-15
-8.080721483e-15
-8.735776615e-15
-8.234962045e-15
-8.438994714e-15
-9.604954214e-15
-1.056658671e-14
-1.027573489e-14
-1.052214602e-14
-9.890136297e-15
-1.017476982e-14
-9.88091762e-15
-9.350863247e-15
-9.918141401e-15
-1.035832378e-14
-1.145635524e-14
-1.221441014e-14
-1.135170482e-14
-1.103649778e-14
-1.07902428e-14
-1.118477251e-14
-1.105259339e-14
-1.051541243e-14
-1.099464854e-14
-1.073734858e-14
-1.003881507e-14
-1.037943425e-14
-1.01684526e-14
-9.310709638e-15
-9.791842861e-15
-9.835527557e-15
-9.477762414e-15
-9.551448077e-15
-1.098288721e-14
-1.020913443e-14
-1.063879492e-14
-1.116452011e-14
-9.292249264e-15
-8.977038949e-15
-1.01436129e-14
-1.059356322e-14
-1.084851845e-14
-1.022556088e-14
-1.0316308e-14
-1.188018924e-14
-1.122099625e-14
-9.697273945e-15
-1.043207181e-14
-1.157514521e-14
-1.161513224e-14
-1.102131114e-14
-1.143650474e-14
-1.130921856e-14
-1.075636174e-14
-1.173731128e-14
-1.090051819e-14
-1.009232239e-14
-1.095075006e-14
-1.127601586e-14
-1.053364517e-14
-1.138217457e-14
-1.240885937e-14
-1.208354559e-14
-9.785736632e-15
-1.012508889e-14
-1.151974091e-14
-1.121170187e-14
-9.32489403e-15
-1.031729544e-14
-1.14981485e-14
-1.127878197e-14
-1.216647844e-14
-1.047524353e-14
-1.060530803e-14
-1.202075098e-14
-1.248315101e-14
-1.199062499e-14
-1.245891938e-14
-1.250454197e-14
-1.160224578e-14
-1.121368808e-14
-1.22652994e-14
-1.284850078e-14
-1.277691118e-14
-1.181849754e-14
-1.165722046e-14
-1.346012076e-14
-1.38671695e-14
-1.351600754e-14
-1.397557835e-14
-1.548155925e-14
-1.537418317e-14
-1.4522493e-14
-1.438501386e-14
-1.56316563e-14
-1.411601094e-14
-1.273012943e-14
-1.440440228e-14
-1.507026431e-14
-1.443509469e-14
-1.379591667e-14
-1.307581884e-14
-1.293777867e-14
-1.377301889e-14
-1.466839431e-14
-1.412059679e-14
-1.492279274e-14
-1.585068401e-14
-1.36819197e-14
-1.260629855e-14
-1.339039611e-14
-1.388185626e-14
-1.588735042e-14
-1.634116575e-14
-1.595652479e-14
-1.641235663e-14
-1.690171163e-14
-1.589711976e-14
-1.432470301e-14
-1.64140321e-14
-1.603309995e-14
-1.39238799e-14
-1.508281839e-14
-1.601654007e-14
-1.434289282e-14
-1.36375757e-14
-1.211228491e-14
-1.250358045e-14
-1.376544372e-14
-1.344982367e-14
-1.396781565e-14
-1.428726878e-14
-1.310978009e-14
-1.122194046e-14
-1.245970741e-14
-1.30938374e-14
-1.433652276e-14
-1.382987832e-14
-1.346632994e-14
-1.359668012e-14
-1.319343794e-14
-1.250277854e-14
-1.231680895e-14
-1.033413265e-14
-8.428466025e-15
-1.121312556e-14
-9.831198988e-15
-9.212681691e-15
-1.129236252e-14
-9.854283289e-15
-9.174199899e-15
-9.287376511e-15
-8.869705614e-15
-9.99219556e-15
-8.909921648e-15
-8.193612315e-15
-9.35178915e-15
-7.81278612e-15
-6.819549449e-15
-7.963601593e-15
-7.115209886e-15
-6.277798516e-15
-8.244787287e-15
-7.44608364e-15
-6.701944551e-15
-7.907124257e-15
-4.81326756e-15
-5.212587719e-15
-6.316563483e-15
-5.56386565e-15
-4.783388401e-15
-3.299490904e-15
-3.161445296e-15
-4.610759685e-15
-4.929218651e-15
-4.097100695e-15
-4.375891557e-15
-5.04048767e-15
-5.055941818e-15
-5.093005472e-15
-5.592004581e-15
-6.32457247e-15
-6.544132001e-15
-6.549655784e-15
-6.378470418e-15
-6.102896183e-15
-6.865453047e-15
-6.551288137e-15
-6.406886145e-15
-7.300033268e-15
-8.573432881e-15
-8.617108487e-15
-8.425867197e-15
-8.785477305e-15
-8.445815785e-15
-8.089654139e-15
-7.383941979e-15
-8.653179659e-15
-8.736135377e-15
-8.110527543e-15
-7.790638375e-15
-8.228282221e-15
-8.713567004e-15
-8.181173337e-15
-8.279058295e-15
-9.74303717e-15
-1.068359075e-14
-1.031725883e-14
-1.040451413e-14
-9.827026919e-15
-1.02240174e-14
-9.910353171e-15
-9.846943621e-15
-9.674880212e-15
-1.009514054e-14
-1.159297534e-14
-1.206869018e-14
-1.122773387e-14
-1.141213798e-14
-1.125104841e-14
-1.093548033e-14
-1.081598855e-14
-1.095647847e-14
-1.078848753e-14
-1.042391518e-14
-1.034265178e-14
-1.028072605e-14
-9.739996044e-15
-9.491694899e-15
-1.00788113e-14
-9.820621823e-15
-9.235520657e-15
-9.752453648e-15
-1.105807935e-14
-1.022591488e-14
-1.068665373e-14
-1.10159629e-14
-9.401296428e-15
-8.760624293e-15
-9.947885293e-15
-1.071302221e-14
-1.093818727e-14
-1.025154992e-14
-1.031327118e-14
-1.190369806e-14
-1.121007576e-14
-9.672590638e-15
-9.995614902e-15
-1.161505616e-14
-1.212199425e-14
-1.104424192e-14
-1.124512017e-14
-1.151629683e-14
-1.081490953e-14
-1.168734608e-14
-1.078886098e-14
-9.804367878e-15
-1.099946464e-14
-1.123529824e-14
-1.072840534e-14
-1.171406491e-14
-1.23680964e-14
-1.216732551e-14
-9.645920103e-15
-9.824472207e-15
-1.168857844e-14
-1.166356066e-14
-9.120221241e-15
-1.006450093e-14
-1.151552281e-14
-1.163259509e-14
-1.186037564e-14
-1.047828787e-14
-1.061409302e-14
-1.215841164e-14
-1.245487204e-14
-1.209757413e-14
-1.230292782e-14
-1.233058978e-14
-1.213866381e-14
-1.103288702e-14
-1.160747778e-14
-1.324113958e-14
-1.311891056e-14
-1.156618367e-14
-1.200433586e-14
-1.296128296e-14
-1.331851108e-14
-1.361912061e-14
-1.417759889e-14
-1.570461065e-14
-1.579197872e-14
-1.444187299e-14
-1.434882386e-14
-1.567997921e-14
-1.404987717e-14
-1.241273319e-14
-1.464546678e-14
-1.516637711e-14
-1.47073025e-14
-1.351526508e-14
-1.263188381e-14
-1.32487625e-14
-1.374396019e-14
-1.451905731e-14
-1.402897436e-14
-1.468314071e-14
-1.622927763e-14
-1.405945805e-14
-1.221915873e-14
-1.296788548e-14
-1.447149178e-14
-1.623014934e-14
-1.588970419e-14
-1.572773053e-14
-1.643626987e-14
-1.717078557e-14
-1.521808919e-14
-1.476931716e-14
-1.664719276e-14
-1.596255741e-14
-1.379160719e-14
-1.509385131e-14
-1.63307612e-14
-1.432789403e-14
-1.350667611e-14
-1.156698158e-14
-1.289421077e-14
-1.384700053e-14
-1.357313023e-14
-1.428921086e-14
-1.445044061e-14
-1.274733017e-14
-1.093945363e-14
-1.26242132e-14
-1.321228944e-14
-1.480614889e-14
-1.341088443e-14
-1.305366875e-14
-1.399496127e-14
-1.337918474e-14
-1.197124666e-14
-1.258573007e-14
-1.082316473e-14
-8.06100681e-15
-1.053430347e-14
-9.95171947e-15
-9.672868121e-15
-1.165935495e-14
-1.009164345e-14
-8.688817441e-15
-8.760746791e-15
-9.518182064e-15
-1.049162914e-14
-7.712980683e-15
-7.961012924e-15
-1.020775512e-14
-7.826115154e-15
-6.518945211e-15
-8.16866738e-15
-7.03512867e-15
-6.769602872e-15
-8.381369919e-15
-6.519559543e-15
-6.614374407e-15
-8.232463812e-15
-5.437806649e-15
-5.98522307e-15
-6.407475745e-15
-5.46341276e-15
-4.641106539e-15
-3.5327306e-15
-3.280204316e-15
-4.734220885e-15
-4.727921027e-15
-3.980370677e-15
-4.591006853e-15
-4.83705719e-15
-5.239039608e-15
-4.941034579e-15
-5.47452118e-15
-5.966163852e-15
-6.738327941e-15
-6.567253134e-15
-6.383723136e-15
-6.210244632e-15
-6.971751098e-15
-6.351455865e-15
-6.053519433e-15
-7.493279806e-15
-8.69837899e-15
-8.73561781e-15
-8.87217697e-15
-8.942012389e-15
-8.415793177e-15
-7.847810574e-15
-7.292597014e-15
-8.8661196e-15
-8.785076514e-15
-7.740506539e-15
-7.999305713e-15
-8.625349621e-15
-8.23399801e-15
-8.326348043e-15
-8.549818594e-15
-9.66166821e-15
-1.070555809e-14
-1.037778944e-14
-1.01588952e-14
-9.70770855e-15
-9.892001107e-15
-9.665801243e-15
-1.022084117e-14
-9.936077197e-15
-9.637613389e-15
-1.193838082e-14
-1.223316132e-14
-1.087468637e-14
-1.119499728e-14
-1.164075475e-14
-1.088688673e-14
-1.06485775e-14
-1.117581073e-14
-1.086510648e-14
-1.051557976e-14
-1.057693261e-14
-9.882481998e-15
-9.17442988e-15
-9.886077529e-15
-1.050245933e-14
-9.81457666e-15
-9.151765189e-15
-9.868839697e-15
-1.059704101e-14
-1.046779289e-14
-1.082306281e-14
-1.045352624e-14
-9.436668928e-15
-9.112393239e-15
-9.827999949e-15
-1.090828813e-14
-1.122312093e-14
-9.719479108e-15
-1.023824955e-14
-1.19064397e-14
-1.111851438e-14
-1.015655038e-14
-1.025718487e-14
-1.122188499e-14
-1.208142614e-14
-1.129006072e-14
-1.091770896e-14
-1.143008417e-14
-1.100987346e-14
-1.129205666e-14
-1.108750702e-14
-9.881089504e-15
-1.080187799e-14
-1.103223887e-14
-1.101157063e-14
-1.15878644e-14
-1.220877375e-14
-1.25089226e-14
-1.037653485e-14
-9.997003164e-15
-1.093582937e-14
-1.145938605e-14
-1.003755824e-14
-9.993245742e-15
-1.140086656e-14
-1.195908082e-14
-1.126386095e-14
-1.039377526e-14
-1.112018669e-14
-1.181608853e-14
-1.224575924e-14
-1.256218283e-14
-1.209492966e-14
-1.263505118e-14
-1.237623578e-14
-1.095270424e-14
-1.129645211e-14
-1.305693385e-14
-1.345962234e-14
-1.17359756e-14
-1.218932351e-14
-1.264219994e-14
-1.260068814e-14
-1.362422313e-14
-1.472145095e-14
-1.597207142e-14
-1.56860198e-14
-1.438577982e-14
-1.429121551e-14
-1.499419538e-14
-1.462165428e-14
-1.343442875e-14
-1.444912589e-14
-1.498550192e-14
-1.439378264e-14
-1.33578751e-14
-1.2362132e-14
-1.318827342e-14
-1.450387471e-14
-1.359228018e-14
-1.341286746e-14
-1.48483099e-14
-1.651111273e-14
-1.416848226e-14
-1.272603154e-14
-1.266505342e-14
-1.502191216e-14
-1.659831663e-14
-1.540925991e-14
-1.559404877e-14
-1.689190611e-14
-1.693735138e-14
-1.461912113e-14
-1.468228947e-14
-1.634384429e-14
-1.622012204e-14
-1.414479279e-14
-1.519512182e-14
-1.647384525e-14
-1.41536371e-14
-1.337155404e-14
-1.18699894e-14
-1.316467542e-14
-1.380119339e-14
-1.328053552e-14
-1.394417403e-14
-1.433489145e-14
-1.263611931e-14
-1.15658429e-14
-1.371282769e-14
-1.2911966e-14
-1.437933131e-14
-1.355235225e-14
-1.207824282e-14
-1.380131676e-14
-1.376014994e-14
-1.210006031e-14
-1.265003448e-14
-1.099429839e-14
-8.33778558e-15
-1.000707804e-14
-9.594941843e-15
-1.038836368e-14
-1.187557078e-14
-9.646524182e-15
-8.543430044e-15
-8.836512834e-15
-9.994305519e-15
-1.066415226e-14
-7.159330331e-15
-7.425964098e-15
-1.003651739e-14
-8.268883972e-15
-6.4352941e-15
-8.2246918e-15
-7.18297352e-15
-7.288701153e-15
-7.816276372e-15
-5.920496794e-15
-7.09196815e-15
-8.350035952e-15
-5.834518153e-15
-6.464176704e-15
-6.853185475e-15
-5.243136295e-15
-4.233321848e-15
-3.647638877e-15
-3.373876859e-15
-4.51559526e-15
-4.763723882e-15
-4.467999732e-15
-4.678658685e-15
-4.842785891e-15
-5.055238855e-15
-5.114200814e-15
-5.505205544e-15
-5.600281659e-15
-6.344716115e-15
-6.716167262e-15
-6.245314162e-15
-6.349608434e-15
-6.841286691e-15
-6.109678988e-15
-6.344069766e-15
-7.700774392e-15
-8.784100736e-15
-8.764595498e-15
-8.905304707e-15
-9.316595825e-15
-8.369354874e-15
-7.440013155e-15
-7.560851231e-15
-9.01214971e-15
-8.407305851e-15
-7.773402892e-15
-8.260766446e-15
-8.516514086e-15
-8.088785186e-15
-8.751352202e-15
-8.879731667e-15
-9.564307586e-15
-1.06349178e-14
-9.790941209e-15
-9.969844221e-15
-9.876401437e-15
-1.001447449e-14
-9.874854678e-15
-1.006488103e-14
-9.793526711e-15
-9.340275793e-15
-1.204142798e-14
-1.262352014e-14
-1.079793044e-14
-1.113968084e-14
-1.178317833e-14
-1.101673924e-14
-1.054286513e-14
-1.076041156e-14
-1.080112499e-14
-1.106325491e-14
-1.071133525e-14
-9.086694115e-15
-8.933741693e-15
-1.022556946e-14
-1.086402707e-14
-1.000449738e-14
-8.987453396e-15
-1.003826622e-14
-1.042848232e-14
-1.063008452e-14
-1.06149572e-14
-9.548332297e-15
-9.81355008e-15
-9.081547347e-15
-9.725603991e-15
-1.103212086e-14
-1.125063788e-14
-9.758398059e-15
-1.026215861e-14
-1.169602386e-14
-1.104425256e-14
-1.082009737e-14
-1.04130974e-14
-1.107483894e-14
-1.19731818e-14
-1.122670574e-14
-1.092763256e-14
-1.149835522e-14
-1.125016376e-14
-1.117767149e-14
-1.094586294e-14
-9.811660143e-15
-1.049815167e-14
-1.079496723e-14
-1.139519851e-14
-1.127789084e-14
-1.183417793e-14
-1.268561292e-14
-1.091830061e-14
-1.033440216e-14
-1.057132339e-14
-1.141309963e-14
-1.071807725e-14
-1.004384545e-14
-1.140438573e-14
-1.200994678e-14
-1.113821293e-14
-1.029799785e-14
-1.086857446e-14
-1.163804143e-14
-1.270405741e-14
-1.274865629e-14
-1.215291319e-14
-1.258919325e-14
-1.241031892e-14
-1.119320576e-14
-1.088482185e-14
-1.285670728e-14
-1.396717337e-14
-1.195078379e-14
-1.190422075e-14
-1.243212611e-14
-1.252325037e-14
-1.308063878e-14
-1.504123993e-14
-1.650248984e-14
-1.535299831e-14
-1.41664848e-14
-1.375992941e-14
-1.472286836e-14
-1.513488861e-14
-1.420877601e-14
-1.414549694e-14
-1.489134461e-14
-1.43954137e-14
-1.348746246e-14
-1.232782141e-14
-1.304236588e-14
-1.446769366e-14
-1.32388222e-14
-1.291526336e-14
-1.492314833e-14
-1.691889285e-14
-1.422112331e-14
-1.31562056e-14
-1.275445679e-14
-1.488782258e-14
-1.712299714e-14
-1.499760114e-14
-1.526381594e-14
-1.703450597e-14
-1.690999182e-14
-1.461320166e-14
-1.447924968e-14
-1.62666005e-14
-1.63513681e-14
-1.395623358e-14
-1.563870507e-14
-1.690439136e-14
-1.416214147e-14
-1.331225374e-14
-1.190887939e-14
-1.312530971e-14
-1.361956972e-14
-1.344441533e-14
-1.339844798e-14
-1.374875478e-14
-1.255094083e-14
-1.232401906e-14
-1.470737669e-14
-1.213253338e-14
-1.405423267e-14
-1.356457137e-14
-1.162641912e-14
-1.390084148e-14
-1.422005894e-14
-1.255023801e-14
-1.230956774e-14
-1.075008116e-14
-9.013285593e-15
-1.022074849e-14
-9.074335481e-15
-1.039266341e-14
-1.229253107e-14
-9.408644113e-15
-9.074602818e-15
-8.285067397e-15
-9.617550577e-15
-1.105590723e-14
-7.126436988e-15
-6.654786638e-15
-9.612170691e-15
-8.816150635e-15
-6.890162402e-15
-8.088265118e-15
-6.52624548e-15
-7.593466908e-15
-8.088601867e-15
-5.955420148e-15
-7.295220143e-15
-8.123299129e-15
-6.159429418e-15
-6.762512859e-15
-6.70900703e-15
-5.046301223e-15
-4.783388236e-15
-3.582056416e-15
-3.389629098e-15
-4.55662262e-15
-4.947313547e-15
-4.619770473e-15
-4.562181616e-15
-4.784912644e-15
-4.84744651e-15
-5.397154809e-15
-5.547086878e-15
-5.377796371e-15
-6.240372779e-15
-6.669143862e-15
-6.684008792e-15
-6.548575589e-15
-6.368974163e-15
-5.995993822e-15
-6.749246879e-15
-7.827693224e-15
-8.59473623e-15
-8.936076771e-15
-9.014158162e-15
-9.314198874e-15
-8.026119117e-15
-7.289185669e-15
-7.612331829e-15
-8.889788112e-15
-8.363112096e-15
-7.872354146e-15
-8.034599781e-15
-8.646911176e-15
-8.286180841e-15
-8.938752155e-15
-9.159901706e-15
-9.748249622e-15
-1.046254207e-14
-9.009651902e-15
-9.739203167e-15
-1.025123666e-14
-1.02658911e-14
-9.948105062e-15
-9.780347169e-15
-9.827621784e-15
-9.819172758e-15
-1.174582219e-14
-1.264361609e-14
-1.101644324e-14
-1.104149693e-14
-1.172580507e-14
-1.123468298e-14
-1.060299046e-14
-1.044974367e-14
-1.072904298e-14
-1.148790192e-14
-1.068979988e-14
-9.032182667e-15
-8.614707663e-15
-1.027775716e-14
-1.092626236e-14
-1.011016419e-14
-9.409505396e-15
-9.952250448e-15
-1.023704096e-14
-1.0308241e-14
-1.010128161e-14
-9.438840398e-15
-1.0504514e-14
-8.877769205e-15
-9.597751066e-15
-1.097366981e-14
-1.122524745e-14
-1.004702353e-14
-1.029039892e-14
-1.17521897e-14
-1.109447727e-14
-1.073656493e-14
-1.045566683e-14
-1.115305938e-14
-1.198101285e-14
-1.125575871e-14
-1.090031749e-14
-1.131056705e-14
-1.168440428e-14
-1.138407296e-14
-1.093273405e-14
-9.884545186e-15
-1.040998591e-14
-1.034553738e-14
-1.134760682e-14
-1.093863238e-14
-1.181074198e-14
-1.259462954e-14
-1.058554758e-14
-1.09026672e-14
-1.105351098e-14
-1.147958866e-14
-1.074854653e-14
-1.026420902e-14
-1.123896476e-14
-1.176676069e-14
-1.102548184e-14
-1.039760031e-14
-1.049575567e-14
-1.187273928e-14
-1.319854562e-14
-1.267530467e-14
-1.175964773e-14
-1.248631562e-14
-1.284206923e-14
-1.120537123e-14
-1.093646895e-14
-1.274490065e-14
-1.407372057e-14
-1.208712467e-14
-1.183620436e-14
-1.268461679e-14
-1.243135624e-14
-1.260861835e-14
-1.499200318e-14
-1.656640335e-14
-1.492306375e-14
-1.394809854e-14
-1.364113922e-14
-1.463179016e-14
-1.593510195e-14
-1.448412187e-14
-1.402845118e-14
-1.472193616e-14
-1.424094159e-14
-1.351172329e-14
-1.247304956e-14
-1.309221272e-14
-1.450446492e-14
-1.362492454e-14
-1.273304085e-14
-1.48334283e-14
-1.712774517e-14
-1.435960135e-14
-1.349714976e-14
-1.271657939e-14
-1.476268985e-14
-1.76167015e-14
-1.454417834e-14
-1.485337612e-14
-1.718068746e-14
-1.676611456e-14
-1.421745931e-14
-1.467029408e-14
-1.601755285e-14
-1.652363e-14
-1.403948818e-14
-1.582963537e-14
-1.71256816e-14
-1.380927406e-14
-1.327038074e-14
-1.224890408e-14
-1.311603996e-14
-1.34779938e-14
-1.347176926e-14
-1.324383513e-14
-1.299415285e-14
-1.290341813e-14
-1.288936776e-14
-1.491871369e-14
-1.19222189e-14
-1.361176565e-14
-1.317863588e-14
-1.184526254e-14
-1.426126197e-14
-1.448856199e-14
-1.315602303e-14
-1.185332286e-14
-9.99003295e-15
-9.495922297e-15
-1.075581201e-14
-9.003712148e-15
-1.044540059e-14
-1.246493533e-14
-9.381092011e-15
-9.286536409e-15
-8.176955457e-15
-9.312083603e-15
-1.093706719e-14
-7.392001139e-15
-6.251359734e-15
-8.774479848e-15
-9.006513058e-15
-7.615321203e-15
-7.915692045e-15
-6.488320621e-15
-7.513931234e-15
-8.303121392e-15
-5.948598278e-15
-7.341101842e-15
-8.358791517e-15
-6.451165638e-15
-7.302028331e-15
-6.348819557e-15
-5.129798215e-15
-5.162154695e-15
-3.698699267e-15
-3.793189908e-15
-4.613375019e-15
-5.122287006e-15
-5.04467359e-15
-4.443862968e-15
-4.255835134e-15
-4.865907169e-15
-5.550495794e-15
-5.197886875e-15
-5.054266174e-15
-5.99947653e-15
-6.387462366e-15
-6.887641314e-15
-6.708347855e-15
-6.467069461e-15
-6.461010119e-15
-6.589569649e-15
-7.723450909e-15
-8.415141702e-15
-9.062293521e-15
-9.055182144e-15
-8.928450996e-15
-7.808045743e-15
-7.455334537e-15
-7.768909251e-15
-8.551952413e-15
-8.409263183e-15
-7.733685293e-15
-8.090732994e-15
-8.886330155e-15
-8.361585081e-15
-8.945604535e-15
-9.140326699e-15
-9.696761426e-15
-1.04354807e-14
-8.760803623e-15
-9.65155899e-15
-1.016608156e-14
-1.051931504e-14
-1.022914649e-14
-9.666720333e-15
-1.000272399e-14
-1.021232345e-14
-1.135689574e-14
-1.236880353e-14
-1.098753148e-14
-1.098102319e-14
-1.163579998e-14
-1.148791271e-14
-1.058568858e-14
-1.070599782e-14
-1.094868975e-14
-1.094509794e-14
-1.058991296e-14
-9.281778589e-15
-8.934234819e-15
-1.020444096e-14
-1.061434876e-14
-9.996163551e-15
-9.659949392e-15
-1.000651839e-14
-1.001252255e-14
-1.045992108e-14
-9.857410252e-15
-9.847410034e-15
-1.067296281e-14
-8.606568234e-15
-9.603111041e-15
-1.124440272e-14
-1.114929816e-14
-9.794635007e-15
-1.032325051e-14
-1.184268234e-14
-1.115383307e-14
-1.088263314e-14
-1.055088781e-14
-1.109570269e-14
-1.195101048e-14
-1.160717113e-14
-1.095761736e-14
-1.069081591e-14
-1.137742895e-14
-1.1729472e-14
-1.103328044e-14
-9.795976759e-15
-1.053711501e-14
-1.058275823e-14
-1.106270519e-14
-1.107570657e-14
-1.177288179e-14
-1.207643886e-14
-1.070510372e-14
-1.131459897e-14
-1.096293975e-14
-1.130230134e-14
-1.089294053e-14
-1.053789026e-14
-1.138091349e-14
-1.123902745e-14
-1.089175388e-14
-1.033144865e-14
-1.050442314e-14
-1.212944637e-14
-1.349484971e-14
-1.262056922e-14
-1.143005303e-14
-1.273292598e-14
-1.308421633e-14
-1.109280832e-14
-1.118591476e-14
-1.287632628e-14
-1.387490077e-14
-1.17890421e-14
-1.191148868e-14
-1.263313027e-14
-1.257509644e-14
-1.254143014e-14
-1.460509389e-14
-1.626094499e-14
-1.462134954e-14
-1.370541965e-14
-1.407543015e-14
-1.48082038e-14
-1.619347323e-14
-1.484532144e-14
-1.420425468e-14
-1.46352829e-14
-1.369177724e-14
-1.330509306e-14
-1.262909728e-14
-1.324034809e-14
-1.467732413e-14
-1.374676168e-14
-1.266740806e-14
-1.495181998e-14
-1.712546909e-14
-1.451851452e-14
-1.388806528e-14
-1.263528147e-14
-1.456860113e-14
-1.764977192e-14
-1.484162313e-14
-1.467171239e-14
-1.663465706e-14
-1.644081685e-14
-1.422502859e-14
-1.472006046e-14
-1.590815289e-14
-1.679771726e-14
-1.429808264e-14
-1.569237017e-14
-1.725285935e-14
-1.354168579e-14
-1.318624503e-14
-1.215530768e-14
-1.334297246e-14
-1.35800598e-14
-1.325369912e-14
-1.322438963e-14
-1.285554376e-14
-1.326168498e-14
-1.30834806e-14
-1.488120932e-14
-1.195497637e-14
-1.306307922e-14
-1.308394377e-14
-1.198963478e-14
-1.425412582e-14
-1.447146661e-14
-1.353922864e-14
-1.185799293e-14
-9.348867288e-15
-9.893220363e-15
-1.118228376e-14
-9.096582486e-15
-1.056165466e-14
-1.245564021e-14
-9.402855431e-15
-9.142176616e-15
-8.335194596e-15
-9.176204267e-15
-1.053815296e-14
-7.419417466e-15
-6.192200103e-15
-8.430349148e-15
-9.153740699e-15
-7.572249777e-15
-7.886507167e-15
-6.737096576e-15
-7.893682534e-15
-8.262618184e-15
-5.580426212e-15
-7.792301073e-15
-8.465510213e-15
-6.406604761e-15
-7.190096944e-15
-6.513164199e-15
-5.362091964e-15
-5.137876314e-15
-3.804243541e-15
-3.995289056e-15
-4.49759929e-15
-5.011273108e-15
-5.453859207e-15
-4.343247626e-15
-4.112492442e-15
-4.988620082e-15
-5.56650623e-15
-4.922436192e-15
-4.646025088e-15
-5.87807415e-15
-6.37190939e-15
-7.119803586e-15
-6.908011495e-15
-6.648219726e-15
-6.807945691e-15
-6.582715252e-15
-7.346443713e-15
-8.642583082e-15
-8.995871951e-15
-8.708193206e-15
-8.711878504e-15
-8.092196672e-15
-7.655030504e-15
-7.576020844e-15
-8.122418195e-15
-8.283362109e-15
-7.638599089e-15
-8.018995163e-15
-9.070208716e-15
-8.295326864e-15
-8.84418094e-15
-9.076257135e-15
-9.681836651e-15
-1.03875129e-14
-8.643185914e-15
-9.694748124e-15
-9.967963559e-15
-1.062934002e-14
-1.052100552e-14
-9.835606666e-15
-9.957782286e-15
-1.033123488e-14
-1.117197541e-14
-1.190852733e-14
-1.101043301e-14
-1.120427189e-14
-1.198993169e-14
-1.181991753e-14
-1.035748703e-14
-1.082255096e-14
-1.090768192e-14
-1.058672638e-14
-1.051161044e-14
-9.339638012e-15
-9.480796362e-15
-1.018030028e-14
-1.019803065e-14
-9.959894081e-15
-9.656980361e-15
-1.013246802e-14
-1.019882651e-14
-1.05519752e-14
-9.803673112e-15
-9.650231006e-15
-1.063591222e-14
-8.940990745e-15
-9.634095868e-15
-1.161340409e-14
-1.131894061e-14
-9.552053235e-15
-1.035526009e-14
-1.175835172e-14
-1.100403559e-14
-1.097469924e-14
-1.019059591e-14
-1.138162369e-14
-1.194356595e-14
-1.14971672e-14
-1.069925918e-14
-1.007848901e-14
-1.126276434e-14
-1.230866171e-14
-1.103805098e-14
-9.859786553e-15
-1.082814305e-14
-1.031651918e-14
-1.089517968e-14
-1.135655299e-14
-1.162632437e-14
-1.183457642e-14
-1.117431159e-14
-1.125960403e-14
-1.056416585e-14
-1.119839392e-14
-1.151821735e-14
-1.066693614e-14
-1.128764804e-14
-1.149057907e-14
-1.052175047e-14
-1.01402415e-14
-1.073227706e-14
-1.201100172e-14
-1.368657173e-14
-1.26172251e-14
-1.156535207e-14
-1.275549985e-14
-1.273238099e-14
-1.109553621e-14
-1.156309894e-14
-1.332728018e-14
-1.382874277e-14
-1.106454492e-14
-1.176752449e-14
-1.273036503e-14
-1.280888938e-14
-1.258126766e-14
-1.432122535e-14
-1.607083833e-14
-1.433731559e-14
-1.337265946e-14
-1.420592605e-14
-1.515080374e-14
-1.662211381e-14
-1.496546181e-14
-1.422643634e-14
-1.464717103e-14
-1.360635571e-14
-1.293136322e-14
-1.267080271e-14
-1.328949738e-14
-1.462349985e-14
-1.359394467e-14
-1.320911744e-14
-1.505057098e-14
-1.660702541e-14
-1.480477624e-14
-1.432691185e-14
-1.254726307e-14
-1.444179326e-14
-1.777307653e-14
-1.519953934e-14
-1.468226564e-14
-1.623058409e-14
-1.620815311e-14
-1.455953104e-14
-1.419460202e-14
-1.54298928e-14
-1.708775454e-14
-1.453195047e-14
-1.569546222e-14
-1.732231246e-14
-1.344991219e-14
-1.297150828e-14
-1.201409205e-14
-1.379726004e-14
-1.383332558e-14
-1.305079075e-14
-1.305396256e-14
-1.28839802e-14
-1.35540587e-14
-1.321349535e-14
-1.476223704e-14
-1.209323447e-14
-1.24085208e-14
-1.281542348e-14
-1.179432915e-14
-1.450912631e-14
-1.47365669e-14
-1.375321984e-14
-1.204782679e-14
-9.057599485e-15
-1.003381574e-14
-1.144128484e-14
-9.216663075e-15
-1.055917932e-14
-1.254083403e-14
-9.467826173e-15
-9.197770603e-15
-8.154671689e-15
-9.144549835e-15
-1.034650428e-14
-7.208701888e-15
-6.029064459e-15
-8.279210415e-15
-9.089163274e-15
-7.927450699e-15
-8.082815545e-15
-7.123665768e-15
-8.125133459e-15
-7.993046192e-15
-5.295461134e-15
-7.8669366e-15
-8.458627304e-15
-6.615893694e-15
-7.308978521e-15
-6.858028623e-15
-5.837258803e-15
-5.262723157e-15
-4.230947776e-15
-4.191073568e-15
-4.372878863e-15
-4.757427071e-15
-5.114366481e-15
-4.183279719e-15
-4.278816657e-15
-5.055219322e-15
-5.554292024e-15
-4.894723571e-15
-4.616492961e-15
-6.009720131e-15
-6.425694731e-15
-6.89731571e-15
-6.985238433e-15
-6.934748323e-15
-6.724394329e-15
-6.603361329e-15
-7.416995546e-15
-8.765166966e-15
-8.973876336e-15
-8.461226483e-15
-8.277704271e-15
-8.486778478e-15
-7.997106453e-15
-7.363214289e-15
-7.923696915e-15
-7.896747642e-15
-7.555917952e-15
-8.205261561e-15
-8.938193484e-15
-8.522985426e-15
-9.012416473e-15
-8.780922489e-15
-9.747668805e-15
-9.898736932e-15
-8.959815114e-15
-9.714550695e-15
-9.461135242e-15
-1.051950754e-14
-1.057998052e-14
-9.904496947e-15
-9.96136684e-15
-1.093401641e-14
-1.129032331e-14
-1.153727904e-14
-1.105954063e-14
-1.140663673e-14
-1.20074454e-14
-1.176840883e-14
-1.083536176e-14
-1.113428441e-14
-1.070193738e-14
-1.02744933e-14
-1.043836297e-14
-9.020729673e-15
-9.422789603e-15
-1.053691589e-14
-1.066741781e-14
-9.880114969e-15
-9.397722013e-15
-1.006621584e-14
-1.006571359e-14
-1.046779872e-14
-9.693343994e-15
-9.442474757e-15
-1.122652402e-14
-9.268849096e-15
-9.100607354e-15
-1.132079785e-14
-1.156626277e-14
-9.41588762e-15
-1.026768761e-14
-1.217934573e-14
-1.114101215e-14
-1.097999099e-14
-9.876263051e-15
-1.157555225e-14
-1.181841684e-14
-1.143475687e-14
-1.074431765e-14
-9.343278751e-15
-1.113193236e-14
-1.24397209e-14
-1.129095371e-14
-9.925851799e-15
-1.099575055e-14
-1.007080242e-14
-1.080802375e-14
-1.143207817e-14
-1.159730405e-14
-1.171509751e-14
-1.117783193e-14
-1.111367946e-14
-1.057290538e-14
-1.121537629e-14
-1.13624185e-14
-1.095039607e-14
-1.133586459e-14
-1.106132357e-14
-1.074459912e-14
-1.034159795e-14
-1.098488948e-14
-1.191781748e-14
-1.331988012e-14
-1.292686983e-14
-1.192873918e-14
-1.31010964e-14
-1.238186678e-14
-1.059963775e-14
-1.18964922e-14
-1.362309616e-14
-1.321554498e-14
-1.086455127e-14
-1.209719995e-14
-1.280971032e-14
-1.267078137e-14
-1.293201256e-14
-1.442080396e-14
-1.55982692e-14
-1.385870403e-14
-1.331252258e-14
-1.467649097e-14
-1.538324814e-14
-1.681447707e-14
-1.484853687e-14
-1.445137892e-14
-1.474145728e-14
-1.308655478e-14
-1.276568588e-14
-1.257254275e-14
-1.320367956e-14
-1.477194881e-14
-1.373702393e-14
-1.369697768e-14
-1.496791346e-14
-1.645914632e-14
-1.539210812e-14
-1.466779852e-14
-1.255938824e-14
-1.422398123e-14
-1.739659654e-14
-1.529256998e-14
-1.477118959e-14
-1.631780606e-14
-1.572041552e-14
-1.436771254e-14
-1.380661266e-14
-1.534231515e-14
-1.776336858e-14
-1.409610059e-14
-1.56152134e-14
-1.763349096e-14
-1.389058104e-14
-1.262838704e-14
-1.191766166e-14
-1.384219157e-14
-1.379421301e-14
-1.311252566e-14
-1.295728727e-14
-1.317391255e-14
-1.39142829e-14
-1.329931758e-14
-1.487293839e-14
-1.205138454e-14
-1.188055731e-14
-1.263913519e-14
-1.187259369e-14
-1.402440566e-14
-1.487178187e-14
-1.349516776e-14
-1.215981473e-14
-9.053360761e-15
-1.022380946e-14
-1.186201248e-14
-8.980038753e-15
-1.063361094e-14
-1.254710446e-14
-9.783352145e-15
-9.457318818e-15
-7.425979085e-15
-9.028353962e-15
-1.040386783e-14
-7.454296504e-15
-5.997332802e-15
-8.09306474e-15
-8.960395039e-15
-7.858904082e-15
-8.372500368e-15
-7.173841188e-15
-8.307721768e-15
-7.886874463e-15
-5.286316225e-15
-7.599961851e-15
-8.370324528e-15
-6.747993174e-15
-7.303708633e-15
-6.823471489e-15
-6.188643897e-15
-5.287725742e-15
-4.314278041e-15
-4.22801751e-15
-4.437739736e-15
-4.843451222e-15
-4.799405742e-15
-4.198443826e-15
-4.344910528e-15
-4.772805952e-15
-5.300989823e-15
-4.93092839e-15
-4.95327617e-15
-6.014736947e-15
-6.433983374e-15
-6.726293749e-15
-6.91797153e-15
-7.373206895e-15
-6.608115988e-15
-6.07988051e-15
-7.602852305e-15
-8.807494475e-15
-9.161775249e-15
-8.188748939e-15
-7.813682488e-15
-8.7852165e-15
-8.350664734e-15
-7.612308171e-15
-7.736297095e-15
-7.094731191e-15
-7.702607565e-15
-8.592401023e-15
-9.262896602e-15
-8.645294105e-15
-8.922168125e-15
-8.899925386e-15
-9.195366681e-15
-9.406929715e-15
-9.447821881e-15
-1.007807663e-14
-8.980341939e-15
-9.955891141e-15
-1.064768846e-14
-9.916741472e-15
-1.056800598e-14
-1.129722175e-14
-1.144910917e-14
-1.144435555e-14
-1.084417092e-14
-1.124381891e-14
-1.202452891e-14
-1.190627668e-14
-1.081746385e-14
-1.127011255e-14
-1.086318845e-14
-9.895552797e-15
-1.030397058e-14
-9.034393821e-15
-9.407319294e-15
-1.046807466e-14
-1.079632987e-14
-1.002080991e-14
-9.61526029e-15
-9.871677289e-15
-9.975798047e-15
-1.034864278e-14
-9.561728423e-15
-9.50141512e-15
-1.131883237e-14
-9.715431284e-15
-9.015696048e-15
-1.097967406e-14
-1.143717299e-14
-9.686668049e-15
-1.057134403e-14
-1.223089271e-14
-1.118507238e-14
-1.075517719e-14
-9.685336499e-15
-1.102949062e-14
-1.191871248e-14
-1.170960669e-14
-1.090455666e-14
-8.928081743e-15
-1.096693712e-14
-1.261025308e-14
-1.166684912e-14
-1.012735509e-14
-1.075622043e-14
-1.006254445e-14
-1.048559472e-14
-1.189917682e-14
-1.173571005e-14
-1.1347933e-14
-1.070770344e-14
-1.106023488e-14
-1.096169108e-14
-1.119626227e-14
-1.102589584e-14
-1.106755919e-14
-1.156280989e-14
-1.062420364e-14
-1.065280053e-14
-1.071336831e-14
-1.135668096e-14
-1.188331187e-14
-1.279757861e-14
-1.303282695e-14
-1.24457202e-14
-1.323619796e-14
-1.228264732e-14
-1.044335481e-14
-1.184136079e-14
-1.363185133e-14
-1.279343489e-14
-1.108283617e-14
-1.210380958e-14
-1.30986682e-14
-1.268781391e-14
-1.292538506e-14
-1.437343825e-14
-1.512242996e-14
-1.344843622e-14
-1.381667739e-14
-1.480074045e-14
-1.520884853e-14
-1.67823299e-14
-1.50258036e-14
-1.466880278e-14
-1.497768778e-14
-1.236282073e-14
-1.271602409e-14
-1.264857819e-14
-1.299662145e-14
-1.430337738e-14
-1.417918375e-14
-1.409815599e-14
-1.518963615e-14
-1.63461146e-14
-1.610182699e-14
-1.512278151e-14
-1.253594652e-14
-1.387984025e-14
-1.722882996e-14
-1.540141133e-14
-1.479531268e-14
-1.608921427e-14
-1.540241379e-14
-1.46428076e-14
-1.32931308e-14
-1.527107559e-14
-1.812669157e-14
-1.422529762e-14
-1.545067933e-14
-1.750962341e-14
-1.410428494e-14
-1.27450822e-14
-1.187327104e-14
-1.362001728e-14
-1.359273565e-14
-1.34506319e-14
-1.322161199e-14
-1.305022031e-14
-1.439207693e-14
-1.345661506e-14
-1.451731708e-14
-1.195996584e-14
-1.168900079e-14
-1.298938038e-14
-1.17276646e-14
-1.330755095e-14
-1.466379737e-14
-1.35916779e-14
-1.24952752e-14
-8.914951783e-15
-1.057699786e-14
-1.23352233e-14
-8.816052234e-15
-1.065861503e-14
-1.260467509e-14
-9.835923685e-15
-9.431367338e-15
-7.041406785e-15
-9.097663236e-15
-1.05083539e-14
-7.626152617e-15
-5.710549422e-15
-7.648888644e-15
-9.322189286e-15
-8.262031863e-15
-8.463110557e-15
-7.065829553e-15
-7.957737172e-15
-8.340202563e-15
-5.900648992e-15
-6.947750398e-15
-8.144997867e-15
-7.086422858e-15
-6.801974749e-15
-6.746808865e-15
-6.150747527e-15
-4.875738804e-15
-4.516793785e-15
-4.501646592e-15
-4.839362399e-15
-4.607227043e-15
-4.572612739e-15
-4.366954407e-15
-4.17592762e-15
-4.625260276e-15
-5.429087836e-15
-4.517039377e-15
-5.193923483e-15
-5.743460161e-15
-6.264785115e-15
-7.237572098e-15
-6.779198063e-15
-7.266943696e-15
-6.751263632e-15
-6.32697586e-15
-7.80993506e-15
-8.549854542e-15
-8.618017653e-15
-8.464911231e-15
-7.962929582e-15
-8.618175233e-15
-8.284249531e-15
-7.975156154e-15
-7.799853366e-15
-6.954720142e-15
-7.697313972e-15
-8.719026919e-15
-9.481378895e-15
-8.687153583e-15
-9.06075976e-15
-8.658748191e-15
-9.034719229e-15
-9.275175128e-15
-9.66263983e-15
-1.062989022e-14
-8.335228195e-15
-9.289691405e-15
-1.0726933e-14
-1.030993942e-14
-1.088624631e-14
-1.123489299e-14
-1.197145794e-14
-1.117426087e-14
-1.057608911e-14
-1.11781866e-14
-1.181708779e-14
-1.202883645e-14
-1.116242371e-14
-1.141712729e-14
-1.070605276e-14
-9.735288782e-15
-1.023239622e-14
-9.507475819e-15
-9.376041434e-15
-9.754331197e-15
-1.082838508e-14
-9.998587097e-15
-9.910500094e-15
-1.011644475e-14
-9.600603621e-15
-1.019011851e-14
-9.893648358e-15
-9.590382011e-15
-1.103671656e-14
-9.699021666e-15
-9.653522069e-15
-1.0917141e-14
-1.114484577e-14
-9.951908318e-15
-1.059268498e-14
-1.22093536e-14
-1.081793448e-14
-1.042109456e-14
-9.743378507e-15
-1.075599592e-14
-1.194162945e-14
-1.183965795e-14
-1.082365531e-14
-9.588002023e-15
-1.070366346e-14
-1.208279844e-14
-1.208392382e-14
-1.063007164e-14
-1.013245355e-14
-1.009268834e-14
-1.080428556e-14
-1.220828931e-14
-1.144912818e-14
-1.105651049e-14
-1.042613917e-14
-1.111607332e-14
-1.121788695e-14
-1.087674401e-14
-1.084996374e-14
-1.103675637e-14
-1.157028655e-14
-1.072592793e-14
-1.046910071e-14
-1.032013458e-14
-1.166904409e-14
-1.231429163e-14
-1.22517283e-14
-1.275620467e-14
-1.327623123e-14
-1.402855325e-14
-1.214398564e-14
-1.046860597e-14
-1.12367613e-14
-1.308147267e-14
-1.363992245e-14
-1.147499774e-14
-1.165373208e-14
-1.298985071e-14
-1.299991641e-14
-1.281103128e-14
-1.376612899e-14
-1.46631557e-14
-1.386778131e-14
-1.429764802e-14
-1.45764493e-14
-1.494101778e-14
-1.662717561e-14
-1.512668651e-14
-1.442944327e-14
-1.478745578e-14
-1.281950039e-14
-1.317470316e-14
-1.203583445e-14
-1.312520029e-14
-1.44947602e-14
-1.415326054e-14
-1.383172924e-14
-1.477347265e-14
-1.656639656e-14
-1.699168086e-14
-1.4947109e-14
-1.221007606e-14
-1.405650836e-14
-1.751283073e-14
-1.546633653e-14
-1.463553857e-14
-1.569820134e-14
-1.543128313e-14
-1.532149881e-14
-1.2835944e-14
-1.536854321e-14
-1.819621247e-14
-1.439540823e-14
-1.536255941e-14
-1.72082234e-14
-1.382187549e-14
-1.302172286e-14
-1.187339464e-14
-1.362246273e-14
-1.391119276e-14
-1.361486625e-14
-1.340396157e-14
-1.281611799e-14
-1.448159239e-14
-1.351131648e-14
-1.370965369e-14
-1.187273697e-14
-1.173181062e-14
-1.343480623e-14
-1.132206116e-14
-1.334890763e-14
-1.458990656e-14
-1.346708681e-14
-1.221817884e-14
-8.642720986e-15
-1.124525986e-14
-1.315722679e-14
-8.706670448e-15
-1.041632603e-14
-1.278710056e-14
-9.660814278e-15
-9.088945941e-15
-7.324672128e-15
-9.168938425e-15
-1.028511093e-14
-7.701530348e-15
-5.689664388e-15
-7.204634739e-15
-9.761359951e-15
-8.553283063e-15
-8.391192749e-15
-6.852904672e-15
-7.724923998e-15
-8.309521006e-15
-6.124485135e-15
-7.071233464e-15
-8.820863321e-15
-7.48315409e-15
-7.505679758e-15
-6.851696956e-15
-5.88031541e-15
-4.691726196e-15
-4.813698881e-15
-4.59611115e-15
-4.688463703e-15
-4.39602032e-15
-4.418144919e-15
-4.486721714e-15
-4.808410052e-15
-4.937128162e-15
-4.961650278e-15
-4.367564123e-15
-5.244917251e-15
-5.549218892e-15
-6.173600441e-15
-7.403510018e-15
-6.639263534e-15
-7.339328723e-15
-7.07260602e-15
-6.576904953e-15
-7.7764959e-15
-8.281983421e-15
-8.618283106e-15
-8.410545381e-15
-7.864269558e-15
-8.276042272e-15
-8.639128567e-15
-8.296019241e-15
-7.594666323e-15
-7.06945327e-15
-8.15401821e-15
-8.61905433e-15
-9.060170942e-15
-8.530717477e-15
-9.187555938e-15
-8.897149027e-15
-9.385984198e-15
-9.620846261e-15
-9.112627739e-15
-1.054564548e-14
-8.431603013e-15
-8.677666425e-15
-1.055308681e-14
-1.072177833e-14
-1.141326174e-14
-1.144079214e-14
-1.179650414e-14
-1.098592295e-14
-1.090274089e-14
-1.133215312e-14
-1.168450802e-14
-1.151348042e-14
-1.121883312e-14
-1.18099687e-14
-1.057349915e-14
-9.884111425e-15
-1.023038724e-14
-9.843227048e-15
-8.99166902e-15
-9.194316884e-15
-1.116627304e-14
-1.006256293e-14
-9.730800335e-15
-1.032848885e-14
-9.554960774e-15
-9.950044033e-15
-9.871500863e-15
-9.423909925e-15
-1.110011528e-14
-9.676637004e-15
-9.879883968e-15
-1.099630583e-14
-1.081986548e-14
-9.968741694e-15
-1.091307683e-14
-1.205676224e-14
-1.053063609e-14
-1.026946468e-14
-9.742982708e-15
-1.091315994e-14
-1.203987104e-14
-1.159546154e-14
-1.068699046e-14
-1.005882945e-14
-1.118982945e-14
-1.184564869e-14
-1.200557916e-14
-1.086349427e-14
-9.827691174e-15
-9.666605323e-15
-1.08801327e-14
-1.223120296e-14
-1.148350893e-14
-1.133866354e-14
-1.029769679e-14
-1.095850519e-14
-1.117048815e-14
-1.15636987e-14
-1.100743892e-14
-1.074218569e-14
-1.141437098e-14
-1.078541974e-14
-1.018509146e-14
-1.024507122e-14
-1.192402097e-14
-1.258041166e-14
-1.18866348e-14
-1.254624391e-14
-1.344860931e-14
-1.38600369e-14
-1.235734705e-14
-1.102602752e-14
-1.125827605e-14
-1.292407575e-14
-1.372489075e-14
-1.172123176e-14
-1.181927618e-14
-1.289834352e-14
-1.232296874e-14
-1.22940672e-14
-1.365104072e-14
-1.506654059e-14
-1.434424805e-14
-1.446166152e-14
-1.451779025e-14
-1.453493737e-14
-1.629397634e-14
-1.545188681e-14
-1.456215052e-14
-1.43895977e-14
-1.279493367e-14
-1.320874183e-14
-1.229560301e-14
-1.371950752e-14
-1.406887887e-14
-1.403410075e-14
-1.374102926e-14
-1.482683337e-14
-1.648851602e-14
-1.665947802e-14
-1.522120372e-14
-1.25065508e-14
-1.429250521e-14
-1.746250059e-14
-1.564804458e-14
-1.492451618e-14
-1.558237982e-14
-1.509214211e-14
-1.519387399e-14
-1.324547191e-14
-1.566625823e-14
-1.779951525e-14
-1.454332823e-14
-1.509153479e-14
-1.6403846e-14
-1.38985425e-14
-1.313064859e-14
-1.178694646e-14
-1.396509348e-14
-1.426230131e-14
-1.366640689e-14
-1.325455914e-14
-1.266236237e-14
-1.422602268e-14
-1.366367201e-14
-1.394339029e-14
-1.162723007e-14
-1.202560707e-14
-1.380375071e-14
-1.092759808e-14
-1.302161475e-14
-1.452998236e-14
-1.289731386e-14
-1.19760343e-14
-8.678227601e-15
-1.173664453e-14
-1.348639234e-14
-8.860142122e-15
-1.064192901e-14
-1.233016651e-14
-9.4468391e-15
-9.295598425e-15
-7.277425149e-15
-9.426917121e-15
-1.031931171e-14
-7.39457164e-15
-6.030216673e-15
-7.741718386e-15
-9.612945758e-15
-8.500868197e-15
-8.300059749e-15
-6.578479185e-15
-7.793684957e-15
-7.976648016e-15
-6.526702129e-15
-7.624006761e-15
-7.955004622e-15
-7.029825038e-15
-8.194014769e-15
-6.975306209e-15
-5.805812036e-15
-4.875329306e-15
-5.220548452e-15
-4.547156581e-15
-4.454833238e-15
-5.054214211e-15
-4.274459974e-15
-4.158071488e-15
-5.181483938e-15
-4.781583247e-15
-4.34412411e-15
-4.750986745e-15
-5.795356109e-15
-5.275847566e-15
-6.102054053e-15
-7.237958241e-15
-6.624826205e-15
-7.37669648e-15
-6.828118223e-15
-6.581485926e-15
-8.220390998e-15
-8.450355413e-15
-8.377446112e-15
-8.261289411e-15
-7.747052959e-15
-8.215292322e-15
-8.80921172e-15
-8.165546575e-15
-7.137079174e-15
-7.365485155e-15
-8.222214009e-15
-8.607770699e-15
-9.350485372e-15
-8.432551644e-15
-9.346967205e-15
-8.823557132e-15
-9.079012088e-15
-9.679152897e-15
-9.012810955e-15
-1.001164026e-14
-9.0681298e-15
-9.180243572e-15
-1.03083264e-14
-1.087957294e-14
-1.102643748e-14
-1.098041771e-14
-1.171458492e-14
-1.116860766e-14
-1.12975151e-14
-1.133568233e-14
-1.224050466e-14
-1.146713799e-14
-1.049343253e-14
-1.134151602e-14
-1.143408428e-14
-1.008496752e-14
-9.75049207e-15
-1.007367257e-14
-8.94744953e-15
-9.233687958e-15
-1.131994075e-14
-9.999338513e-15
-9.872246608e-15
-1.019564578e-14
-9.394243603e-15
-9.869514789e-15
-9.577690425e-15
-9.435391565e-15
-1.16830169e-14
-9.985329159e-15
-1.009474062e-14
-1.071643348e-14
-1.038360126e-14
-9.906490303e-15
-1.085570375e-14
-1.22095054e-14
-1.074830954e-14
-9.928326876e-15
-1.003097186e-14
-1.121001652e-14
-1.156639724e-14
-1.154981315e-14
-1.124004496e-14
-9.814489337e-15
-1.105928978e-14
-1.144098982e-14
-1.141085628e-14
-1.117570526e-14
-1.035604075e-14
-9.593831795e-15
-1.077496706e-14
-1.201081358e-14
-1.180262305e-14
-1.198790207e-14
-1.046859147e-14
-1.036911397e-14
-1.073532621e-14
-1.192294344e-14
-1.12554589e-14
-1.073308498e-14
-1.097514925e-14
-1.054548659e-14
-1.046906526e-14
-1.072090267e-14
-1.195753337e-14
-1.252169058e-14
-1.204361956e-14
-1.241949316e-14
-1.295591617e-14
-1.351699923e-14
-1.283081094e-14
-1.14562142e-14
-1.130864409e-14
-1.254863738e-14
-1.349912594e-14
-1.223834314e-14
-1.197219273e-14
-1.236668883e-14
-1.221034431e-14
-1.201408793e-14
-1.370622051e-14
-1.55171657e-14
-1.447975467e-14
-1.466252688e-14
-1.429673035e-14
-1.404726477e-14
-1.597661306e-14
-1.55659731e-14
-1.464118582e-14
-1.438853637e-14
-1.294663373e-14
-1.280938226e-14
-1.261251883e-14
-1.438816742e-14
-1.377595069e-14
-1.38605688e-14
-1.40589203e-14
-1.484475471e-14
-1.634340139e-14
-1.618770067e-14
-1.535998941e-14
-1.296316164e-14
-1.430615144e-14
-1.69471228e-14
-1.58118094e-14
-1.55014774e-14
-1.577597901e-14
-1.481679997e-14
-1.500592232e-14
-1.390850979e-14
-1.564162932e-14
-1.709240868e-14
-1.48164011e-14
-1.528897714e-14
-1.590565251e-14
-1.371089521e-14
-1.311399349e-14
-1.227340424e-14
-1.39273976e-14
-1.407260404e-14
-1.388154135e-14
-1.327985745e-14
-1.25892915e-14
-1.393972747e-14
-1.355010075e-14
-1.400091083e-14
-1.172392971e-14
-1.239497523e-14
-1.349286271e-14
-1.061061693e-14
-1.289813119e-14
-1.457383668e-14
-1.273159153e-14
-1.167130874e-14
-9.432400703e-15
-1.211026306e-14
-1.301936445e-14
-9.217912119e-15
-1.088569825e-14
-1.20034578e-14
-9.446712145e-15
-9.329108295e-15
-7.266382394e-15
-8.982523002e-15
-1.025706496e-14
-7.366969211e-15
-6.178091144e-15
-8.264987758e-15
-9.521855703e-15
-8.418283352e-15
-8.693126647e-15
-6.763200656e-15
-7.163463215e-15
-7.449863355e-15
-7.01959527e-15
-8.093483922e-15
-7.006879726e-15
-6.944836745e-15
-7.507531336e-15
-6.801622117e-15
-6.094560157e-15
-4.645323564e-15
-5.161458521e-15
-4.688454722e-15
-4.419911267e-15
-4.59252024e-15
-4.221290759e-15
-4.657254655e-15
-5.166107504e-15
-4.455058212e-15
-4.433925554e-15
-5.465135899e-15
-5.817375939e-15
-4.841920525e-15
-6.061461162e-15
-7.413281407e-15
-6.696674619e-15
-7.382517955e-15
-6.548826311e-15
-6.167869139e-15
-8.452931316e-15
-9.003905956e-15
-8.71466847e-15
-7.755793403e-15
-7.566170796e-15
-8.270426821e-15
-8.660730756e-15
-8.135084381e-15
-7.266978153e-15
-7.387400099e-15
-7.956062629e-15
-8.685963457e-15
-9.336601514e-15
-8.817903616e-15
-9.487927938e-15
-8.807419227e-15
-8.470687722e-15
-9.137216194e-15
-9.743329224e-15
-1.004217624e-14
-9.020329956e-15
-9.624788689e-15
-1.042193378e-14
-1.103801179e-14
-1.060279568e-14
-1.065168026e-14
-1.17434497e-14
-1.11914224e-14
-1.11907236e-14
-1.130813997e-14
-1.226255381e-14
-1.14953712e-14
-1.044420815e-14
-1.170642502e-14
-1.141674096e-14
-9.369352368e-15
-9.576461283e-15
-1.001354733e-14
-9.522217144e-15
-9.164956921e-15
-1.094828537e-14
-1.044726471e-14
-9.803266174e-15
-1.010328153e-14
-9.433397431e-15
-1.041898047e-14
-9.644976331e-15
-9.365390299e-15
-1.190042829e-14
-1.002670071e-14
-9.703389769e-15
-1.026531428e-14
-1.101470158e-14
-1.059704654e-14
-1.030392754e-14
-1.183926002e-14
-1.099205101e-14
-9.607128585e-15
-1.000410346e-14
-1.127668781e-14
-1.141542541e-14
-1.198582904e-14
-1.115845594e-14
-9.601075448e-15
-1.070770032e-14
-1.115168938e-14
-1.143267815e-14
-1.11189834e-14
-1.037963312e-14
-1.049488138e-14
-1.160387331e-14
-1.157510158e-14
-1.115480477e-14
-1.208573988e-14
-1.03075419e-14
-1.004082087e-14
-1.137134454e-14
-1.204466751e-14
-1.073735483e-14
-1.079295135e-14
-1.121317588e-14
-1.062347563e-14
-1.030848208e-14
-1.048912492e-14
-1.219204124e-14
-1.263849962e-14
-1.184543468e-14
-1.261492272e-14
-1.328198777e-14
-1.330885484e-14
-1.250914518e-14
-1.148907587e-14
-1.154276642e-14
-1.296877633e-14
-1.331339896e-14
-1.168653013e-14
-1.197980847e-14
-1.303615101e-14
-1.250839621e-14
-1.181404141e-14
-1.322591296e-14
-1.511124963e-14
-1.463305702e-14
-1.446555553e-14
-1.483213693e-14
-1.440013069e-14
-1.566270094e-14
-1.525703102e-14
-1.453892753e-14
-1.448223076e-14
-1.320253209e-14
-1.25734833e-14
-1.276256994e-14
-1.535094032e-14
-1.428062455e-14
-1.31719555e-14
-1.379577342e-14
-1.43954788e-14
-1.6228781e-14
-1.611335051e-14
-1.473741935e-14
-1.367517052e-14
-1.535940212e-14
-1.670919281e-14
-1.513121402e-14
-1.529619609e-14
-1.488312733e-14
-1.533651003e-14
-1.579967982e-14
-1.368716692e-14
-1.599331188e-14
-1.699136342e-14
-1.427762667e-14
-1.528701662e-14
-1.571522003e-14
-1.354562454e-14
-1.293230017e-14
-1.295406855e-14
-1.463436703e-14
-1.40206808e-14
-1.351255666e-14
-1.335156453e-14
-1.233037925e-14
-1.416091006e-14
-1.3872459e-14
-1.277978819e-14
-1.158941099e-14
-1.3158718e-14
-1.378147491e-14
-1.105364289e-14
-1.293785566e-14
-1.373934895e-14
-1.220362583e-14
-1.152386609e-14
-9.860957504e-15
-1.278362351e-14
-1.312419532e-14
-9.4914724e-15
-1.088659126e-14
-1.16416959e-14
-9.049361236e-15
-8.788335572e-15
-8.305367859e-15
-9.331631783e-15
-9.310073891e-15
-7.290566676e-15
-6.47420126e-15
-7.760234569e-15
-9.584046294e-15
-8.737825969e-15
-8.282317307e-15
-6.975651769e-15
-7.535152331e-15
-8.35455071e-15
-6.567696451e-15
-6.92802769e-15
-7.657412621e-15
-8.000923513e-15
-6.16302202e-15
-7.118600802e-15
-6.443126259e-15
-4.806539474e-15
-4.79723271e-15
-4.25225706e-15
-4.574370081e-15
-3.990907859e-15
-3.74285056e-15
-5.070171234e-15
-4.969680704e-15
-5.105679777e-15
-5.251227918e-15
-5.435610777e-15
-5.47501278e-15
-4.702773881e-15
-6.348062679e-15
-7.087626416e-15
-6.626779184e-15
-7.415055769e-15
-6.972049251e-15
-6.246896186e-15
-8.350480105e-15
-8.667018071e-15
-8.249586153e-15
-8.126668702e-15
-8.44256261e-15
-8.558254444e-15
-8.098111664e-15
-7.988118658e-15
-7.516822885e-15
-7.443590279e-15
-7.938790304e-15
-8.746314609e-15
-8.789706076e-15
-9.298011954e-15
-9.697079317e-15
-8.592298956e-15
-8.364113634e-15
-9.067299891e-15
-9.396508731e-15
-1.023947841e-14
-1.023652936e-14
-9.682945265e-15
-9.806607005e-15
-1.071261458e-14
-1.086302196e-14
-1.0595497e-14
-1.152581261e-14
-1.136900559e-14
-1.050625523e-14
-1.101152773e-14
-1.249984476e-14
-1.166236129e-14
-1.0483957e-14
-1.188901402e-14
-1.133436018e-14
-8.767240606e-15
-9.535742648e-15
-1.001186664e-14
-9.858807385e-15
-1.000256601e-14
-1.043175318e-14
-1.011113674e-14
-9.863780022e-15
-9.736119116e-15
-9.755314054e-15
-1.106022075e-14
-9.735678755e-15
-9.310641986e-15
-1.147573e-14
-9.93215309e-15
-9.611121643e-15
-1.053616809e-14
-1.093658558e-14
-1.066916328e-14
-1.08055497e-14
-1.141718831e-14
-1.088992963e-14
-9.558231967e-15
-1.025651859e-14
-1.136894553e-14
-1.112152689e-14
-1.167618173e-14
-1.085517799e-14
-1.031194267e-14
-1.12538527e-14
-1.129993225e-14
-1.13833741e-14
-1.101765938e-14
-1.032374304e-14
-1.070962389e-14
-1.140593823e-14
-1.113025957e-14
-1.092738121e-14
-1.139861273e-14
-1.033270193e-14
-1.050244055e-14
-1.152403847e-14
-1.256380975e-14
-1.088585029e-14
-1.005619557e-14
-1.141151469e-14
-1.154947493e-14
-1.006720162e-14
-1.018600265e-14
-1.239631489e-14
-1.295087525e-14
-1.163403132e-14
-1.189378959e-14
-1.342854259e-14
-1.332559506e-14
-1.29783459e-14
-1.138153715e-14
-1.104941929e-14
-1.295484787e-14
-1.392860657e-14
-1.180057211e-14
-1.08987555e-14
-1.289692431e-14
-1.370744461e-14
-1.211460593e-14
-1.280345457e-14
-1.464463949e-14
-1.5104459e-14
-1.415565574e-14
-1.407453171e-14
-1.498767925e-14
-1.659502417e-14
-1.490309569e-14
-1.35263601e-14
-1.391408494e-14
-1.410718277e-14
-1.283681908e-14
-1.228114766e-14
-1.520752823e-14
-1.452895647e-14
-1.383284585e-14
-1.356240289e-14
-1.432414412e-14
-1.636339167e-14
-1.560247642e-14
-1.409907484e-14
-1.43473275e-14
-1.62813268e-14
-1.591554706e-14
-1.441198499e-14
-1.569395576e-14
-1.529548309e-14
-1.460881052e-14
-1.450802387e-14
-1.465168946e-14
-1.73353891e-14
-1.729011713e-14
-1.412881742e-14
-1.434125431e-14
-1.493049699e-14
-1.448801052e-14
-1.312686017e-14
-1.283390242e-14
-1.464787537e-14
-1.449153916e-14
-1.413067156e-14
-1.263381409e-14
-1.187965532e-14
-1.377487654e-14
-1.397694594e-14
-1.261423032e-14
-1.163965933e-14
-1.370492587e-14
-1.331017609e-14
-1.144271341e-14
-1.327890282e-14
-1.304274515e-14
-1.259813403e-14
-1.118678256e-14
-9.990178882e-15
-1.238709314e-14
-1.226445683e-14
-1.050402215e-14
-1.097097273e-14
-1.095638886e-14
-9.906363631e-15
-8.662276788e-15
-8.236016255e-15
-9.930600733e-15
-8.772394072e-15
-8.158019813e-15
-6.664786838e-15
-7.05284973e-15
-9.242498773e-15
-9.445605167e-15
-7.712946726e-15
-6.637662728e-15
-8.399639356e-15
-8.589946325e-15
-6.598708983e-15
-6.550432002e-15
-8.206027925e-15
-7.831899811e-15
-5.740116017e-15
-6.518725841e-15
-6.974272801e-15
-5.407016868e-15
-4.586402572e-15
-3.723912706e-15
-5.198608062e-15
-5.076965361e-15
-3.052991225e-15
-4.883976335e-15
-5.173339883e-15
-4.365957727e-15
-5.198449527e-15
-6.005842441e-15
-5.462810505e-15
-4.705636157e-15
-7.156324075e-15
-6.146547557e-15
-6.029794746e-15
-7.970746821e-15
-6.909384885e-15
-6.08649153e-15
-9.230218796e-15
-8.62650795e-15
-7.137224253e-15
-8.098890329e-15
-8.57478256e-15
-9.074484181e-15
-7.594360429e-15
-7.506626649e-15
-7.508941524e-15
-7.471947486e-15
-8.863896873e-15
-9.266933115e-15
-8.103707083e-15
-8.738282108e-15
-9.398326553e-15
-8.860175351e-15
-9.422396911e-15
-9.61026475e-15
-8.267765441e-15
-9.600238882e-15
-1.108032207e-14
-9.286444094e-15
-9.751151929e-15
-1.123158431e-14
-1.125938747e-14
-1.036003495e-14
-1.11098981e-14
-1.139726923e-14
-1.04175291e-14
-1.109802321e-14
-1.251758301e-14
-1.184055379e-14
-1.05005656e-14
-1.205312392e-14
-1.099672259e-14
-8.648148959e-15
-9.619406917e-15
-1.00085666e-14
-9.927664578e-15
-1.036105337e-14
-1.017435542e-14
-9.562219817e-15
-9.948016481e-15
-9.916530034e-15
-1.033578431e-14
-1.142723231e-14
-9.474617537e-15
-9.017163252e-15
-1.100924606e-14
-1.014853046e-14
-1.002485103e-14
-1.043151046e-14
-1.001535678e-14
-1.131315826e-14
-1.19223832e-14
-9.841390094e-15
-9.772352487e-15
-1.032641457e-14
-1.171050267e-14
-1.138714236e-14
-9.774615216e-15
-1.099304004e-14
-1.130350317e-14
-1.132485014e-14
-1.177032334e-14
-1.123997754e-14
-1.088883944e-14
-1.130479467e-14
-1.084458345e-14
-1.029155946e-14
-1.069930769e-14
-1.121114284e-14
-1.11540779e-14
-1.069481301e-14
-1.062419024e-14
-1.099704901e-14
-1.118598868e-14
-1.239556462e-14
-1.165202107e-14
-1.029068793e-14
-1.049990656e-14
-1.135432666e-14
-1.082936023e-14
-1.100829108e-14
-1.169613021e-14
-1.242700725e-14
-1.232392978e-14
-1.190343072e-14
-1.25366589e-14
-1.33920609e-14
-1.351417757e-14
-1.126569802e-14
-1.088875983e-14
-1.207588452e-14
-1.399721086e-14
-1.292475333e-14
-1.050072602e-14
-1.166556951e-14
-1.420533681e-14
-1.313257498e-14
-1.256182845e-14
-1.443013272e-14
-1.555706385e-14
-1.440186461e-14
-1.350057139e-14
-1.56356772e-14
-1.673541381e-14
-1.421694211e-14
-1.326450843e-14
-1.329275601e-14
-1.435579941e-14
-1.287324309e-14
-1.288552476e-14
-1.513475368e-14
-1.506907521e-14
-1.413531178e-14
-1.279079871e-14
-1.476466219e-14
-1.55327606e-14
-1.497017631e-14
-1.402655212e-14
-1.499658994e-14
-1.662419212e-14
-1.519211654e-14
-1.493717295e-14
-1.532931584e-14
-1.530787954e-14
-1.437962e-14
-1.360997746e-14
-1.608264738e-14
-1.765309051e-14
-1.657474227e-14
-1.476048198e-14
-1.365548452e-14
-1.413923637e-14
-1.529249953e-14
-1.360301732e-14
-1.290756163e-14
-1.424799583e-14
-1.53797312e-14
-1.447945953e-14
-1.19193873e-14
-1.165712808e-14
-1.368124163e-14
-1.392293098e-14
-1.16874316e-14
-1.246001477e-14
-1.362307621e-14
-1.27273671e-14
-1.311848354e-14
-1.301838298e-14
-1.266376205e-14
-1.288599956e-14
-9.77030424e-15
-1.139596891e-14
-1.296257475e-14
-1.096987344e-14
-1.16474456e-14
-1.079429968e-14
-1.000776293e-14
-1.015293952e-14
-7.566445425e-15
-8.920350833e-15
-1.033355909e-14
-8.595131484e-15
-8.621157883e-15
-6.904574207e-15
-7.524453036e-15
-8.280402948e-15
-8.510898378e-15
-8.11261154e-15
-7.364100398e-15
-8.401307924e-15
-8.185536852e-15
-6.800477318e-15
-6.244662342e-15
-8.204675928e-15
-8.512820137e-15
-5.644413814e-15
-6.633245528e-15
-6.570209683e-15
-4.445198286e-15
-3.908268537e-15
-2.74933568e-15
-5.395640195e-15
-6.283765013e-15
-3.192156265e-15
-4.877053373e-15
-5.943046637e-15
-3.820477527e-15
-4.984268576e-15
-6.903413161e-15
-4.384760442e-15
-4.529622202e-15
-6.995308311e-15
-5.705483152e-15
-6.341346825e-15
-8.653039231e-15
-7.700703456e-15
-5.753927349e-15
-9.399223499e-15
-9.17620037e-15
-6.880850845e-15
-7.408627278e-15
-7.82116561e-15
-8.982818504e-15
-7.770962233e-15
-6.856233183e-15
-6.71639683e-15
-8.342387551e-15
-9.715893718e-15
-9.621485587e-15
-7.78736837e-15
-7.531655662e-15
-9.361884289e-15
-1.019764115e-14
-9.343819947e-15
-9.573287437e-15
-8.578006767e-15
-8.495100554e-15
-1.082344341e-14
-9.676744279e-15
-9.389912635e-15
-1.158857304e-14
-1.193697931e-14
-1.017726159e-14
-1.095762802e-14
-1.075417767e-14
-1.071355406e-14
-1.193720248e-14
-1.2081703e-14
-1.194825477e-14
-1.125883822e-14
-1.124381717e-14
-1.040332613e-14
-9.50250773e-15
-9.803967361e-15
-1.007333961e-14
-1.013414741e-14
-9.595776798e-15
-9.755880948e-15
-1.015790278e-14
-1.001991971e-14
-1.012614481e-14
-1.132603616e-14
-1.061934731e-14
-8.673525166e-15
-9.185923063e-15
-9.537807819e-15
-1.028803529e-14
-1.179191803e-14
-1.000933092e-14
-8.865723131e-15
-1.156588599e-14
-1.345596658e-14
-1.045540552e-14
-8.203594943e-15
-1.083293862e-14
-1.298591936e-14
-1.078327717e-14
-9.432871048e-15
-1.138047503e-14
-1.011365029e-14
-1.207511662e-14
-1.215880983e-14
-1.031211984e-14
-1.10272383e-14
-1.194072914e-14
-1.067196361e-14
-8.983451139e-15
-1.067149677e-14
-1.292960252e-14
-1.209804368e-14
-9.168584373e-15
-1.095345352e-14
-1.174367094e-14
-1.018102626e-14
-1.211921916e-14
-1.282828269e-14
-1.086980778e-14
-8.586834946e-15
-1.005977412e-14
-1.274280837e-14
-1.298828916e-14
-9.835081408e-15
-1.046564326e-14
-1.405469082e-14
-1.268245524e-14
-1.240802978e-14
-1.222631551e-14
-1.231544505e-14
-1.29077822e-14
-1.179322702e-14
-1.135471716e-14
-1.311493105e-14
-1.367975873e-14
-1.14067234e-14
-1.08427695e-14
-1.343231171e-14
-1.396845694e-14
-1.227576171e-14
-1.258344514e-14
-1.56703159e-14
-1.625352488e-14
-1.450914565e-14
-1.606913784e-14
-1.521810976e-14
-1.372381833e-14
-1.363811797e-14
-1.260318983e-14
-1.451307147e-14
-1.285107841e-14
-1.432821778e-14
-1.48531241e-14
-1.43752718e-14
-1.467397996e-14
-1.445664539e-14
-1.451165494e-14
-1.343711049e-14
-1.403485898e-14
-1.385271681e-14
-1.693622159e-14
-1.70824061e-14
-1.43436059e-14
-1.549648289e-14
-1.461420203e-14
-1.427770542e-14
-1.491308792e-14
-1.497747989e-14
-1.829354635e-14
-1.659490779e-14
-1.361769941e-14
-1.640008695e-14
-1.441835632e-14
-1.222020162e-14
-1.426418297e-14
-1.450452255e-14
-1.473903562e-14
-1.308247961e-14
-1.490951913e-14
-1.495754444e-14
-1.234152845e-14
-1.155020316e-14
-1.372554435e-14
-1.393839226e-14
-1.086751882e-14
-1.372778092e-14
-1.292084593e-14
-1.158468229e-14
-1.58590102e-14
-1.25323766e-14
-1.170941796e-14
-1.212106392e-14
-8.71905348e-15
-1.363814458e-14
-1.286404864e-14
-1.022089177e-14
-1.485953613e-14
-1.023547935e-14
-7.688478315e-15
-9.160114987e-15
-6.629250152e-15
-1.231071866e-14
-1.008210718e-14
-5.245263791e-15
-8.743138079e-15
-1.004748317e-14
-7.623038826e-15
-6.101161978e-15
-7.532511217e-15
-9.086222062e-15
-9.940321965e-15
-7.191128537e-15
-6.44503431e-15
-6.808457111e-15
-6.350237913e-15
-9.718883387e-15
-9.595100155e-15
)
;

boundaryField
{
    inlet
    {
        type            cyclic;
    }
    outlet
    {
        type            cyclic;
    }
    topWall
    {
        type            zeroGradient;
    }
    bottomWall
    {
        type            zeroGradient;
    }
    frontAndBack
    {
        type            empty;
    }
}


// ************************************************************************* //
