/*--------------------------------*- C++ -*----------------------------------*\
  =========                 |
  \\      /  F ield         | OpenFOAM: The Open Source CFD Toolbox
   \\    /   O peration     | Website:  https://openfoam.org
    \\  /    A nd           | Version:  10
     \\/     M anipulation  |
\*---------------------------------------------------------------------------*/
FoamFile
{
    format      ascii;
    class       faceList;
    location    "constant/polyMesh";
    object      faces;
}
// * * * * * * * * * * * * * * * * * * * * * * * * * * * * * * * * * * * * * //


1704
(
4(1 6 511 506)
4(5 510 511 6)
4(2 7 512 507)
4(6 511 512 7)
4(3 8 513 508)
4(7 512 513 8)
4(8 513 514 9)
4(6 11 516 511)
4(10 515 516 11)
4(7 12 517 512)
4(11 516 517 12)
4(8 13 518 513)
4(12 517 518 13)
4(13 518 519 14)
4(11 16 521 516)
4(15 520 521 16)
4(12 17 522 517)
4(16 521 522 17)
4(13 18 523 518)
4(17 522 523 18)
4(18 523 524 19)
4(16 21 526 521)
4(20 525 526 21)
4(17 22 527 522)
4(21 526 527 22)
4(18 23 528 523)
4(22 527 528 23)
4(23 528 529 24)
4(21 26 531 526)
4(25 530 531 26)
4(22 27 532 527)
4(26 531 532 27)
4(23 28 533 528)
4(27 532 533 28)
4(28 533 534 29)
4(26 31 536 531)
4(30 535 536 31)
4(27 32 537 532)
4(31 536 537 32)
4(28 33 538 533)
4(32 537 538 33)
4(33 538 539 34)
4(31 36 541 536)
4(35 540 541 36)
4(32 37 542 537)
4(36 541 542 37)
4(33 38 543 538)
4(37 542 543 38)
4(38 543 544 39)
4(36 41 546 541)
4(40 545 546 41)
4(37 42 547 542)
4(41 546 547 42)
4(38 43 548 543)
4(42 547 548 43)
4(43 548 549 44)
4(41 46 551 546)
4(45 550 551 46)
4(42 47 552 547)
4(46 551 552 47)
4(43 48 553 548)
4(47 552 553 48)
4(48 553 554 49)
4(46 51 556 551)
4(50 555 556 51)
4(47 52 557 552)
4(51 556 557 52)
4(48 53 558 553)
4(52 557 558 53)
4(53 558 559 54)
4(51 56 561 556)
4(55 560 561 56)
4(52 57 562 557)
4(56 561 562 57)
4(53 58 563 558)
4(57 562 563 58)
4(58 563 564 59)
4(56 61 566 561)
4(60 565 566 61)
4(57 62 567 562)
4(61 566 567 62)
4(58 63 568 563)
4(62 567 568 63)
4(63 568 569 64)
4(61 66 571 566)
4(65 570 571 66)
4(62 67 572 567)
4(66 571 572 67)
4(63 68 573 568)
4(67 572 573 68)
4(68 573 574 69)
4(66 71 576 571)
4(70 575 576 71)
4(67 72 577 572)
4(71 576 577 72)
4(68 73 578 573)
4(72 577 578 73)
4(73 578 579 74)
4(71 76 581 576)
4(75 580 581 76)
4(72 77 582 577)
4(76 581 582 77)
4(73 78 583 578)
4(77 582 583 78)
4(78 583 584 79)
4(76 81 586 581)
4(80 585 586 81)
4(77 82 587 582)
4(81 586 587 82)
4(78 83 588 583)
4(82 587 588 83)
4(83 588 589 84)
4(81 86 591 586)
4(85 590 591 86)
4(82 87 592 587)
4(86 591 592 87)
4(83 88 593 588)
4(87 592 593 88)
4(88 593 594 89)
4(86 91 596 591)
4(90 595 596 91)
4(87 92 597 592)
4(91 596 597 92)
4(88 93 598 593)
4(92 597 598 93)
4(93 598 599 94)
4(91 96 601 596)
4(95 600 601 96)
4(92 97 602 597)
4(96 601 602 97)
4(93 98 603 598)
4(97 602 603 98)
4(98 603 604 99)
4(96 101 606 601)
4(100 605 606 101)
4(97 102 607 602)
4(101 606 607 102)
4(98 103 608 603)
4(102 607 608 103)
4(103 608 609 104)
4(101 106 611 606)
4(105 610 611 106)
4(102 107 612 607)
4(106 611 612 107)
4(103 108 613 608)
4(107 612 613 108)
4(108 613 614 109)
4(106 111 616 611)
4(110 615 616 111)
4(107 112 617 612)
4(111 616 617 112)
4(108 113 618 613)
4(112 617 618 113)
4(113 618 619 114)
4(111 116 621 616)
4(115 620 621 116)
4(112 117 622 617)
4(116 621 622 117)
4(113 118 623 618)
4(117 622 623 118)
4(118 623 624 119)
4(116 121 626 621)
4(120 625 626 121)
4(117 122 627 622)
4(121 626 627 122)
4(118 123 628 623)
4(122 627 628 123)
4(123 628 629 124)
4(121 126 631 626)
4(125 630 631 126)
4(122 127 632 627)
4(126 631 632 127)
4(123 128 633 628)
4(127 632 633 128)
4(128 633 634 129)
4(126 131 636 631)
4(130 635 636 131)
4(127 132 637 632)
4(131 636 637 132)
4(128 133 638 633)
4(132 637 638 133)
4(133 638 639 134)
4(131 136 641 636)
4(135 640 641 136)
4(132 137 642 637)
4(136 641 642 137)
4(133 138 643 638)
4(137 642 643 138)
4(138 643 644 139)
4(136 141 646 641)
4(140 645 646 141)
4(137 142 647 642)
4(141 646 647 142)
4(138 143 648 643)
4(142 647 648 143)
4(143 648 649 144)
4(141 146 651 646)
4(145 650 651 146)
4(142 147 652 647)
4(146 651 652 147)
4(143 148 653 648)
4(147 652 653 148)
4(148 653 654 149)
4(146 151 656 651)
4(150 655 656 151)
4(147 152 657 652)
4(151 656 657 152)
4(148 153 658 653)
4(152 657 658 153)
4(153 658 659 154)
4(151 156 661 656)
4(155 660 661 156)
4(152 157 662 657)
4(156 661 662 157)
4(153 158 663 658)
4(157 662 663 158)
4(158 663 664 159)
4(156 161 666 661)
4(160 665 666 161)
4(157 162 667 662)
4(161 666 667 162)
4(158 163 668 663)
4(162 667 668 163)
4(163 668 669 164)
4(161 166 671 666)
4(165 670 671 166)
4(162 167 672 667)
4(166 671 672 167)
4(163 168 673 668)
4(167 672 673 168)
4(168 673 674 169)
4(166 171 676 671)
4(170 675 676 171)
4(167 172 677 672)
4(171 676 677 172)
4(168 173 678 673)
4(172 677 678 173)
4(173 678 679 174)
4(171 176 681 676)
4(175 680 681 176)
4(172 177 682 677)
4(176 681 682 177)
4(173 178 683 678)
4(177 682 683 178)
4(178 683 684 179)
4(176 181 686 681)
4(180 685 686 181)
4(177 182 687 682)
4(181 686 687 182)
4(178 183 688 683)
4(182 687 688 183)
4(183 688 689 184)
4(181 186 691 686)
4(185 690 691 186)
4(182 187 692 687)
4(186 691 692 187)
4(183 188 693 688)
4(187 692 693 188)
4(188 693 694 189)
4(186 191 696 691)
4(190 695 696 191)
4(187 192 697 692)
4(191 696 697 192)
4(188 193 698 693)
4(192 697 698 193)
4(193 698 699 194)
4(191 196 701 696)
4(195 700 701 196)
4(192 197 702 697)
4(196 701 702 197)
4(193 198 703 698)
4(197 702 703 198)
4(198 703 704 199)
4(196 201 706 701)
4(200 705 706 201)
4(197 202 707 702)
4(201 706 707 202)
4(198 203 708 703)
4(202 707 708 203)
4(203 708 709 204)
4(201 206 711 706)
4(205 710 711 206)
4(202 207 712 707)
4(206 711 712 207)
4(203 208 713 708)
4(207 712 713 208)
4(208 713 714 209)
4(206 211 716 711)
4(210 715 716 211)
4(207 212 717 712)
4(211 716 717 212)
4(208 213 718 713)
4(212 717 718 213)
4(213 718 719 214)
4(211 216 721 716)
4(215 720 721 216)
4(212 217 722 717)
4(216 721 722 217)
4(213 218 723 718)
4(217 722 723 218)
4(218 723 724 219)
4(216 221 726 721)
4(220 725 726 221)
4(217 222 727 722)
4(221 726 727 222)
4(218 223 728 723)
4(222 727 728 223)
4(223 728 729 224)
4(221 226 731 726)
4(225 730 731 226)
4(222 227 732 727)
4(226 731 732 227)
4(223 228 733 728)
4(227 732 733 228)
4(228 733 734 229)
4(226 231 736 731)
4(230 735 736 231)
4(227 232 737 732)
4(231 736 737 232)
4(228 233 738 733)
4(232 737 738 233)
4(233 738 739 234)
4(231 236 741 736)
4(235 740 741 236)
4(232 237 742 737)
4(236 741 742 237)
4(233 238 743 738)
4(237 742 743 238)
4(238 743 744 239)
4(236 241 746 741)
4(240 745 746 241)
4(237 242 747 742)
4(241 746 747 242)
4(238 243 748 743)
4(242 747 748 243)
4(243 748 749 244)
4(241 246 751 746)
4(245 750 751 246)
4(242 247 752 747)
4(246 751 752 247)
4(243 248 753 748)
4(247 752 753 248)
4(248 753 754 249)
4(246 251 756 751)
4(250 755 756 251)
4(247 252 757 752)
4(251 756 757 252)
4(248 253 758 753)
4(252 757 758 253)
4(253 758 759 254)
4(251 256 761 756)
4(255 760 761 256)
4(252 257 762 757)
4(256 761 762 257)
4(253 258 763 758)
4(257 762 763 258)
4(258 763 764 259)
4(256 261 766 761)
4(260 765 766 261)
4(257 262 767 762)
4(261 766 767 262)
4(258 263 768 763)
4(262 767 768 263)
4(263 768 769 264)
4(261 266 771 766)
4(265 770 771 266)
4(262 267 772 767)
4(266 771 772 267)
4(263 268 773 768)
4(267 772 773 268)
4(268 773 774 269)
4(266 271 776 771)
4(270 775 776 271)
4(267 272 777 772)
4(271 776 777 272)
4(268 273 778 773)
4(272 777 778 273)
4(273 778 779 274)
4(271 276 781 776)
4(275 780 781 276)
4(272 277 782 777)
4(276 781 782 277)
4(273 278 783 778)
4(277 782 783 278)
4(278 783 784 279)
4(276 281 786 781)
4(280 785 786 281)
4(277 282 787 782)
4(281 786 787 282)
4(278 283 788 783)
4(282 787 788 283)
4(283 788 789 284)
4(281 286 791 786)
4(285 790 791 286)
4(282 287 792 787)
4(286 791 792 287)
4(283 288 793 788)
4(287 792 793 288)
4(288 793 794 289)
4(286 291 796 791)
4(290 795 796 291)
4(287 292 797 792)
4(291 796 797 292)
4(288 293 798 793)
4(292 797 798 293)
4(293 798 799 294)
4(291 296 801 796)
4(295 800 801 296)
4(292 297 802 797)
4(296 801 802 297)
4(293 298 803 798)
4(297 802 803 298)
4(298 803 804 299)
4(296 301 806 801)
4(300 805 806 301)
4(297 302 807 802)
4(301 806 807 302)
4(298 303 808 803)
4(302 807 808 303)
4(303 808 809 304)
4(301 306 811 806)
4(305 810 811 306)
4(302 307 812 807)
4(306 811 812 307)
4(303 308 813 808)
4(307 812 813 308)
4(308 813 814 309)
4(306 311 816 811)
4(310 815 816 311)
4(307 312 817 812)
4(311 816 817 312)
4(308 313 818 813)
4(312 817 818 313)
4(313 818 819 314)
4(311 316 821 816)
4(315 820 821 316)
4(312 317 822 817)
4(316 821 822 317)
4(313 318 823 818)
4(317 822 823 318)
4(318 823 824 319)
4(316 321 826 821)
4(320 825 826 321)
4(317 322 827 822)
4(321 826 827 322)
4(318 323 828 823)
4(322 827 828 323)
4(323 828 829 324)
4(321 326 831 826)
4(325 830 831 326)
4(322 327 832 827)
4(326 831 832 327)
4(323 328 833 828)
4(327 832 833 328)
4(328 833 834 329)
4(326 331 836 831)
4(330 835 836 331)
4(327 332 837 832)
4(331 836 837 332)
4(328 333 838 833)
4(332 837 838 333)
4(333 838 839 334)
4(331 336 841 836)
4(335 840 841 336)
4(332 337 842 837)
4(336 841 842 337)
4(333 338 843 838)
4(337 842 843 338)
4(338 843 844 339)
4(336 341 846 841)
4(340 845 846 341)
4(337 342 847 842)
4(341 846 847 342)
4(338 343 848 843)
4(342 847 848 343)
4(343 848 849 344)
4(341 346 851 846)
4(345 850 851 346)
4(342 347 852 847)
4(346 851 852 347)
4(343 348 853 848)
4(347 852 853 348)
4(348 853 854 349)
4(346 351 856 851)
4(350 855 856 351)
4(347 352 857 852)
4(351 856 857 352)
4(348 353 858 853)
4(352 857 858 353)
4(353 858 859 354)
4(351 356 861 856)
4(355 860 861 356)
4(352 357 862 857)
4(356 861 862 357)
4(353 358 863 858)
4(357 862 863 358)
4(358 863 864 359)
4(356 361 866 861)
4(360 865 866 361)
4(357 362 867 862)
4(361 866 867 362)
4(358 363 868 863)
4(362 867 868 363)
4(363 868 869 364)
4(361 366 871 866)
4(365 870 871 366)
4(362 367 872 867)
4(366 871 872 367)
4(363 368 873 868)
4(367 872 873 368)
4(368 873 874 369)
4(366 371 876 871)
4(370 875 876 371)
4(367 372 877 872)
4(371 876 877 372)
4(368 373 878 873)
4(372 877 878 373)
4(373 878 879 374)
4(371 376 881 876)
4(375 880 881 376)
4(372 377 882 877)
4(376 881 882 377)
4(373 378 883 878)
4(377 882 883 378)
4(378 883 884 379)
4(376 381 886 881)
4(380 885 886 381)
4(377 382 887 882)
4(381 886 887 382)
4(378 383 888 883)
4(382 887 888 383)
4(383 888 889 384)
4(381 386 891 886)
4(385 890 891 386)
4(382 387 892 887)
4(386 891 892 387)
4(383 388 893 888)
4(387 892 893 388)
4(388 893 894 389)
4(386 391 896 891)
4(390 895 896 391)
4(387 392 897 892)
4(391 896 897 392)
4(388 393 898 893)
4(392 897 898 393)
4(393 898 899 394)
4(391 396 901 896)
4(395 900 901 396)
4(392 397 902 897)
4(396 901 902 397)
4(393 398 903 898)
4(397 902 903 398)
4(398 903 904 399)
4(396 401 906 901)
4(400 905 906 401)
4(397 402 907 902)
4(401 906 907 402)
4(398 403 908 903)
4(402 907 908 403)
4(403 908 909 404)
4(401 406 911 906)
4(405 910 911 406)
4(402 407 912 907)
4(406 911 912 407)
4(403 408 913 908)
4(407 912 913 408)
4(408 913 914 409)
4(406 411 916 911)
4(410 915 916 411)
4(407 412 917 912)
4(411 916 917 412)
4(408 413 918 913)
4(412 917 918 413)
4(413 918 919 414)
4(411 416 921 916)
4(415 920 921 416)
4(412 417 922 917)
4(416 921 922 417)
4(413 418 923 918)
4(417 922 923 418)
4(418 923 924 419)
4(416 421 926 921)
4(420 925 926 421)
4(417 422 927 922)
4(421 926 927 422)
4(418 423 928 923)
4(422 927 928 423)
4(423 928 929 424)
4(421 426 931 926)
4(425 930 931 426)
4(422 427 932 927)
4(426 931 932 427)
4(423 428 933 928)
4(427 932 933 428)
4(428 933 934 429)
4(426 431 936 931)
4(430 935 936 431)
4(427 432 937 932)
4(431 936 937 432)
4(428 433 938 933)
4(432 937 938 433)
4(433 938 939 434)
4(431 436 941 936)
4(435 940 941 436)
4(432 437 942 937)
4(436 941 942 437)
4(433 438 943 938)
4(437 942 943 438)
4(438 943 944 439)
4(436 441 946 941)
4(440 945 946 441)
4(437 442 947 942)
4(441 946 947 442)
4(438 443 948 943)
4(442 947 948 443)
4(443 948 949 444)
4(441 446 951 946)
4(445 950 951 446)
4(442 447 952 947)
4(446 951 952 447)
4(443 448 953 948)
4(447 952 953 448)
4(448 953 954 449)
4(446 451 956 951)
4(450 955 956 451)
4(447 452 957 952)
4(451 956 957 452)
4(448 453 958 953)
4(452 957 958 453)
4(453 958 959 454)
4(451 456 961 956)
4(455 960 961 456)
4(452 457 962 957)
4(456 961 962 457)
4(453 458 963 958)
4(457 962 963 458)
4(458 963 964 459)
4(456 461 966 961)
4(460 965 966 461)
4(457 462 967 962)
4(461 966 967 462)
4(458 463 968 963)
4(462 967 968 463)
4(463 968 969 464)
4(461 466 971 966)
4(465 970 971 466)
4(462 467 972 967)
4(466 971 972 467)
4(463 468 973 968)
4(467 972 973 468)
4(468 973 974 469)
4(466 471 976 971)
4(470 975 976 471)
4(467 472 977 972)
4(471 976 977 472)
4(468 473 978 973)
4(472 977 978 473)
4(473 978 979 474)
4(471 476 981 976)
4(475 980 981 476)
4(472 477 982 977)
4(476 981 982 477)
4(473 478 983 978)
4(477 982 983 478)
4(478 983 984 479)
4(476 481 986 981)
4(480 985 986 481)
4(477 482 987 982)
4(481 986 987 482)
4(478 483 988 983)
4(482 987 988 483)
4(483 988 989 484)
4(481 486 991 986)
4(485 990 991 486)
4(482 487 992 987)
4(486 991 992 487)
4(483 488 993 988)
4(487 992 993 488)
4(488 993 994 489)
4(486 491 996 991)
4(490 995 996 491)
4(487 492 997 992)
4(491 996 997 492)
4(488 493 998 993)
4(492 997 998 493)
4(493 998 999 494)
4(491 496 1001 996)
4(495 1000 1001 496)
4(492 497 1002 997)
4(496 1001 1002 497)
4(493 498 1003 998)
4(497 1002 1003 498)
4(498 1003 1004 499)
4(496 501 1006 1001)
4(497 502 1007 1002)
4(498 503 1008 1003)
4(370 875 880 375)
4(370 365 870 875)
4(365 360 865 870)
4(360 355 860 865)
4(355 350 855 860)
4(350 345 850 855)
4(345 340 845 850)
4(340 335 840 845)
4(335 330 835 840)
4(330 325 830 835)
4(325 320 825 830)
4(320 315 820 825)
4(315 310 815 820)
4(310 305 810 815)
4(305 300 805 810)
4(300 295 800 805)
4(295 290 795 800)
4(290 285 790 795)
4(285 280 785 790)
4(280 275 780 785)
4(275 270 775 780)
4(270 265 770 775)
4(265 260 765 770)
4(260 255 760 765)
4(255 250 755 760)
4(250 245 750 755)
4(245 240 745 750)
4(240 235 740 745)
4(235 230 735 740)
4(230 225 730 735)
4(225 220 725 730)
4(220 215 720 725)
4(215 210 715 720)
4(210 205 710 715)
4(205 200 705 710)
4(200 195 700 705)
4(195 190 695 700)
4(190 185 690 695)
4(185 180 685 690)
4(180 175 680 685)
4(175 170 675 680)
4(170 165 670 675)
4(165 160 665 670)
4(160 155 660 665)
4(155 150 655 660)
4(150 145 650 655)
4(145 140 645 650)
4(140 135 640 645)
4(135 130 635 640)
4(130 125 630 635)
4(125 120 625 630)
4(120 115 620 625)
4(115 110 615 620)
4(110 105 610 615)
4(105 100 605 610)
4(100 95 600 605)
4(95 90 595 600)
4(90 85 590 595)
4(85 80 585 590)
4(80 75 580 585)
4(75 70 575 580)
4(70 65 570 575)
4(65 60 565 570)
4(60 55 560 565)
4(55 50 555 560)
4(50 45 550 555)
4(45 40 545 550)
4(40 35 540 545)
4(35 30 535 540)
4(30 25 530 535)
4(25 20 525 530)
4(20 15 520 525)
4(15 10 515 520)
4(10 5 510 515)
4(5 0 505 510)
4(880 885 380 375)
4(885 890 385 380)
4(890 895 390 385)
4(895 900 395 390)
4(900 905 400 395)
4(905 910 405 400)
4(910 915 410 405)
4(915 920 415 410)
4(920 925 420 415)
4(925 930 425 420)
4(930 935 430 425)
4(935 940 435 430)
4(940 945 440 435)
4(945 950 445 440)
4(950 955 450 445)
4(955 960 455 450)
4(960 965 460 455)
4(965 970 465 460)
4(970 975 470 465)
4(975 980 475 470)
4(980 985 480 475)
4(985 990 485 480)
4(990 995 490 485)
4(995 1000 495 490)
4(1000 1005 500 495)
4(374 379 884 879)
4(374 879 874 369)
4(369 874 869 364)
4(364 869 864 359)
4(359 864 859 354)
4(354 859 854 349)
4(349 854 849 344)
4(344 849 844 339)
4(339 844 839 334)
4(334 839 834 329)
4(329 834 829 324)
4(324 829 824 319)
4(319 824 819 314)
4(314 819 814 309)
4(309 814 809 304)
4(304 809 804 299)
4(299 804 799 294)
4(294 799 794 289)
4(289 794 789 284)
4(284 789 784 279)
4(279 784 779 274)
4(274 779 774 269)
4(269 774 769 264)
4(264 769 764 259)
4(259 764 759 254)
4(254 759 754 249)
4(249 754 749 244)
4(244 749 744 239)
4(239 744 739 234)
4(234 739 734 229)
4(229 734 729 224)
4(224 729 724 219)
4(219 724 719 214)
4(214 719 714 209)
4(209 714 709 204)
4(204 709 704 199)
4(199 704 699 194)
4(194 699 694 189)
4(189 694 689 184)
4(184 689 684 179)
4(179 684 679 174)
4(174 679 674 169)
4(169 674 669 164)
4(164 669 664 159)
4(159 664 659 154)
4(154 659 654 149)
4(149 654 649 144)
4(144 649 644 139)
4(139 644 639 134)
4(134 639 634 129)
4(129 634 629 124)
4(124 629 624 119)
4(119 624 619 114)
4(114 619 614 109)
4(109 614 609 104)
4(104 609 604 99)
4(99 604 599 94)
4(94 599 594 89)
4(89 594 589 84)
4(84 589 584 79)
4(79 584 579 74)
4(74 579 574 69)
4(69 574 569 64)
4(64 569 564 59)
4(59 564 559 54)
4(54 559 554 49)
4(49 554 549 44)
4(44 549 544 39)
4(39 544 539 34)
4(34 539 534 29)
4(29 534 529 24)
4(24 529 524 19)
4(19 524 519 14)
4(14 519 514 9)
4(9 514 509 4)
4(884 379 384 889)
4(889 384 389 894)
4(894 389 394 899)
4(899 394 399 904)
4(904 399 404 909)
4(909 404 409 914)
4(914 409 414 919)
4(919 414 419 924)
4(924 419 424 929)
4(929 424 429 934)
4(934 429 434 939)
4(939 434 439 944)
4(944 439 444 949)
4(949 444 449 954)
4(954 449 454 959)
4(959 454 459 964)
4(964 459 464 969)
4(969 464 469 974)
4(974 469 474 979)
4(979 474 479 984)
4(984 479 484 989)
4(989 484 489 994)
4(994 489 494 999)
4(999 494 499 1004)
4(1004 499 504 1009)
4(500 1005 1006 501)
4(501 1006 1007 502)
4(502 1007 1008 503)
4(503 1008 1009 504)
4(0 1 506 505)
4(1 2 507 506)
4(2 3 508 507)
4(3 4 509 508)
4(0 5 6 1)
4(5 10 11 6)
4(10 15 16 11)
4(15 20 21 16)
4(20 25 26 21)
4(25 30 31 26)
4(30 35 36 31)
4(35 40 41 36)
4(40 45 46 41)
4(45 50 51 46)
4(50 55 56 51)
4(55 60 61 56)
4(60 65 66 61)
4(65 70 71 66)
4(70 75 76 71)
4(75 80 81 76)
4(80 85 86 81)
4(85 90 91 86)
4(90 95 96 91)
4(95 100 101 96)
4(100 105 106 101)
4(105 110 111 106)
4(110 115 116 111)
4(115 120 121 116)
4(120 125 126 121)
4(125 130 131 126)
4(130 135 136 131)
4(135 140 141 136)
4(140 145 146 141)
4(145 150 151 146)
4(150 155 156 151)
4(155 160 161 156)
4(160 165 166 161)
4(165 170 171 166)
4(170 175 176 171)
4(175 180 181 176)
4(180 185 186 181)
4(185 190 191 186)
4(190 195 196 191)
4(195 200 201 196)
4(200 205 206 201)
4(205 210 211 206)
4(210 215 216 211)
4(215 220 221 216)
4(220 225 226 221)
4(225 230 231 226)
4(230 235 236 231)
4(235 240 241 236)
4(240 245 246 241)
4(245 250 251 246)
4(250 255 256 251)
4(255 260 261 256)
4(260 265 266 261)
4(265 270 271 266)
4(270 275 276 271)
4(275 280 281 276)
4(280 285 286 281)
4(285 290 291 286)
4(290 295 296 291)
4(295 300 301 296)
4(300 305 306 301)
4(305 310 311 306)
4(310 315 316 311)
4(315 320 321 316)
4(320 325 326 321)
4(325 330 331 326)
4(330 335 336 331)
4(335 340 341 336)
4(340 345 346 341)
4(345 350 351 346)
4(350 355 356 351)
4(355 360 361 356)
4(360 365 366 361)
4(365 370 371 366)
4(370 375 376 371)
4(375 380 381 376)
4(380 385 386 381)
4(385 390 391 386)
4(390 395 396 391)
4(395 400 401 396)
4(400 405 406 401)
4(405 410 411 406)
4(410 415 416 411)
4(415 420 421 416)
4(420 425 426 421)
4(425 430 431 426)
4(430 435 436 431)
4(435 440 441 436)
4(440 445 446 441)
4(445 450 451 446)
4(450 455 456 451)
4(455 460 461 456)
4(460 465 466 461)
4(465 470 471 466)
4(470 475 476 471)
4(475 480 481 476)
4(480 485 486 481)
4(485 490 491 486)
4(490 495 496 491)
4(495 500 501 496)
4(1 6 7 2)
4(6 11 12 7)
4(11 16 17 12)
4(16 21 22 17)
4(21 26 27 22)
4(26 31 32 27)
4(31 36 37 32)
4(36 41 42 37)
4(41 46 47 42)
4(46 51 52 47)
4(51 56 57 52)
4(56 61 62 57)
4(61 66 67 62)
4(66 71 72 67)
4(71 76 77 72)
4(76 81 82 77)
4(81 86 87 82)
4(86 91 92 87)
4(91 96 97 92)
4(96 101 102 97)
4(101 106 107 102)
4(106 111 112 107)
4(111 116 117 112)
4(116 121 122 117)
4(121 126 127 122)
4(126 131 132 127)
4(131 136 137 132)
4(136 141 142 137)
4(141 146 147 142)
4(146 151 152 147)
4(151 156 157 152)
4(156 161 162 157)
4(161 166 167 162)
4(166 171 172 167)
4(171 176 177 172)
4(176 181 182 177)
4(181 186 187 182)
4(186 191 192 187)
4(191 196 197 192)
4(196 201 202 197)
4(201 206 207 202)
4(206 211 212 207)
4(211 216 217 212)
4(216 221 222 217)
4(221 226 227 222)
4(226 231 232 227)
4(231 236 237 232)
4(236 241 242 237)
4(241 246 247 242)
4(246 251 252 247)
4(251 256 257 252)
4(256 261 262 257)
4(261 266 267 262)
4(266 271 272 267)
4(271 276 277 272)
4(276 281 282 277)
4(281 286 287 282)
4(286 291 292 287)
4(291 296 297 292)
4(296 301 302 297)
4(301 306 307 302)
4(306 311 312 307)
4(311 316 317 312)
4(316 321 322 317)
4(321 326 327 322)
4(326 331 332 327)
4(331 336 337 332)
4(336 341 342 337)
4(341 346 347 342)
4(346 351 352 347)
4(351 356 357 352)
4(356 361 362 357)
4(361 366 367 362)
4(366 371 372 367)
4(371 376 377 372)
4(376 381 382 377)
4(381 386 387 382)
4(386 391 392 387)
4(391 396 397 392)
4(396 401 402 397)
4(401 406 407 402)
4(406 411 412 407)
4(411 416 417 412)
4(416 421 422 417)
4(421 426 427 422)
4(426 431 432 427)
4(431 436 437 432)
4(436 441 442 437)
4(441 446 447 442)
4(446 451 452 447)
4(451 456 457 452)
4(456 461 462 457)
4(461 466 467 462)
4(466 471 472 467)
4(471 476 477 472)
4(476 481 482 477)
4(481 486 487 482)
4(486 491 492 487)
4(491 496 497 492)
4(496 501 502 497)
4(2 7 8 3)
4(7 12 13 8)
4(12 17 18 13)
4(17 22 23 18)
4(22 27 28 23)
4(27 32 33 28)
4(32 37 38 33)
4(37 42 43 38)
4(42 47 48 43)
4(47 52 53 48)
4(52 57 58 53)
4(57 62 63 58)
4(62 67 68 63)
4(67 72 73 68)
4(72 77 78 73)
4(77 82 83 78)
4(82 87 88 83)
4(87 92 93 88)
4(92 97 98 93)
4(97 102 103 98)
4(102 107 108 103)
4(107 112 113 108)
4(112 117 118 113)
4(117 122 123 118)
4(122 127 128 123)
4(127 132 133 128)
4(132 137 138 133)
4(137 142 143 138)
4(142 147 148 143)
4(147 152 153 148)
4(152 157 158 153)
4(157 162 163 158)
4(162 167 168 163)
4(167 172 173 168)
4(172 177 178 173)
4(177 182 183 178)
4(182 187 188 183)
4(187 192 193 188)
4(192 197 198 193)
4(197 202 203 198)
4(202 207 208 203)
4(207 212 213 208)
4(212 217 218 213)
4(217 222 223 218)
4(222 227 228 223)
4(227 232 233 228)
4(232 237 238 233)
4(237 242 243 238)
4(242 247 248 243)
4(247 252 253 248)
4(252 257 258 253)
4(257 262 263 258)
4(262 267 268 263)
4(267 272 273 268)
4(272 277 278 273)
4(277 282 283 278)
4(282 287 288 283)
4(287 292 293 288)
4(292 297 298 293)
4(297 302 303 298)
4(302 307 308 303)
4(307 312 313 308)
4(312 317 318 313)
4(317 322 323 318)
4(322 327 328 323)
4(327 332 333 328)
4(332 337 338 333)
4(337 342 343 338)
4(342 347 348 343)
4(347 352 353 348)
4(352 357 358 353)
4(357 362 363 358)
4(362 367 368 363)
4(367 372 373 368)
4(372 377 378 373)
4(377 382 383 378)
4(382 387 388 383)
4(387 392 393 388)
4(392 397 398 393)
4(397 402 403 398)
4(402 407 408 403)
4(407 412 413 408)
4(412 417 418 413)
4(417 422 423 418)
4(422 427 428 423)
4(427 432 433 428)
4(432 437 438 433)
4(437 442 443 438)
4(442 447 448 443)
4(447 452 453 448)
4(452 457 458 453)
4(457 462 463 458)
4(462 467 468 463)
4(467 472 473 468)
4(472 477 478 473)
4(477 482 483 478)
4(482 487 488 483)
4(487 492 493 488)
4(492 497 498 493)
4(497 502 503 498)
4(3 8 9 4)
4(8 13 14 9)
4(13 18 19 14)
4(18 23 24 19)
4(23 28 29 24)
4(28 33 34 29)
4(33 38 39 34)
4(38 43 44 39)
4(43 48 49 44)
4(48 53 54 49)
4(53 58 59 54)
4(58 63 64 59)
4(63 68 69 64)
4(68 73 74 69)
4(73 78 79 74)
4(78 83 84 79)
4(83 88 89 84)
4(88 93 94 89)
4(93 98 99 94)
4(98 103 104 99)
4(103 108 109 104)
4(108 113 114 109)
4(113 118 119 114)
4(118 123 124 119)
4(123 128 129 124)
4(128 133 134 129)
4(133 138 139 134)
4(138 143 144 139)
4(143 148 149 144)
4(148 153 154 149)
4(153 158 159 154)
4(158 163 164 159)
4(163 168 169 164)
4(168 173 174 169)
4(173 178 179 174)
4(178 183 184 179)
4(183 188 189 184)
4(188 193 194 189)
4(193 198 199 194)
4(198 203 204 199)
4(203 208 209 204)
4(208 213 214 209)
4(213 218 219 214)
4(218 223 224 219)
4(223 228 229 224)
4(228 233 234 229)
4(233 238 239 234)
4(238 243 244 239)
4(243 248 249 244)
4(248 253 254 249)
4(253 258 259 254)
4(258 263 264 259)
4(263 268 269 264)
4(268 273 274 269)
4(273 278 279 274)
4(278 283 284 279)
4(283 288 289 284)
4(288 293 294 289)
4(293 298 299 294)
4(298 303 304 299)
4(303 308 309 304)
4(308 313 314 309)
4(313 318 319 314)
4(318 323 324 319)
4(323 328 329 324)
4(328 333 334 329)
4(333 338 339 334)
4(338 343 344 339)
4(343 348 349 344)
4(348 353 354 349)
4(353 358 359 354)
4(358 363 364 359)
4(363 368 369 364)
4(368 373 374 369)
4(373 378 379 374)
4(378 383 384 379)
4(383 388 389 384)
4(388 393 394 389)
4(393 398 399 394)
4(398 403 404 399)
4(403 408 409 404)
4(408 413 414 409)
4(413 418 419 414)
4(418 423 424 419)
4(423 428 429 424)
4(428 433 434 429)
4(433 438 439 434)
4(438 443 444 439)
4(443 448 449 444)
4(448 453 454 449)
4(453 458 459 454)
4(458 463 464 459)
4(463 468 469 464)
4(468 473 474 469)
4(473 478 479 474)
4(478 483 484 479)
4(483 488 489 484)
4(488 493 494 489)
4(493 498 499 494)
4(498 503 504 499)
4(505 506 511 510)
4(510 511 516 515)
4(515 516 521 520)
4(520 521 526 525)
4(525 526 531 530)
4(530 531 536 535)
4(535 536 541 540)
4(540 541 546 545)
4(545 546 551 550)
4(550 551 556 555)
4(555 556 561 560)
4(560 561 566 565)
4(565 566 571 570)
4(570 571 576 575)
4(575 576 581 580)
4(580 581 586 585)
4(585 586 591 590)
4(590 591 596 595)
4(595 596 601 600)
4(600 601 606 605)
4(605 606 611 610)
4(610 611 616 615)
4(615 616 621 620)
4(620 621 626 625)
4(625 626 631 630)
4(630 631 636 635)
4(635 636 641 640)
4(640 641 646 645)
4(645 646 651 650)
4(650 651 656 655)
4(655 656 661 660)
4(660 661 666 665)
4(665 666 671 670)
4(670 671 676 675)
4(675 676 681 680)
4(680 681 686 685)
4(685 686 691 690)
4(690 691 696 695)
4(695 696 701 700)
4(700 701 706 705)
4(705 706 711 710)
4(710 711 716 715)
4(715 716 721 720)
4(720 721 726 725)
4(725 726 731 730)
4(730 731 736 735)
4(735 736 741 740)
4(740 741 746 745)
4(745 746 751 750)
4(750 751 756 755)
4(755 756 761 760)
4(760 761 766 765)
4(765 766 771 770)
4(770 771 776 775)
4(775 776 781 780)
4(780 781 786 785)
4(785 786 791 790)
4(790 791 796 795)
4(795 796 801 800)
4(800 801 806 805)
4(805 806 811 810)
4(810 811 816 815)
4(815 816 821 820)
4(820 821 826 825)
4(825 826 831 830)
4(830 831 836 835)
4(835 836 841 840)
4(840 841 846 845)
4(845 846 851 850)
4(850 851 856 855)
4(855 856 861 860)
4(860 861 866 865)
4(865 866 871 870)
4(870 871 876 875)
4(875 876 881 880)
4(880 881 886 885)
4(885 886 891 890)
4(890 891 896 895)
4(895 896 901 900)
4(900 901 906 905)
4(905 906 911 910)
4(910 911 916 915)
4(915 916 921 920)
4(920 921 926 925)
4(925 926 931 930)
4(930 931 936 935)
4(935 936 941 940)
4(940 941 946 945)
4(945 946 951 950)
4(950 951 956 955)
4(955 956 961 960)
4(960 961 966 965)
4(965 966 971 970)
4(970 971 976 975)
4(975 976 981 980)
4(980 981 986 985)
4(985 986 991 990)
4(990 991 996 995)
4(995 996 1001 1000)
4(1000 1001 1006 1005)
4(506 507 512 511)
4(511 512 517 516)
4(516 517 522 521)
4(521 522 527 526)
4(526 527 532 531)
4(531 532 537 536)
4(536 537 542 541)
4(541 542 547 546)
4(546 547 552 551)
4(551 552 557 556)
4(556 557 562 561)
4(561 562 567 566)
4(566 567 572 571)
4(571 572 577 576)
4(576 577 582 581)
4(581 582 587 586)
4(586 587 592 591)
4(591 592 597 596)
4(596 597 602 601)
4(601 602 607 606)
4(606 607 612 611)
4(611 612 617 616)
4(616 617 622 621)
4(621 622 627 626)
4(626 627 632 631)
4(631 632 637 636)
4(636 637 642 641)
4(641 642 647 646)
4(646 647 652 651)
4(651 652 657 656)
4(656 657 662 661)
4(661 662 667 666)
4(666 667 672 671)
4(671 672 677 676)
4(676 677 682 681)
4(681 682 687 686)
4(686 687 692 691)
4(691 692 697 696)
4(696 697 702 701)
4(701 702 707 706)
4(706 707 712 711)
4(711 712 717 716)
4(716 717 722 721)
4(721 722 727 726)
4(726 727 732 731)
4(731 732 737 736)
4(736 737 742 741)
4(741 742 747 746)
4(746 747 752 751)
4(751 752 757 756)
4(756 757 762 761)
4(761 762 767 766)
4(766 767 772 771)
4(771 772 777 776)
4(776 777 782 781)
4(781 782 787 786)
4(786 787 792 791)
4(791 792 797 796)
4(796 797 802 801)
4(801 802 807 806)
4(806 807 812 811)
4(811 812 817 816)
4(816 817 822 821)
4(821 822 827 826)
4(826 827 832 831)
4(831 832 837 836)
4(836 837 842 841)
4(841 842 847 846)
4(846 847 852 851)
4(851 852 857 856)
4(856 857 862 861)
4(861 862 867 866)
4(866 867 872 871)
4(871 872 877 876)
4(876 877 882 881)
4(881 882 887 886)
4(886 887 892 891)
4(891 892 897 896)
4(896 897 902 901)
4(901 902 907 906)
4(906 907 912 911)
4(911 912 917 916)
4(916 917 922 921)
4(921 922 927 926)
4(926 927 932 931)
4(931 932 937 936)
4(936 937 942 941)
4(941 942 947 946)
4(946 947 952 951)
4(951 952 957 956)
4(956 957 962 961)
4(961 962 967 966)
4(966 967 972 971)
4(971 972 977 976)
4(976 977 982 981)
4(981 982 987 986)
4(986 987 992 991)
4(991 992 997 996)
4(996 997 1002 1001)
4(1001 1002 1007 1006)
4(507 508 513 512)
4(512 513 518 517)
4(517 518 523 522)
4(522 523 528 527)
4(527 528 533 532)
4(532 533 538 537)
4(537 538 543 542)
4(542 543 548 547)
4(547 548 553 552)
4(552 553 558 557)
4(557 558 563 562)
4(562 563 568 567)
4(567 568 573 572)
4(572 573 578 577)
4(577 578 583 582)
4(582 583 588 587)
4(587 588 593 592)
4(592 593 598 597)
4(597 598 603 602)
4(602 603 608 607)
4(607 608 613 612)
4(612 613 618 617)
4(617 618 623 622)
4(622 623 628 627)
4(627 628 633 632)
4(632 633 638 637)
4(637 638 643 642)
4(642 643 648 647)
4(647 648 653 652)
4(652 653 658 657)
4(657 658 663 662)
4(662 663 668 667)
4(667 668 673 672)
4(672 673 678 677)
4(677 678 683 682)
4(682 683 688 687)
4(687 688 693 692)
4(692 693 698 697)
4(697 698 703 702)
4(702 703 708 707)
4(707 708 713 712)
4(712 713 718 717)
4(717 718 723 722)
4(722 723 728 727)
4(727 728 733 732)
4(732 733 738 737)
4(737 738 743 742)
4(742 743 748 747)
4(747 748 753 752)
4(752 753 758 757)
4(757 758 763 762)
4(762 763 768 767)
4(767 768 773 772)
4(772 773 778 777)
4(777 778 783 782)
4(782 783 788 787)
4(787 788 793 792)
4(792 793 798 797)
4(797 798 803 802)
4(802 803 808 807)
4(807 808 813 812)
4(812 813 818 817)
4(817 818 823 822)
4(822 823 828 827)
4(827 828 833 832)
4(832 833 838 837)
4(837 838 843 842)
4(842 843 848 847)
4(847 848 853 852)
4(852 853 858 857)
4(857 858 863 862)
4(862 863 868 867)
4(867 868 873 872)
4(872 873 878 877)
4(877 878 883 882)
4(882 883 888 887)
4(887 888 893 892)
4(892 893 898 897)
4(897 898 903 902)
4(902 903 908 907)
4(907 908 913 912)
4(912 913 918 917)
4(917 918 923 922)
4(922 923 928 927)
4(927 928 933 932)
4(932 933 938 937)
4(937 938 943 942)
4(942 943 948 947)
4(947 948 953 952)
4(952 953 958 957)
4(957 958 963 962)
4(962 963 968 967)
4(967 968 973 972)
4(972 973 978 977)
4(977 978 983 982)
4(982 983 988 987)
4(987 988 993 992)
4(992 993 998 997)
4(997 998 1003 1002)
4(1002 1003 1008 1007)
4(508 509 514 513)
4(513 514 519 518)
4(518 519 524 523)
4(523 524 529 528)
4(528 529 534 533)
4(533 534 539 538)
4(538 539 544 543)
4(543 544 549 548)
4(548 549 554 553)
4(553 554 559 558)
4(558 559 564 563)
4(563 564 569 568)
4(568 569 574 573)
4(573 574 579 578)
4(578 579 584 583)
4(583 584 589 588)
4(588 589 594 593)
4(593 594 599 598)
4(598 599 604 603)
4(603 604 609 608)
4(608 609 614 613)
4(613 614 619 618)
4(618 619 624 623)
4(623 624 629 628)
4(628 629 634 633)
4(633 634 639 638)
4(638 639 644 643)
4(643 644 649 648)
4(648 649 654 653)
4(653 654 659 658)
4(658 659 664 663)
4(663 664 669 668)
4(668 669 674 673)
4(673 674 679 678)
4(678 679 684 683)
4(683 684 689 688)
4(688 689 694 693)
4(693 694 699 698)
4(698 699 704 703)
4(703 704 709 708)
4(708 709 714 713)
4(713 714 719 718)
4(718 719 724 723)
4(723 724 729 728)
4(728 729 734 733)
4(733 734 739 738)
4(738 739 744 743)
4(743 744 749 748)
4(748 749 754 753)
4(753 754 759 758)
4(758 759 764 763)
4(763 764 769 768)
4(768 769 774 773)
4(773 774 779 778)
4(778 779 784 783)
4(783 784 789 788)
4(788 789 794 793)
4(793 794 799 798)
4(798 799 804 803)
4(803 804 809 808)
4(808 809 814 813)
4(813 814 819 818)
4(818 819 824 823)
4(823 824 829 828)
4(828 829 834 833)
4(833 834 839 838)
4(838 839 844 843)
4(843 844 849 848)
4(848 849 854 853)
4(853 854 859 858)
4(858 859 864 863)
4(863 864 869 868)
4(868 869 874 873)
4(873 874 879 878)
4(878 879 884 883)
4(883 884 889 888)
4(888 889 894 893)
4(893 894 899 898)
4(898 899 904 903)
4(903 904 909 908)
4(908 909 914 913)
4(913 914 919 918)
4(918 919 924 923)
4(923 924 929 928)
4(928 929 934 933)
4(933 934 939 938)
4(938 939 944 943)
4(943 944 949 948)
4(948 949 954 953)
4(953 954 959 958)
4(958 959 964 963)
4(963 964 969 968)
4(968 969 974 973)
4(973 974 979 978)
4(978 979 984 983)
4(983 984 989 988)
4(988 989 994 993)
4(993 994 999 998)
4(998 999 1004 1003)
4(1003 1004 1009 1008)
)


// ************************************************************************* //
