/*--------------------------------*- C++ -*----------------------------------*\
  =========                 |
  \\      /  F ield         | OpenFOAM: The Open Source CFD Toolbox
   \\    /   O peration     | Website:  https://openfoam.org
    \\  /    A nd           | Version:  10
     \\/     M anipulation  |
\*---------------------------------------------------------------------------*/
FoamFile
{
    format      ascii;
    class       vectorField;
    location    "constant/polyMesh";
    object      points;
}
// * * * * * * * * * * * * * * * * * * * * * * * * * * * * * * * * * * * * * //


1010
(
(0 0 0)
(0.025 0 0)
(0.05 0 0)
(0.075 0 0)
(0.1 0 0)
(0 0.01 0)
(0.025 0.01 0)
(0.05 0.01 0)
(0.075 0.01 0)
(0.1 0.01 0)
(0 0.02 0)
(0.025 0.02 0)
(0.05 0.02 0)
(0.075 0.02 0)
(0.1 0.02 0)
(0 0.03 0)
(0.025 0.03 0)
(0.05 0.03 0)
(0.075 0.03 0)
(0.1 0.03 0)
(0 0.04 0)
(0.025 0.04 0)
(0.05 0.04 0)
(0.075 0.04 0)
(0.1 0.04 0)
(0 0.05 0)
(0.025 0.05 0)
(0.05 0.05 0)
(0.075 0.05 0)
(0.1 0.05 0)
(0 0.06 0)
(0.025 0.06 0)
(0.05 0.06 0)
(0.075 0.06 0)
(0.1 0.06 0)
(0 0.07 0)
(0.025 0.07 0)
(0.05 0.07 0)
(0.075 0.07 0)
(0.1 0.07 0)
(0 0.08 0)
(0.025 0.08 0)
(0.05 0.08 0)
(0.075 0.08 0)
(0.1 0.08 0)
(0 0.09 0)
(0.025 0.09 0)
(0.05 0.09 0)
(0.075 0.09 0)
(0.1 0.09 0)
(0 0.1 0)
(0.025 0.1 0)
(0.05 0.1 0)
(0.075 0.1 0)
(0.1 0.1 0)
(0 0.11 0)
(0.025 0.11 0)
(0.05 0.11 0)
(0.075 0.11 0)
(0.1 0.11 0)
(0 0.12 0)
(0.025 0.12 0)
(0.05 0.12 0)
(0.075 0.12 0)
(0.1 0.12 0)
(0 0.13 0)
(0.025 0.13 0)
(0.05 0.13 0)
(0.075 0.13 0)
(0.1 0.13 0)
(0 0.14 0)
(0.025 0.14 0)
(0.05 0.14 0)
(0.075 0.14 0)
(0.1 0.14 0)
(0 0.15 0)
(0.025 0.15 0)
(0.05 0.15 0)
(0.075 0.15 0)
(0.1 0.15 0)
(0 0.16 0)
(0.025 0.16 0)
(0.05 0.16 0)
(0.075 0.16 0)
(0.1 0.16 0)
(0 0.17 0)
(0.025 0.17 0)
(0.05 0.17 0)
(0.075 0.17 0)
(0.1 0.17 0)
(0 0.18 0)
(0.025 0.18 0)
(0.05 0.18 0)
(0.075 0.18 0)
(0.1 0.18 0)
(0 0.19 0)
(0.025 0.19 0)
(0.05 0.19 0)
(0.075 0.19 0)
(0.1 0.19 0)
(0 0.2 0)
(0.025 0.2 0)
(0.05 0.2 0)
(0.075 0.2 0)
(0.1 0.2 0)
(0 0.21 0)
(0.025 0.21 0)
(0.05 0.21 0)
(0.075 0.21 0)
(0.1 0.21 0)
(0 0.22 0)
(0.025 0.22 0)
(0.05 0.22 0)
(0.075 0.22 0)
(0.1 0.22 0)
(0 0.23 0)
(0.025 0.23 0)
(0.05 0.23 0)
(0.075 0.23 0)
(0.1 0.23 0)
(0 0.24 0)
(0.025 0.24 0)
(0.05 0.24 0)
(0.075 0.24 0)
(0.1 0.24 0)
(0 0.25 0)
(0.025 0.25 0)
(0.05 0.25 0)
(0.075 0.25 0)
(0.1 0.25 0)
(0 0.26 0)
(0.025 0.26 0)
(0.05 0.26 0)
(0.075 0.26 0)
(0.1 0.26 0)
(0 0.27 0)
(0.025 0.27 0)
(0.05 0.27 0)
(0.075 0.27 0)
(0.1 0.27 0)
(0 0.28 0)
(0.025 0.28 0)
(0.05 0.28 0)
(0.075 0.28 0)
(0.1 0.28 0)
(0 0.29 0)
(0.025 0.29 0)
(0.05 0.29 0)
(0.075 0.29 0)
(0.1 0.29 0)
(0 0.3 0)
(0.025 0.3 0)
(0.05 0.3 0)
(0.075 0.3 0)
(0.1 0.3 0)
(0 0.31 0)
(0.025 0.31 0)
(0.05 0.31 0)
(0.075 0.31 0)
(0.1 0.31 0)
(0 0.32 0)
(0.025 0.32 0)
(0.05 0.32 0)
(0.075 0.32 0)
(0.1 0.32 0)
(0 0.33 0)
(0.025 0.33 0)
(0.05 0.33 0)
(0.075 0.33 0)
(0.1 0.33 0)
(0 0.34 0)
(0.025 0.34 0)
(0.05 0.34 0)
(0.075 0.34 0)
(0.1 0.34 0)
(0 0.35 0)
(0.025 0.35 0)
(0.05 0.35 0)
(0.075 0.35 0)
(0.1 0.35 0)
(0 0.36 0)
(0.025 0.36 0)
(0.05 0.36 0)
(0.075 0.36 0)
(0.1 0.36 0)
(0 0.37 0)
(0.025 0.37 0)
(0.05 0.37 0)
(0.075 0.37 0)
(0.1 0.37 0)
(0 0.38 0)
(0.025 0.38 0)
(0.05 0.38 0)
(0.075 0.38 0)
(0.1 0.38 0)
(0 0.39 0)
(0.025 0.39 0)
(0.05 0.39 0)
(0.075 0.39 0)
(0.1 0.39 0)
(0 0.4 0)
(0.025 0.4 0)
(0.05 0.4 0)
(0.075 0.4 0)
(0.1 0.4 0)
(0 0.41 0)
(0.025 0.41 0)
(0.05 0.41 0)
(0.075 0.41 0)
(0.1 0.41 0)
(0 0.42 0)
(0.025 0.42 0)
(0.05 0.42 0)
(0.075 0.42 0)
(0.1 0.42 0)
(0 0.43 0)
(0.025 0.43 0)
(0.05 0.43 0)
(0.075 0.43 0)
(0.1 0.43 0)
(0 0.44 0)
(0.025 0.44 0)
(0.05 0.44 0)
(0.075 0.44 0)
(0.1 0.44 0)
(0 0.45 0)
(0.025 0.45 0)
(0.05 0.45 0)
(0.075 0.45 0)
(0.1 0.45 0)
(0 0.46 0)
(0.025 0.46 0)
(0.05 0.46 0)
(0.075 0.46 0)
(0.1 0.46 0)
(0 0.47 0)
(0.025 0.47 0)
(0.05 0.47 0)
(0.075 0.47 0)
(0.1 0.47 0)
(0 0.48 0)
(0.025 0.48 0)
(0.05 0.48 0)
(0.075 0.48 0)
(0.1 0.48 0)
(0 0.49 0)
(0.025 0.49 0)
(0.05 0.49 0)
(0.075 0.49 0)
(0.1 0.49 0)
(0 0.5 0)
(0.025 0.5 0)
(0.05 0.5 0)
(0.075 0.5 0)
(0.1 0.5 0)
(0 0.51 0)
(0.025 0.51 0)
(0.05 0.51 0)
(0.075 0.51 0)
(0.1 0.51 0)
(0 0.52 0)
(0.025 0.52 0)
(0.05 0.52 0)
(0.075 0.52 0)
(0.1 0.52 0)
(0 0.53 0)
(0.025 0.53 0)
(0.05 0.53 0)
(0.075 0.53 0)
(0.1 0.53 0)
(0 0.54 0)
(0.025 0.54 0)
(0.05 0.54 0)
(0.075 0.54 0)
(0.1 0.54 0)
(0 0.55 0)
(0.025 0.55 0)
(0.05 0.55 0)
(0.075 0.55 0)
(0.1 0.55 0)
(0 0.56 0)
(0.025 0.56 0)
(0.05 0.56 0)
(0.075 0.56 0)
(0.1 0.56 0)
(0 0.57 0)
(0.025 0.57 0)
(0.05 0.57 0)
(0.075 0.57 0)
(0.1 0.57 0)
(0 0.58 0)
(0.025 0.58 0)
(0.05 0.58 0)
(0.075 0.58 0)
(0.1 0.58 0)
(0 0.59 0)
(0.025 0.59 0)
(0.05 0.59 0)
(0.075 0.59 0)
(0.1 0.59 0)
(0 0.6 0)
(0.025 0.6 0)
(0.05 0.6 0)
(0.075 0.6 0)
(0.1 0.6 0)
(0 0.61 0)
(0.025 0.61 0)
(0.05 0.61 0)
(0.075 0.61 0)
(0.1 0.61 0)
(0 0.62 0)
(0.025 0.62 0)
(0.05 0.62 0)
(0.075 0.62 0)
(0.1 0.62 0)
(0 0.63 0)
(0.025 0.63 0)
(0.05 0.63 0)
(0.075 0.63 0)
(0.1 0.63 0)
(0 0.64 0)
(0.025 0.64 0)
(0.05 0.64 0)
(0.075 0.64 0)
(0.1 0.64 0)
(0 0.65 0)
(0.025 0.65 0)
(0.05 0.65 0)
(0.075 0.65 0)
(0.1 0.65 0)
(0 0.66 0)
(0.025 0.66 0)
(0.05 0.66 0)
(0.075 0.66 0)
(0.1 0.66 0)
(0 0.67 0)
(0.025 0.67 0)
(0.05 0.67 0)
(0.075 0.67 0)
(0.1 0.67 0)
(0 0.68 0)
(0.025 0.68 0)
(0.05 0.68 0)
(0.075 0.68 0)
(0.1 0.68 0)
(0 0.69 0)
(0.025 0.69 0)
(0.05 0.69 0)
(0.075 0.69 0)
(0.1 0.69 0)
(0 0.7 0)
(0.025 0.7 0)
(0.05 0.7 0)
(0.075 0.7 0)
(0.1 0.7 0)
(0 0.71 0)
(0.025 0.71 0)
(0.05 0.71 0)
(0.075 0.71 0)
(0.1 0.71 0)
(0 0.72 0)
(0.025 0.72 0)
(0.05 0.72 0)
(0.075 0.72 0)
(0.1 0.72 0)
(0 0.73 0)
(0.025 0.73 0)
(0.05 0.73 0)
(0.075 0.73 0)
(0.1 0.73 0)
(0 0.74 0)
(0.025 0.74 0)
(0.05 0.74 0)
(0.075 0.74 0)
(0.1 0.74 0)
(0 0.75 0)
(0.025 0.75 0)
(0.05 0.75 0)
(0.075 0.75 0)
(0.1 0.75 0)
(0 0.76 0)
(0.025 0.76 0)
(0.05 0.76 0)
(0.075 0.76 0)
(0.1 0.76 0)
(0 0.77 0)
(0.025 0.77 0)
(0.05 0.77 0)
(0.075 0.77 0)
(0.1 0.77 0)
(0 0.78 0)
(0.025 0.78 0)
(0.05 0.78 0)
(0.075 0.78 0)
(0.1 0.78 0)
(0 0.79 0)
(0.025 0.79 0)
(0.05 0.79 0)
(0.075 0.79 0)
(0.1 0.79 0)
(0 0.8 0)
(0.025 0.8 0)
(0.05 0.8 0)
(0.075 0.8 0)
(0.1 0.8 0)
(0 0.81 0)
(0.025 0.81 0)
(0.05 0.81 0)
(0.075 0.81 0)
(0.1 0.81 0)
(0 0.82 0)
(0.025 0.82 0)
(0.05 0.82 0)
(0.075 0.82 0)
(0.1 0.82 0)
(0 0.83 0)
(0.025 0.83 0)
(0.05 0.83 0)
(0.075 0.83 0)
(0.1 0.83 0)
(0 0.84 0)
(0.025 0.84 0)
(0.05 0.84 0)
(0.075 0.84 0)
(0.1 0.84 0)
(0 0.85 0)
(0.025 0.85 0)
(0.05 0.85 0)
(0.075 0.85 0)
(0.1 0.85 0)
(0 0.86 0)
(0.025 0.86 0)
(0.05 0.86 0)
(0.075 0.86 0)
(0.1 0.86 0)
(0 0.87 0)
(0.025 0.87 0)
(0.05 0.87 0)
(0.075 0.87 0)
(0.1 0.87 0)
(0 0.88 0)
(0.025 0.88 0)
(0.05 0.88 0)
(0.075 0.88 0)
(0.1 0.88 0)
(0 0.89 0)
(0.025 0.89 0)
(0.05 0.89 0)
(0.075 0.89 0)
(0.1 0.89 0)
(0 0.9 0)
(0.025 0.9 0)
(0.05 0.9 0)
(0.075 0.9 0)
(0.1 0.9 0)
(0 0.91 0)
(0.025 0.91 0)
(0.05 0.91 0)
(0.075 0.91 0)
(0.1 0.91 0)
(0 0.92 0)
(0.025 0.92 0)
(0.05 0.92 0)
(0.075 0.92 0)
(0.1 0.92 0)
(0 0.93 0)
(0.025 0.93 0)
(0.05 0.93 0)
(0.075 0.93 0)
(0.1 0.93 0)
(0 0.94 0)
(0.025 0.94 0)
(0.05 0.94 0)
(0.075 0.94 0)
(0.1 0.94 0)
(0 0.95 0)
(0.025 0.95 0)
(0.05 0.95 0)
(0.075 0.95 0)
(0.1 0.95 0)
(0 0.96 0)
(0.025 0.96 0)
(0.05 0.96 0)
(0.075 0.96 0)
(0.1 0.96 0)
(0 0.97 0)
(0.025 0.97 0)
(0.05 0.97 0)
(0.075 0.97 0)
(0.1 0.97 0)
(0 0.98 0)
(0.025 0.98 0)
(0.05 0.98 0)
(0.075 0.98 0)
(0.1 0.98 0)
(0 0.99 0)
(0.025 0.99 0)
(0.05 0.99 0)
(0.075 0.99 0)
(0.1 0.99 0)
(0 1 0)
(0.025 1 0)
(0.05 1 0)
(0.075 1 0)
(0.1 1 0)
(0 0 0.01)
(0.025 0 0.01)
(0.05 0 0.01)
(0.075 0 0.01)
(0.1 0 0.01)
(0 0.01 0.01)
(0.025 0.01 0.01)
(0.05 0.01 0.01)
(0.075 0.01 0.01)
(0.1 0.01 0.01)
(0 0.02 0.01)
(0.025 0.02 0.01)
(0.05 0.02 0.01)
(0.075 0.02 0.01)
(0.1 0.02 0.01)
(0 0.03 0.01)
(0.025 0.03 0.01)
(0.05 0.03 0.01)
(0.075 0.03 0.01)
(0.1 0.03 0.01)
(0 0.04 0.01)
(0.025 0.04 0.01)
(0.05 0.04 0.01)
(0.075 0.04 0.01)
(0.1 0.04 0.01)
(0 0.05 0.01)
(0.025 0.05 0.01)
(0.05 0.05 0.01)
(0.075 0.05 0.01)
(0.1 0.05 0.01)
(0 0.06 0.01)
(0.025 0.06 0.01)
(0.05 0.06 0.01)
(0.075 0.06 0.01)
(0.1 0.06 0.01)
(0 0.07 0.01)
(0.025 0.07 0.01)
(0.05 0.07 0.01)
(0.075 0.07 0.01)
(0.1 0.07 0.01)
(0 0.08 0.01)
(0.025 0.08 0.01)
(0.05 0.08 0.01)
(0.075 0.08 0.01)
(0.1 0.08 0.01)
(0 0.09 0.01)
(0.025 0.09 0.01)
(0.05 0.09 0.01)
(0.075 0.09 0.01)
(0.1 0.09 0.01)
(0 0.1 0.01)
(0.025 0.1 0.01)
(0.05 0.1 0.01)
(0.075 0.1 0.01)
(0.1 0.1 0.01)
(0 0.11 0.01)
(0.025 0.11 0.01)
(0.05 0.11 0.01)
(0.075 0.11 0.01)
(0.1 0.11 0.01)
(0 0.12 0.01)
(0.025 0.12 0.01)
(0.05 0.12 0.01)
(0.075 0.12 0.01)
(0.1 0.12 0.01)
(0 0.13 0.01)
(0.025 0.13 0.01)
(0.05 0.13 0.01)
(0.075 0.13 0.01)
(0.1 0.13 0.01)
(0 0.14 0.01)
(0.025 0.14 0.01)
(0.05 0.14 0.01)
(0.075 0.14 0.01)
(0.1 0.14 0.01)
(0 0.15 0.01)
(0.025 0.15 0.01)
(0.05 0.15 0.01)
(0.075 0.15 0.01)
(0.1 0.15 0.01)
(0 0.16 0.01)
(0.025 0.16 0.01)
(0.05 0.16 0.01)
(0.075 0.16 0.01)
(0.1 0.16 0.01)
(0 0.17 0.01)
(0.025 0.17 0.01)
(0.05 0.17 0.01)
(0.075 0.17 0.01)
(0.1 0.17 0.01)
(0 0.18 0.01)
(0.025 0.18 0.01)
(0.05 0.18 0.01)
(0.075 0.18 0.01)
(0.1 0.18 0.01)
(0 0.19 0.01)
(0.025 0.19 0.01)
(0.05 0.19 0.01)
(0.075 0.19 0.01)
(0.1 0.19 0.01)
(0 0.2 0.01)
(0.025 0.2 0.01)
(0.05 0.2 0.01)
(0.075 0.2 0.01)
(0.1 0.2 0.01)
(0 0.21 0.01)
(0.025 0.21 0.01)
(0.05 0.21 0.01)
(0.075 0.21 0.01)
(0.1 0.21 0.01)
(0 0.22 0.01)
(0.025 0.22 0.01)
(0.05 0.22 0.01)
(0.075 0.22 0.01)
(0.1 0.22 0.01)
(0 0.23 0.01)
(0.025 0.23 0.01)
(0.05 0.23 0.01)
(0.075 0.23 0.01)
(0.1 0.23 0.01)
(0 0.24 0.01)
(0.025 0.24 0.01)
(0.05 0.24 0.01)
(0.075 0.24 0.01)
(0.1 0.24 0.01)
(0 0.25 0.01)
(0.025 0.25 0.01)
(0.05 0.25 0.01)
(0.075 0.25 0.01)
(0.1 0.25 0.01)
(0 0.26 0.01)
(0.025 0.26 0.01)
(0.05 0.26 0.01)
(0.075 0.26 0.01)
(0.1 0.26 0.01)
(0 0.27 0.01)
(0.025 0.27 0.01)
(0.05 0.27 0.01)
(0.075 0.27 0.01)
(0.1 0.27 0.01)
(0 0.28 0.01)
(0.025 0.28 0.01)
(0.05 0.28 0.01)
(0.075 0.28 0.01)
(0.1 0.28 0.01)
(0 0.29 0.01)
(0.025 0.29 0.01)
(0.05 0.29 0.01)
(0.075 0.29 0.01)
(0.1 0.29 0.01)
(0 0.3 0.01)
(0.025 0.3 0.01)
(0.05 0.3 0.01)
(0.075 0.3 0.01)
(0.1 0.3 0.01)
(0 0.31 0.01)
(0.025 0.31 0.01)
(0.05 0.31 0.01)
(0.075 0.31 0.01)
(0.1 0.31 0.01)
(0 0.32 0.01)
(0.025 0.32 0.01)
(0.05 0.32 0.01)
(0.075 0.32 0.01)
(0.1 0.32 0.01)
(0 0.33 0.01)
(0.025 0.33 0.01)
(0.05 0.33 0.01)
(0.075 0.33 0.01)
(0.1 0.33 0.01)
(0 0.34 0.01)
(0.025 0.34 0.01)
(0.05 0.34 0.01)
(0.075 0.34 0.01)
(0.1 0.34 0.01)
(0 0.35 0.01)
(0.025 0.35 0.01)
(0.05 0.35 0.01)
(0.075 0.35 0.01)
(0.1 0.35 0.01)
(0 0.36 0.01)
(0.025 0.36 0.01)
(0.05 0.36 0.01)
(0.075 0.36 0.01)
(0.1 0.36 0.01)
(0 0.37 0.01)
(0.025 0.37 0.01)
(0.05 0.37 0.01)
(0.075 0.37 0.01)
(0.1 0.37 0.01)
(0 0.38 0.01)
(0.025 0.38 0.01)
(0.05 0.38 0.01)
(0.075 0.38 0.01)
(0.1 0.38 0.01)
(0 0.39 0.01)
(0.025 0.39 0.01)
(0.05 0.39 0.01)
(0.075 0.39 0.01)
(0.1 0.39 0.01)
(0 0.4 0.01)
(0.025 0.4 0.01)
(0.05 0.4 0.01)
(0.075 0.4 0.01)
(0.1 0.4 0.01)
(0 0.41 0.01)
(0.025 0.41 0.01)
(0.05 0.41 0.01)
(0.075 0.41 0.01)
(0.1 0.41 0.01)
(0 0.42 0.01)
(0.025 0.42 0.01)
(0.05 0.42 0.01)
(0.075 0.42 0.01)
(0.1 0.42 0.01)
(0 0.43 0.01)
(0.025 0.43 0.01)
(0.05 0.43 0.01)
(0.075 0.43 0.01)
(0.1 0.43 0.01)
(0 0.44 0.01)
(0.025 0.44 0.01)
(0.05 0.44 0.01)
(0.075 0.44 0.01)
(0.1 0.44 0.01)
(0 0.45 0.01)
(0.025 0.45 0.01)
(0.05 0.45 0.01)
(0.075 0.45 0.01)
(0.1 0.45 0.01)
(0 0.46 0.01)
(0.025 0.46 0.01)
(0.05 0.46 0.01)
(0.075 0.46 0.01)
(0.1 0.46 0.01)
(0 0.47 0.01)
(0.025 0.47 0.01)
(0.05 0.47 0.01)
(0.075 0.47 0.01)
(0.1 0.47 0.01)
(0 0.48 0.01)
(0.025 0.48 0.01)
(0.05 0.48 0.01)
(0.075 0.48 0.01)
(0.1 0.48 0.01)
(0 0.49 0.01)
(0.025 0.49 0.01)
(0.05 0.49 0.01)
(0.075 0.49 0.01)
(0.1 0.49 0.01)
(0 0.5 0.01)
(0.025 0.5 0.01)
(0.05 0.5 0.01)
(0.075 0.5 0.01)
(0.1 0.5 0.01)
(0 0.51 0.01)
(0.025 0.51 0.01)
(0.05 0.51 0.01)
(0.075 0.51 0.01)
(0.1 0.51 0.01)
(0 0.52 0.01)
(0.025 0.52 0.01)
(0.05 0.52 0.01)
(0.075 0.52 0.01)
(0.1 0.52 0.01)
(0 0.53 0.01)
(0.025 0.53 0.01)
(0.05 0.53 0.01)
(0.075 0.53 0.01)
(0.1 0.53 0.01)
(0 0.54 0.01)
(0.025 0.54 0.01)
(0.05 0.54 0.01)
(0.075 0.54 0.01)
(0.1 0.54 0.01)
(0 0.55 0.01)
(0.025 0.55 0.01)
(0.05 0.55 0.01)
(0.075 0.55 0.01)
(0.1 0.55 0.01)
(0 0.56 0.01)
(0.025 0.56 0.01)
(0.05 0.56 0.01)
(0.075 0.56 0.01)
(0.1 0.56 0.01)
(0 0.57 0.01)
(0.025 0.57 0.01)
(0.05 0.57 0.01)
(0.075 0.57 0.01)
(0.1 0.57 0.01)
(0 0.58 0.01)
(0.025 0.58 0.01)
(0.05 0.58 0.01)
(0.075 0.58 0.01)
(0.1 0.58 0.01)
(0 0.59 0.01)
(0.025 0.59 0.01)
(0.05 0.59 0.01)
(0.075 0.59 0.01)
(0.1 0.59 0.01)
(0 0.6 0.01)
(0.025 0.6 0.01)
(0.05 0.6 0.01)
(0.075 0.6 0.01)
(0.1 0.6 0.01)
(0 0.61 0.01)
(0.025 0.61 0.01)
(0.05 0.61 0.01)
(0.075 0.61 0.01)
(0.1 0.61 0.01)
(0 0.62 0.01)
(0.025 0.62 0.01)
(0.05 0.62 0.01)
(0.075 0.62 0.01)
(0.1 0.62 0.01)
(0 0.63 0.01)
(0.025 0.63 0.01)
(0.05 0.63 0.01)
(0.075 0.63 0.01)
(0.1 0.63 0.01)
(0 0.64 0.01)
(0.025 0.64 0.01)
(0.05 0.64 0.01)
(0.075 0.64 0.01)
(0.1 0.64 0.01)
(0 0.65 0.01)
(0.025 0.65 0.01)
(0.05 0.65 0.01)
(0.075 0.65 0.01)
(0.1 0.65 0.01)
(0 0.66 0.01)
(0.025 0.66 0.01)
(0.05 0.66 0.01)
(0.075 0.66 0.01)
(0.1 0.66 0.01)
(0 0.67 0.01)
(0.025 0.67 0.01)
(0.05 0.67 0.01)
(0.075 0.67 0.01)
(0.1 0.67 0.01)
(0 0.68 0.01)
(0.025 0.68 0.01)
(0.05 0.68 0.01)
(0.075 0.68 0.01)
(0.1 0.68 0.01)
(0 0.69 0.01)
(0.025 0.69 0.01)
(0.05 0.69 0.01)
(0.075 0.69 0.01)
(0.1 0.69 0.01)
(0 0.7 0.01)
(0.025 0.7 0.01)
(0.05 0.7 0.01)
(0.075 0.7 0.01)
(0.1 0.7 0.01)
(0 0.71 0.01)
(0.025 0.71 0.01)
(0.05 0.71 0.01)
(0.075 0.71 0.01)
(0.1 0.71 0.01)
(0 0.72 0.01)
(0.025 0.72 0.01)
(0.05 0.72 0.01)
(0.075 0.72 0.01)
(0.1 0.72 0.01)
(0 0.73 0.01)
(0.025 0.73 0.01)
(0.05 0.73 0.01)
(0.075 0.73 0.01)
(0.1 0.73 0.01)
(0 0.74 0.01)
(0.025 0.74 0.01)
(0.05 0.74 0.01)
(0.075 0.74 0.01)
(0.1 0.74 0.01)
(0 0.75 0.01)
(0.025 0.75 0.01)
(0.05 0.75 0.01)
(0.075 0.75 0.01)
(0.1 0.75 0.01)
(0 0.76 0.01)
(0.025 0.76 0.01)
(0.05 0.76 0.01)
(0.075 0.76 0.01)
(0.1 0.76 0.01)
(0 0.77 0.01)
(0.025 0.77 0.01)
(0.05 0.77 0.01)
(0.075 0.77 0.01)
(0.1 0.77 0.01)
(0 0.78 0.01)
(0.025 0.78 0.01)
(0.05 0.78 0.01)
(0.075 0.78 0.01)
(0.1 0.78 0.01)
(0 0.79 0.01)
(0.025 0.79 0.01)
(0.05 0.79 0.01)
(0.075 0.79 0.01)
(0.1 0.79 0.01)
(0 0.8 0.01)
(0.025 0.8 0.01)
(0.05 0.8 0.01)
(0.075 0.8 0.01)
(0.1 0.8 0.01)
(0 0.81 0.01)
(0.025 0.81 0.01)
(0.05 0.81 0.01)
(0.075 0.81 0.01)
(0.1 0.81 0.01)
(0 0.82 0.01)
(0.025 0.82 0.01)
(0.05 0.82 0.01)
(0.075 0.82 0.01)
(0.1 0.82 0.01)
(0 0.83 0.01)
(0.025 0.83 0.01)
(0.05 0.83 0.01)
(0.075 0.83 0.01)
(0.1 0.83 0.01)
(0 0.84 0.01)
(0.025 0.84 0.01)
(0.05 0.84 0.01)
(0.075 0.84 0.01)
(0.1 0.84 0.01)
(0 0.85 0.01)
(0.025 0.85 0.01)
(0.05 0.85 0.01)
(0.075 0.85 0.01)
(0.1 0.85 0.01)
(0 0.86 0.01)
(0.025 0.86 0.01)
(0.05 0.86 0.01)
(0.075 0.86 0.01)
(0.1 0.86 0.01)
(0 0.87 0.01)
(0.025 0.87 0.01)
(0.05 0.87 0.01)
(0.075 0.87 0.01)
(0.1 0.87 0.01)
(0 0.88 0.01)
(0.025 0.88 0.01)
(0.05 0.88 0.01)
(0.075 0.88 0.01)
(0.1 0.88 0.01)
(0 0.89 0.01)
(0.025 0.89 0.01)
(0.05 0.89 0.01)
(0.075 0.89 0.01)
(0.1 0.89 0.01)
(0 0.9 0.01)
(0.025 0.9 0.01)
(0.05 0.9 0.01)
(0.075 0.9 0.01)
(0.1 0.9 0.01)
(0 0.91 0.01)
(0.025 0.91 0.01)
(0.05 0.91 0.01)
(0.075 0.91 0.01)
(0.1 0.91 0.01)
(0 0.92 0.01)
(0.025 0.92 0.01)
(0.05 0.92 0.01)
(0.075 0.92 0.01)
(0.1 0.92 0.01)
(0 0.93 0.01)
(0.025 0.93 0.01)
(0.05 0.93 0.01)
(0.075 0.93 0.01)
(0.1 0.93 0.01)
(0 0.94 0.01)
(0.025 0.94 0.01)
(0.05 0.94 0.01)
(0.075 0.94 0.01)
(0.1 0.94 0.01)
(0 0.95 0.01)
(0.025 0.95 0.01)
(0.05 0.95 0.01)
(0.075 0.95 0.01)
(0.1 0.95 0.01)
(0 0.96 0.01)
(0.025 0.96 0.01)
(0.05 0.96 0.01)
(0.075 0.96 0.01)
(0.1 0.96 0.01)
(0 0.97 0.01)
(0.025 0.97 0.01)
(0.05 0.97 0.01)
(0.075 0.97 0.01)
(0.1 0.97 0.01)
(0 0.98 0.01)
(0.025 0.98 0.01)
(0.05 0.98 0.01)
(0.075 0.98 0.01)
(0.1 0.98 0.01)
(0 0.99 0.01)
(0.025 0.99 0.01)
(0.05 0.99 0.01)
(0.075 0.99 0.01)
(0.1 0.99 0.01)
(0 1 0.01)
(0.025 1 0.01)
(0.05 1 0.01)
(0.075 1 0.01)
(0.1 1 0.01)
)


// ************************************************************************* //
