/*--------------------------------*- C++ -*----------------------------------*\
  =========                 |
  \\      /  F ield         | OpenFOAM: The Open Source CFD Toolbox
   \\    /   O peration     | Website:  https://openfoam.org
    \\  /    A nd           | Version:  10
     \\/     M anipulation  |
\*---------------------------------------------------------------------------*/
FoamFile
{
    format      ascii;
    class       volScalarField;
    location    "3500";
    object      p;
}
// * * * * * * * * * * * * * * * * * * * * * * * * * * * * * * * * * * * * * //

dimensions      [0 2 -2 0 0 0 0];

internalField   nonuniform List<scalar> 
4000
(
-1.506143771e-15
7.711203812e-16
1.549595135e-15
2.01598022e-15
2.610139346e-15
2.661132062e-15
2.27989323e-15
1.778029109e-15
1.924566732e-15
1.904769326e-15
1.57970769e-15
1.286706468e-15
1.169877605e-15
6.602955178e-16
1.68216145e-16
3.242177816e-16
3.05366218e-16
1.457981131e-16
1.265836902e-16
6.473266394e-17
-4.793410297e-16
1.988665708e-17
-6.615602046e-17
-1.512120201e-15
-2.151007499e-15
-1.823613209e-15
-1.616993046e-15
-2.078921862e-15
-2.115753502e-15
-1.606773594e-15
-1.968674924e-15
-1.677751369e-15
-1.693325431e-15
-2.11501256e-15
-1.787073695e-15
-2.473099077e-15
-2.505703765e-15
-3.148731746e-15
-4.081704503e-15
-4.673415699e-15
-5.126529654e-15
-4.791412673e-15
-4.665499958e-15
-3.889249113e-15
-4.962253489e-15
-4.978398799e-15
-4.789580501e-15
-5.925928518e-15
-5.885556307e-15
-6.535679535e-15
-6.695395672e-15
-5.919811179e-15
-6.546071293e-15
-7.2641624e-15
-6.832762496e-15
-6.733565683e-15
-7.287524656e-15
-6.425023248e-15
-7.058886584e-15
-7.2483625e-15
-6.526435413e-15
-7.185048689e-15
-7.111810273e-15
-6.598274691e-15
-7.188297828e-15
-8.274759723e-15
-8.197331853e-15
-8.742930441e-15
-9.604764391e-15
-8.491342769e-15
-7.015734557e-15
-8.721578028e-15
-9.641647115e-15
-7.452362121e-15
-7.748254202e-15
-1.019605837e-14
-1.068874134e-14
-9.521477453e-15
-8.007222121e-15
-9.836664399e-15
-1.061175236e-14
-9.293471941e-15
-9.850535942e-15
-1.062296122e-14
-1.089036264e-14
-1.064348398e-14
-9.649096909e-15
-9.034390865e-15
-9.337959016e-15
-1.095565243e-14
-1.131314453e-14
-9.191507298e-15
-9.311006075e-15
-1.144279642e-14
-1.0970643e-14
-1.022432703e-14
-1.181966672e-14
-1.095840938e-14
-8.520019845e-15
-8.984440193e-15
-1.156519186e-14
-1.200842149e-14
-1.057288549e-14
-1.058953071e-14
-1.146476911e-14
-1.218182519e-14
-1.103100725e-14
-1.072408057e-14
-1.287649498e-14
-1.404458927e-14
-1.167347431e-14
-1.115472934e-14
-1.338171909e-14
-1.329235856e-14
-1.275292507e-14
-1.148147705e-14
-1.053714293e-14
-1.291653687e-14
-1.367929799e-14
-1.098427577e-14
-1.013255208e-14
-1.247304727e-14
-1.405213398e-14
-1.31511829e-14
-1.355688625e-14
-1.339510254e-14
-1.311857737e-14
-1.20692783e-14
-1.154474874e-14
-1.432237253e-14
-1.304675748e-14
-1.152404245e-14
-1.215653066e-14
-1.068654886e-14
-1.159333953e-14
-1.193630015e-14
-1.092356628e-14
-1.187962644e-14
-1.290042063e-14
-1.188609808e-14
-1.003755429e-14
-1.047127431e-14
-1.195695202e-14
-1.309726829e-14
-1.272005407e-14
-1.253010954e-14
-1.378228415e-14
-1.195825008e-14
-1.046609491e-14
-1.234937613e-14
-1.282924523e-14
-1.371385946e-14
-1.140330203e-14
-9.583657929e-15
-1.298216249e-14
-1.127314998e-14
-7.969489774e-15
-8.360672488e-15
-8.990018422e-15
-1.119057656e-14
-9.814907701e-15
-6.976615146e-15
-7.736057345e-15
-8.434823132e-15
-7.131846969e-15
-6.118735172e-15
-6.915364246e-15
-7.196328249e-15
-8.615192944e-15
-8.448538196e-15
-5.906705678e-15
-6.796414127e-15
-7.677686044e-15
-3.803865407e-15
-5.561835811e-15
-4.50950678e-15
-4.071085161e-15
-5.082574521e-15
-1.721351921e-15
-5.459552685e-15
-4.393767191e-15
-1.402096202e-15
-3.801638415e-15
-2.312065348e-15
-3.931882139e-15
-5.327514509e-15
-1.289032066e-15
-3.916527991e-15
-4.854044651e-15
-1.053840193e-15
-8.967724697e-16
-2.707906716e-15
-1.938288295e-15
-2.718625916e-15
-4.2768423e-15
-1.965396332e-15
-1.594506467e-15
-2.360639364e-16
2.969597123e-15
1.384353255e-15
-3.018319626e-16
6.271536794e-16
1.53054442e-15
1.980523221e-15
2.72051422e-15
2.8049916e-15
2.205009128e-15
1.646648534e-15
1.895187047e-15
2.125678924e-15
1.591204496e-15
1.199840449e-15
1.274572824e-15
6.244989415e-16
1.493813415e-16
2.44223724e-16
2.372567998e-16
3.859146545e-17
6.694162456e-17
1.583888758e-16
-3.186277037e-16
-4.976105099e-17
-3.031106796e-16
-1.578922496e-15
-1.784081198e-15
-1.680572694e-15
-1.876563319e-15
-2.043123887e-15
-1.911286949e-15
-1.787816654e-15
-2.069966031e-15
-1.802295101e-15
-1.671200538e-15
-2.081902632e-15
-1.888656541e-15
-2.130610284e-15
-2.74346068e-15
-3.347665859e-15
-4.19708219e-15
-4.709145226e-15
-4.619218359e-15
-4.823654208e-15
-4.682124709e-15
-4.241490805e-15
-4.717209235e-15
-5.028633625e-15
-5.0942162e-15
-5.466813765e-15
-6.126085305e-15
-6.492899132e-15
-6.490890503e-15
-6.029516699e-15
-6.518120108e-15
-7.508304042e-15
-7.155402311e-15
-6.467315176e-15
-6.776305248e-15
-6.783937279e-15
-6.959344238e-15
-7.070914628e-15
-6.784575205e-15
-7.2504721e-15
-7.160494342e-15
-6.803156249e-15
-7.306298609e-15
-7.564842253e-15
-8.241456779e-15
-9.050150796e-15
-9.367542277e-15
-8.224211233e-15
-7.740055523e-15
-8.78094985e-15
-8.571774578e-15
-8.173405766e-15
-8.425651777e-15
-9.388357002e-15
-1.038404946e-14
-9.755206383e-15
-9.071512254e-15
-9.18492455e-15
-9.999620675e-15
-9.504531063e-15
-9.917634251e-15
-1.1128719e-14
-1.040299425e-14
-9.938495791e-15
-1.010760942e-14
-9.692551563e-15
-9.895212776e-15
-1.051691289e-14
-1.001402188e-14
-9.752116471e-15
-1.031191547e-14
-1.055255567e-14
-1.07985237e-14
-1.085888384e-14
-1.133538561e-14
-1.070465461e-14
-9.515110686e-15
-9.329437441e-15
-1.033019384e-14
-1.150146669e-14
-1.130503058e-14
-1.150100319e-14
-1.073361521e-14
-1.130969614e-14
-1.145228944e-14
-1.145846891e-14
-1.28978672e-14
-1.3146713e-14
-1.281892469e-14
-1.19295824e-14
-1.204601344e-14
-1.266032854e-14
-1.250785423e-14
-1.233725273e-14
-1.117916767e-14
-1.214330879e-14
-1.29106045e-14
-1.138451878e-14
-1.080144915e-14
-1.255922228e-14
-1.347234049e-14
-1.376062708e-14
-1.332941012e-14
-1.269036242e-14
-1.329251316e-14
-1.226209887e-14
-1.256685843e-14
-1.363996367e-14
-1.29581894e-14
-1.214479535e-14
-1.124191325e-14
-1.13003705e-14
-1.142143914e-14
-1.156886099e-14
-1.15947687e-14
-1.148954553e-14
-1.239874013e-14
-1.167436769e-14
-1.062032363e-14
-1.17317774e-14
-1.190871508e-14
-1.226195483e-14
-1.242792676e-14
-1.16704758e-14
-1.281917058e-14
-1.346310786e-14
-1.257571446e-14
-1.176835741e-14
-1.182402503e-14
-1.284215556e-14
-1.215021472e-14
-1.087226665e-14
-1.077873569e-14
-1.045252416e-14
-9.569641237e-15
-9.523049437e-15
-9.701822366e-15
-9.546834305e-15
-8.374768027e-15
-7.702001243e-15
-8.549246423e-15
-8.369615311e-15
-6.194351825e-15
-6.929631137e-15
-7.515222947e-15
-7.506052624e-15
-7.865744255e-15
-6.449167158e-15
-6.813740332e-15
-7.378624607e-15
-7.290424181e-15
-6.105430132e-15
-4.864620004e-15
-3.477817345e-15
-4.232425664e-15
-5.016124349e-15
-3.204759202e-15
-3.326596795e-15
-4.200672412e-15
-2.405674616e-15
-2.816856251e-15
-3.873416923e-15
-3.865144689e-15
-4.379962816e-15
-2.483512041e-15
-2.542887077e-15
-3.657061095e-15
-2.259735906e-15
-2.304284483e-15
-2.052294582e-15
-1.901624976e-15
-3.449110084e-15
-3.150296094e-15
-1.499278982e-15
-1.454694718e-15
-7.167684859e-16
1.34852281e-15
1.11020541e-15
8.93856237e-16
7.108971382e-16
1.432804968e-15
1.807672293e-15
2.874330288e-15
3.028515785e-15
2.119069038e-15
1.512392979e-15
1.78521215e-15
2.193426001e-15
1.539683499e-15
1.189771571e-15
1.484663971e-15
6.750229748e-16
1.451768355e-17
2.288996506e-16
2.214942569e-16
-4.379317864e-17
9.401016837e-17
6.834623032e-17
-1.647558671e-16
1.344478398e-16
-5.713054534e-16
-1.880283477e-15
-1.650248166e-15
-1.586899496e-15
-1.855101015e-15
-1.908666726e-15
-1.879774064e-15
-1.773965551e-15
-2.205585348e-15
-1.938367104e-15
-1.770210445e-15
-1.824926501e-15
-1.949734304e-15
-2.331345404e-15
-2.747299407e-15
-3.192141106e-15
-4.183403652e-15
-4.691239682e-15
-4.604677005e-15
-5.034552195e-15
-4.622525142e-15
-4.325996043e-15
-4.494361038e-15
-5.026096879e-15
-5.352228375e-15
-5.228445049e-15
-6.15841079e-15
-6.656331129e-15
-6.442357652e-15
-6.023265207e-15
-6.534026092e-15
-7.431852359e-15
-7.168815633e-15
-6.417416638e-15
-6.817342212e-15
-7.076566618e-15
-6.494768487e-15
-6.922619749e-15
-7.12982963e-15
-7.008098463e-15
-7.113229454e-15
-7.184667262e-15
-7.174426866e-15
-7.26280578e-15
-8.536587169e-15
-9.163265489e-15
-8.867556794e-15
-8.363688375e-15
-8.369583189e-15
-8.487753094e-15
-8.027750534e-15
-8.690703924e-15
-9.207399707e-15
-8.715363821e-15
-9.841714226e-15
-1.019472904e-14
-9.599837417e-15
-8.532701393e-15
-9.641799264e-15
-1.006055374e-14
-1.018600051e-14
-1.076315101e-14
-9.920192805e-15
-9.491010878e-15
-1.071560737e-14
-1.053828284e-14
-9.648953584e-15
-1.006154275e-14
-9.558576145e-15
-1.035185392e-14
-1.061606387e-14
-1.016863719e-14
-1.098356304e-14
-1.123849529e-14
-1.097303156e-14
-1.030020975e-14
-1.001997903e-14
-9.848281339e-15
-9.742146191e-15
-1.10365259e-14
-1.134219086e-14
-1.187717986e-14
-1.101499838e-14
-1.0648577e-14
-1.162103062e-14
-1.181829229e-14
-1.265948533e-14
-1.248878364e-14
-1.342437555e-14
-1.309445958e-14
-1.122422499e-14
-1.220262483e-14
-1.260418757e-14
-1.211045642e-14
-1.202752233e-14
-1.19216258e-14
-1.153052447e-14
-1.178136275e-14
-1.15885425e-14
-1.270925352e-14
-1.31250099e-14
-1.370224965e-14
-1.310931147e-14
-1.288422518e-14
-1.339016013e-14
-1.233817242e-14
-1.322476404e-14
-1.316291911e-14
-1.233802945e-14
-1.235250403e-14
-1.154440543e-14
-1.154995671e-14
-1.131259923e-14
-1.097339444e-14
-1.197492281e-14
-1.133020549e-14
-1.153191109e-14
-1.238179035e-14
-1.162565132e-14
-1.191344828e-14
-1.156219034e-14
-1.185074581e-14
-1.190045124e-14
-1.132844218e-14
-1.263210181e-14
-1.395922004e-14
-1.375675016e-14
-1.186214866e-14
-1.168888163e-14
-1.180644249e-14
-1.179858578e-14
-1.162127685e-14
-1.032419526e-14
-1.011192329e-14
-1.050307055e-14
-1.014662941e-14
-9.785487277e-15
-8.497429476e-15
-7.434264522e-15
-8.513246799e-15
-8.608391274e-15
-7.949042562e-15
-6.963802442e-15
-7.442194341e-15
-7.681131583e-15
-7.236408827e-15
-6.434703379e-15
-6.02890801e-15
-7.814070826e-15
-7.71652065e-15
-5.893675583e-15
-7.179812655e-15
-6.390223168e-15
-3.190442202e-15
-3.722358872e-15
-4.390525836e-15
-4.049358228e-15
-2.658904606e-15
-3.574777983e-15
-3.389178383e-15
-1.942576356e-15
-4.291927953e-15
-4.34332704e-15
-2.90165987e-15
-3.478058679e-15
-3.455005352e-15
-2.731138533e-15
-2.201369148e-15
-2.852261145e-15
-2.127301355e-15
-2.040855466e-15
-3.414251524e-15
-2.189444568e-15
-1.023669456e-15
-2.25430685e-15
-1.320891728e-15
-1.867263972e-17
1.014532793e-15
1.215373732e-15
6.900364443e-16
1.272477121e-15
1.757408304e-15
2.680313427e-15
3.046510873e-15
2.370671801e-15
1.526747838e-15
1.804159693e-15
2.162024411e-15
1.339252411e-15
1.142271383e-15
1.409264443e-15
8.121005928e-16
1.597677673e-16
1.116499564e-16
2.723059903e-16
-1.223462294e-16
1.902776967e-16
6.020165424e-17
-1.455134659e-16
4.104183791e-17
-3.502316354e-16
-2.106938453e-15
-1.740218516e-15
-1.572500262e-15
-1.844984981e-15
-1.822633438e-15
-2.035218761e-15
-1.6254998e-15
-2.218940137e-15
-2.150795167e-15
-2.136344538e-15
-1.577270065e-15
-1.820469081e-15
-2.499729474e-15
-2.594451706e-15
-2.909795549e-15
-4.090217985e-15
-5.02010983e-15
-4.870178184e-15
-5.010189411e-15
-4.467112373e-15
-4.659178088e-15
-4.386003463e-15
-4.723403868e-15
-5.240768532e-15
-5.335751564e-15
-6.417600386e-15
-6.846039888e-15
-6.277653172e-15
-6.028196456e-15
-6.231560566e-15
-7.259631705e-15
-7.047819664e-15
-6.43866122e-15
-7.198379727e-15
-7.082302058e-15
-6.360746403e-15
-6.831678197e-15
-7.09617679e-15
-6.602014699e-15
-7.09583785e-15
-7.622573767e-15
-7.121812126e-15
-7.363643579e-15
-8.843896503e-15
-8.777720336e-15
-8.670436493e-15
-9.118585353e-15
-8.229117637e-15
-7.825714859e-15
-8.288397103e-15
-8.965201839e-15
-9.484010644e-15
-8.695335915e-15
-9.337820462e-15
-1.061517832e-14
-9.58632272e-15
-8.157187055e-15
-9.45969195e-15
-1.059124833e-14
-1.042549397e-14
-1.001400945e-14
-9.831006827e-15
-9.773215344e-15
-1.059447224e-14
-1.081344993e-14
-9.580904671e-15
-9.714429645e-15
-9.838680771e-15
-1.046529193e-14
-1.029379293e-14
-1.061815628e-14
-1.140724842e-14
-1.126447975e-14
-1.02777302e-14
-1.000354588e-14
-1.055397799e-14
-1.021544405e-14
-9.456026659e-15
-1.089666041e-14
-1.139576335e-14
-1.157447075e-14
-1.163073336e-14
-1.047278849e-14
-1.141940043e-14
-1.209231857e-14
-1.231508808e-14
-1.240549138e-14
-1.352913154e-14
-1.340633911e-14
-1.133135742e-14
-1.181844548e-14
-1.269714219e-14
-1.199653644e-14
-1.239969834e-14
-1.166673273e-14
-1.056140344e-14
-1.226513747e-14
-1.238944795e-14
-1.2558411e-14
-1.266372464e-14
-1.363612318e-14
-1.336321722e-14
-1.319365397e-14
-1.300479139e-14
-1.294767534e-14
-1.314007625e-14
-1.235679078e-14
-1.22046619e-14
-1.265936006e-14
-1.229186658e-14
-1.126351319e-14
-1.083569584e-14
-1.075420423e-14
-1.205984601e-14
-1.153352596e-14
-1.118632535e-14
-1.285334423e-14
-1.271244012e-14
-1.141600303e-14
-1.102329649e-14
-1.165792099e-14
-1.124405739e-14
-1.203983489e-14
-1.296854666e-14
-1.335430047e-14
-1.370065887e-14
-1.251496858e-14
-1.190623993e-14
-1.103069996e-14
-1.161701664e-14
-1.181040519e-14
-1.023444383e-14
-1.037657999e-14
-1.12592299e-14
-1.020313461e-14
-9.171690936e-15
-7.932478519e-15
-7.590573194e-15
-8.813178113e-15
-8.168267779e-15
-8.003439436e-15
-8.512382458e-15
-7.464833396e-15
-6.393046163e-15
-6.682355347e-15
-6.116571449e-15
-6.939936899e-15
-8.010178249e-15
-7.407037464e-15
-5.921459742e-15
-6.944982026e-15
-6.817671659e-15
-4.273948734e-15
-3.472156998e-15
-3.143003751e-15
-4.388232745e-15
-2.863211573e-15
-2.850911148e-15
-4.166923278e-15
-2.398977021e-15
-3.174256475e-15
-4.206975505e-15
-2.808950223e-15
-3.785464008e-15
-4.229050611e-15
-2.717506712e-15
-2.638332867e-15
-2.461411611e-15
-1.744940116e-15
-2.252694133e-15
-2.66700993e-15
-1.692561448e-15
-1.912953844e-15
-2.535913149e-15
-1.39817234e-15
-1.290445109e-15
9.148081875e-16
1.145168912e-15
4.054771317e-16
1.113922198e-15
1.676201519e-15
2.640885501e-15
3.092553238e-15
2.232210327e-15
1.482938613e-15
1.992891347e-15
2.10697685e-15
1.509375742e-15
1.251821911e-15
1.199246379e-15
7.138714318e-16
1.476097541e-16
5.13754426e-17
-6.286958443e-17
-9.347819756e-17
2.121992178e-16
2.299670666e-16
1.292816353e-16
-9.217152827e-17
-4.855777033e-16
-2.219876488e-15
-1.811400525e-15
-1.518780181e-15
-2.101909852e-15
-1.798289855e-15
-2.042933383e-15
-1.430010105e-15
-2.047967089e-15
-2.198487444e-15
-1.942340838e-15
-1.485361729e-15
-1.978176711e-15
-2.586675841e-15
-2.391243985e-15
-2.910813969e-15
-4.267604176e-15
-5.195836486e-15
-4.734155244e-15
-5.019411537e-15
-4.512865077e-15
-4.850957533e-15
-4.818250816e-15
-4.408709667e-15
-4.854230111e-15
-5.227226691e-15
-6.455893417e-15
-7.200174763e-15
-6.438606537e-15
-6.085241714e-15
-6.051126785e-15
-7.161079428e-15
-7.009229949e-15
-6.490529697e-15
-7.234127118e-15
-6.937985309e-15
-6.15339449e-15
-6.697327283e-15
-7.250275497e-15
-6.644475805e-15
-7.342096111e-15
-7.361585398e-15
-7.118893217e-15
-7.491611429e-15
-9.029770327e-15
-8.406369126e-15
-8.782922139e-15
-9.659213252e-15
-7.812234078e-15
-7.480714988e-15
-8.452796591e-15
-8.911975605e-15
-9.504322521e-15
-8.947903331e-15
-8.996272162e-15
-1.056728537e-14
-9.92647931e-15
-8.196870431e-15
-9.192637691e-15
-1.05818635e-14
-1.057673778e-14
-9.676327978e-15
-1.022529052e-14
-1.040228332e-14
-1.000885594e-14
-1.081537909e-14
-9.855277159e-15
-9.222178388e-15
-1.01019163e-14
-1.069909841e-14
-9.907685017e-15
-1.080297251e-14
-1.162637363e-14
-1.146424556e-14
-9.477543677e-15
-9.524101001e-15
-1.099055218e-14
-1.088508674e-14
-9.21891862e-15
-1.068276401e-14
-1.168677065e-14
-1.123549714e-14
-1.215181921e-14
-1.048324389e-14
-1.077134846e-14
-1.223573867e-14
-1.268787662e-14
-1.253933275e-14
-1.338305639e-14
-1.294484833e-14
-1.221978077e-14
-1.14641574e-14
-1.224544791e-14
-1.264371363e-14
-1.222454848e-14
-1.107489149e-14
-1.067208132e-14
-1.239873074e-14
-1.275966593e-14
-1.209062847e-14
-1.229190129e-14
-1.382487396e-14
-1.391660408e-14
-1.310594365e-14
-1.264957031e-14
-1.392078011e-14
-1.262230537e-14
-1.109941585e-14
-1.26663109e-14
-1.332794883e-14
-1.256642332e-14
-1.132030199e-14
-1.060174967e-14
-1.053272713e-14
-1.123899392e-14
-1.202860714e-14
-1.167095813e-14
-1.261620978e-14
-1.358089041e-14
-1.122516127e-14
-1.029650659e-14
-1.097493015e-14
-1.116249798e-14
-1.316719368e-14
-1.337744998e-14
-1.283532796e-14
-1.297090732e-14
-1.323640459e-14
-1.20261977e-14
-1.047956731e-14
-1.2402013e-14
-1.168914015e-14
-9.670989858e-15
-1.064768986e-14
-1.172090052e-14
-1.019982056e-14
-9.14969553e-15
-7.320535215e-15
-7.664864253e-15
-8.887532487e-15
-8.138388148e-15
-8.632331437e-15
-8.871237421e-15
-7.347775957e-15
-5.114272855e-15
-6.108015559e-15
-6.875822808e-15
-7.830989837e-15
-7.526811349e-15
-7.061880652e-15
-7.003296103e-15
-6.498927888e-15
-5.868242536e-15
-5.430407985e-15
-3.652167651e-15
-1.775229523e-15
-4.531814937e-15
-3.025654539e-15
-2.536832906e-15
-4.948036517e-15
-3.376828445e-15
-2.78536937e-15
-3.109905995e-15
-2.819438735e-15
-4.173432104e-15
-3.520699739e-15
-2.837176385e-15
-4.0278965e-15
-2.536274114e-15
-1.2476999e-15
-2.563277796e-15
-1.784773048e-15
-1.058762376e-15
-3.13528797e-15
-2.157898297e-15
-1.280795761e-15
-2.274315159e-15
9.945608663e-16
4.618843512e-16
1.114515243e-17
1.094559465e-15
1.508967866e-15
2.623218823e-15
3.211790805e-15
1.981687603e-15
1.483453404e-15
2.259875839e-15
1.818673005e-15
1.527261703e-15
1.453455149e-15
1.264489778e-15
5.936666681e-16
-4.834856347e-17
8.904485091e-18
-9.963680876e-17
1.97384337e-17
3.577270713e-16
-7.654776256e-17
3.61366588e-16
2.285645123e-16
-7.587668429e-16
-2.144399235e-15
-1.990676736e-15
-1.669205284e-15
-2.294546619e-15
-1.97844286e-15
-1.652117654e-15
-1.110962433e-15
-2.225300775e-15
-2.280584135e-15
-1.684639649e-15
-1.495376668e-15
-2.201717305e-15
-2.445234809e-15
-2.403075629e-15
-2.920972244e-15
-4.286781053e-15
-5.342560782e-15
-4.735800192e-15
-4.845761326e-15
-4.499615506e-15
-5.02719071e-15
-4.847531461e-15
-4.804474018e-15
-4.557741514e-15
-4.907792434e-15
-6.524001986e-15
-7.161412097e-15
-6.353819509e-15
-6.391164262e-15
-6.481494812e-15
-6.873026249e-15
-6.792774121e-15
-7.006274117e-15
-7.036584634e-15
-6.526934847e-15
-6.256286821e-15
-6.814168434e-15
-6.817190931e-15
-6.799796404e-15
-7.708235603e-15
-7.280333085e-15
-6.894492297e-15
-7.792834936e-15
-9.151302439e-15
-8.367013745e-15
-8.785577087e-15
-9.529648515e-15
-7.989392361e-15
-7.171561015e-15
-8.232769166e-15
-9.084548719e-15
-9.543279648e-15
-8.978208466e-15
-8.843677454e-15
-1.068329424e-14
-1.002686376e-14
-8.134356394e-15
-8.799903921e-15
-1.056307337e-14
-1.099980276e-14
-9.71730777e-15
-1.016190076e-14
-1.051806836e-14
-9.979578494e-15
-1.089066314e-14
-9.75921635e-15
-9.01109228e-15
-1.025871577e-14
-1.053394739e-14
-1.007575703e-14
-1.106700299e-14
-1.15746357e-14
-1.1532279e-14
-9.339004316e-15
-9.247593465e-15
-1.111173203e-14
-1.126454717e-14
-9.027838085e-15
-1.046615351e-14
-1.169755867e-14
-1.149255516e-14
-1.189463463e-14
-1.043811492e-14
-1.083776124e-14
-1.249652336e-14
-1.271540032e-14
-1.268787701e-14
-1.310154526e-14
-1.292231812e-14
-1.277635306e-14
-1.128174565e-14
-1.165132631e-14
-1.307227619e-14
-1.251394861e-14
-1.080565278e-14
-1.112785875e-14
-1.18941619e-14
-1.221085621e-14
-1.214671397e-14
-1.235838911e-14
-1.40467024e-14
-1.434417074e-14
-1.314465245e-14
-1.270116992e-14
-1.38979216e-14
-1.270822741e-14
-1.073031451e-14
-1.282486392e-14
-1.335014736e-14
-1.278588613e-14
-1.114502924e-14
-1.020563319e-14
-1.082716206e-14
-1.116301214e-14
-1.202913484e-14
-1.163638854e-14
-1.247334644e-14
-1.38770355e-14
-1.163019709e-14
-9.838247063e-15
-1.054537012e-14
-1.176815858e-14
-1.350459939e-14
-1.304378816e-14
-1.254069168e-14
-1.298062472e-14
-1.361596515e-14
-1.136249776e-14
-1.082850856e-14
-1.260091408e-14
-1.170278651e-14
-9.632286393e-15
-1.070442867e-14
-1.197892698e-14
-9.859446427e-15
-9.109704735e-15
-6.785729273e-15
-8.077868932e-15
-9.002032117e-15
-8.354979827e-15
-8.865326148e-15
-8.954069379e-15
-6.824792248e-15
-4.803955141e-15
-6.269918137e-15
-7.027503288e-15
-8.501026055e-15
-7.083769979e-15
-6.589144066e-15
-7.43410158e-15
-6.735196044e-15
-5.297423111e-15
-5.61034875e-15
-4.10733624e-15
-1.445396885e-15
-3.728242242e-15
-3.251503376e-15
-3.114679948e-15
-5.307356832e-15
-3.34957757e-15
-2.355564685e-15
-2.610409277e-15
-3.424105029e-15
-4.749916912e-15
-2.393272987e-15
-2.526968567e-15
-4.829313827e-15
-2.522094106e-15
-8.167885991e-16
-2.721236302e-15
-1.826854526e-15
-1.620278197e-15
-3.290604987e-15
-1.167705597e-15
-1.119195409e-15
-2.750243561e-15
2.359017925e-16
-3.123451254e-16
-2.706852609e-16
1.17006196e-15
1.553550775e-15
2.378587493e-15
3.131793966e-15
1.805179414e-15
1.741786163e-15
2.346837794e-15
1.573289862e-15
1.577192273e-15
1.36165648e-15
1.257549525e-15
7.234319998e-16
3.066107424e-16
-1.013723231e-16
-1.575964554e-17
5.134169737e-17
2.930341114e-16
-1.18966685e-16
6.47492341e-16
4.831704023e-16
-1.198806186e-15
-2.298746522e-15
-2.099418368e-15
-2.040818736e-15
-2.208899941e-15
-2.005428398e-15
-1.407636722e-15
-9.477455967e-16
-2.563229588e-15
-2.245410612e-15
-1.206403426e-15
-1.767316485e-15
-2.567542834e-15
-2.096751061e-15
-2.738892847e-15
-3.091990658e-15
-4.133736211e-15
-5.192555594e-15
-4.818925998e-15
-4.721556543e-15
-4.336552211e-15
-4.750286817e-15
-4.572428534e-15
-5.11778071e-15
-4.845371312e-15
-4.478329312e-15
-6.741653465e-15
-7.412310853e-15
-6.010111689e-15
-6.216892775e-15
-6.809496752e-15
-6.860671876e-15
-6.54629899e-15
-7.172315033e-15
-7.05600294e-15
-6.56891036e-15
-6.503046873e-15
-6.550621779e-15
-6.25672761e-15
-7.15903877e-15
-7.96051227e-15
-7.187174686e-15
-6.957540439e-15
-7.991953616e-15
-8.809538692e-15
-8.478951994e-15
-9.105368661e-15
-8.940020364e-15
-8.104735504e-15
-7.40898446e-15
-8.130021939e-15
-9.340515624e-15
-9.689788837e-15
-8.437775398e-15
-8.809847272e-15
-1.062511889e-14
-9.979640513e-15
-8.777961885e-15
-8.924890475e-15
-1.003666818e-14
-1.104813381e-14
-9.890612192e-15
-9.86589539e-15
-1.039921821e-14
-1.020797802e-14
-1.058507156e-14
-9.991592811e-15
-9.224800406e-15
-1.007689028e-14
-1.010433098e-14
-1.026433314e-14
-1.095634777e-14
-1.13748458e-14
-1.178336404e-14
-1.014427868e-14
-9.491900381e-15
-1.035532978e-14
-1.114981844e-14
-9.876560334e-15
-1.030255129e-14
-1.156287524e-14
-1.188572086e-14
-1.124539361e-14
-1.03260177e-14
-1.134546734e-14
-1.226172682e-14
-1.268647804e-14
-1.296176329e-14
-1.29439136e-14
-1.322512981e-14
-1.298655904e-14
-1.108718618e-14
-1.131125658e-14
-1.301885494e-14
-1.292419674e-14
-1.094035802e-14
-1.144431957e-14
-1.165268687e-14
-1.130856846e-14
-1.217981297e-14
-1.269592488e-14
-1.437175289e-14
-1.422221906e-14
-1.323993034e-14
-1.269415865e-14
-1.300326523e-14
-1.331189241e-14
-1.170829827e-14
-1.259570129e-14
-1.312454883e-14
-1.249577425e-14
-1.106379387e-14
-9.985714756e-15
-1.084978173e-14
-1.187625136e-14
-1.135969821e-14
-1.095349044e-14
-1.275029196e-14
-1.397522445e-14
-1.179098885e-14
-1.046429417e-14
-1.014926845e-14
-1.214339121e-14
-1.39779011e-14
-1.268134476e-14
-1.247005412e-14
-1.32845135e-14
-1.336894305e-14
-1.07056045e-14
-1.083686132e-14
-1.228757184e-14
-1.214008003e-14
-9.940285875e-15
-1.094974415e-14
-1.200257077e-14
-9.278926513e-15
-9.13745905e-15
-7.181585513e-15
-8.420461076e-15
-9.132012802e-15
-8.160483654e-15
-8.48396149e-15
-8.642069692e-15
-6.686883188e-15
-5.320342499e-15
-7.470348178e-15
-6.711611446e-15
-8.201330251e-15
-7.251607018e-15
-5.621159265e-15
-6.981101032e-15
-7.3972802e-15
-5.298180887e-15
-5.587212922e-15
-4.373347692e-15
-1.804342696e-15
-3.234479188e-15
-2.852687245e-15
-3.861648083e-15
-5.570897023e-15
-2.652925097e-15
-2.309902921e-15
-2.586743571e-15
-3.70085001e-15
-5.109543341e-15
-1.829372317e-15
-2.006614979e-15
-4.682455746e-15
-2.938871236e-15
-6.701327504e-16
-2.885162244e-15
-2.118551053e-15
-2.102418001e-15
-2.637014252e-15
-4.960908957e-16
-1.661533468e-15
-2.936053858e-15
-3.935923183e-16
-8.576042733e-16
-9.587536325e-16
1.298272636e-15
1.819151563e-15
2.335907981e-15
2.834093276e-15
1.90269691e-15
1.631706826e-15
2.199505367e-15
1.467456188e-15
1.511622648e-15
1.398257606e-15
1.093025087e-15
7.206019709e-16
7.765748694e-16
1.385411879e-16
3.260694404e-18
1.323149744e-16
2.28000703e-16
-5.602640568e-17
7.032443184e-16
3.705133749e-16
-1.485366173e-15
-2.521467535e-15
-1.946524231e-15
-2.131478506e-15
-2.242712063e-15
-1.87377456e-15
-8.727754007e-16
-1.310308357e-15
-2.608316624e-15
-2.00568869e-15
-1.214934955e-15
-2.094265624e-15
-2.41490608e-15
-1.962017328e-15
-3.288846349e-15
-3.315262191e-15
-4.103494499e-15
-5.05168864e-15
-4.396890896e-15
-4.439085314e-15
-4.545183551e-15
-4.944417498e-15
-4.762218457e-15
-4.966895815e-15
-4.703329388e-15
-4.150886406e-15
-6.900391415e-15
-7.676156991e-15
-5.933195977e-15
-6.29391415e-15
-7.00644901e-15
-6.870826876e-15
-6.329517091e-15
-6.603446996e-15
-6.843524255e-15
-7.207375597e-15
-6.644578103e-15
-5.749424651e-15
-6.208618274e-15
-7.454313111e-15
-8.08220774e-15
-7.409458582e-15
-6.900696837e-15
-8.089294317e-15
-8.611615906e-15
-8.836279889e-15
-8.846010062e-15
-8.138636899e-15
-8.38548438e-15
-7.441211143e-15
-8.074048834e-15
-9.338313298e-15
-9.734999149e-15
-8.389903215e-15
-8.896051155e-15
-1.048904861e-14
-9.833916912e-15
-9.616276191e-15
-9.035899394e-15
-9.80860213e-15
-1.106816918e-14
-9.876457326e-15
-9.776411529e-15
-1.022655062e-14
-1.053248734e-14
-1.049336407e-14
-9.983163521e-15
-9.192769792e-15
-9.870833208e-15
-9.978550118e-15
-1.047374627e-14
-1.063326673e-14
-1.102641561e-14
-1.200909113e-14
-1.052719599e-14
-9.800384767e-15
-9.93188262e-15
-1.110752736e-14
-1.063169372e-14
-1.027298468e-14
-1.147755252e-14
-1.209580251e-14
-1.123140381e-14
-1.020706126e-14
-1.10037041e-14
-1.204960886e-14
-1.326172293e-14
-1.321707861e-14
-1.287995017e-14
-1.300636792e-14
-1.300475772e-14
-1.130059614e-14
-1.089415422e-14
-1.275657139e-14
-1.34611716e-14
-1.142303835e-14
-1.125112027e-14
-1.143621109e-14
-1.124576749e-14
-1.179575929e-14
-1.291583802e-14
-1.494123824e-14
-1.413414377e-14
-1.305205776e-14
-1.208660794e-14
-1.241511273e-14
-1.399969832e-14
-1.267407146e-14
-1.228838613e-14
-1.285414321e-14
-1.232960362e-14
-1.12286603e-14
-1.0056254e-14
-1.067633171e-14
-1.206657881e-14
-1.098759577e-14
-1.036200508e-14
-1.264714171e-14
-1.447493237e-14
-1.187579745e-14
-1.106564777e-14
-1.025111447e-14
-1.206598314e-14
-1.440447118e-14
-1.224755115e-14
-1.207264212e-14
-1.346412566e-14
-1.335110784e-14
-1.068983406e-14
-1.055400261e-14
-1.207542632e-14
-1.232706424e-14
-9.966137466e-15
-1.136268279e-14
-1.227419466e-14
-9.287524904e-15
-9.167156043e-15
-7.508515309e-15
-8.568745664e-15
-8.835478819e-15
-8.196633829e-15
-8.03043051e-15
-7.984176616e-15
-6.607622864e-15
-6.11747791e-15
-8.575528674e-15
-6.087044199e-15
-7.811976741e-15
-7.227751871e-15
-4.958653781e-15
-6.794737839e-15
-7.97854665e-15
-5.807103719e-15
-5.234715671e-15
-4.142027452e-15
-2.58111314e-15
-3.458918806e-15
-2.125496516e-15
-3.902375152e-15
-5.890305222e-15
-2.552938177e-15
-2.837061809e-15
-1.83914837e-15
-3.190046434e-15
-5.539939576e-15
-1.661213968e-15
-1.336470534e-15
-4.330195768e-15
-3.386375449e-15
-1.082332641e-15
-2.837397953e-15
-1.533771869e-15
-2.3043411e-15
-2.904541827e-15
-4.608364439e-16
-1.98112831e-15
-2.767313541e-15
-7.84194163e-16
-1.238459356e-15
-9.092246068e-16
1.226856402e-15
1.557959152e-15
2.413574484e-15
2.568693333e-15
1.658107811e-15
1.503186584e-15
2.080775518e-15
1.719337347e-15
1.51970193e-15
1.397212528e-15
9.696876652e-16
7.831011285e-16
1.011090087e-15
2.874969655e-16
6.964109484e-17
-1.33091962e-16
-1.270594012e-17
3.713504833e-16
6.027940602e-16
-2.019847263e-17
-1.403910926e-15
-2.198482541e-15
-2.239900816e-15
-2.151468903e-15
-2.310293463e-15
-1.22968322e-15
-5.902710622e-16
-1.271020174e-15
-2.459615498e-15
-1.992625255e-15
-1.590467886e-15
-1.832080082e-15
-2.432542825e-15
-2.283790008e-15
-3.301288567e-15
-3.653783737e-15
-4.21990842e-15
-4.812029479e-15
-3.525567471e-15
-4.177838435e-15
-5.009681638e-15
-5.2594733e-15
-4.880931456e-15
-4.781288135e-15
-4.724407945e-15
-4.731820623e-15
-6.64926827e-15
-7.588232934e-15
-6.159414337e-15
-6.315221946e-15
-7.053563462e-15
-6.901199129e-15
-6.383292462e-15
-6.116334453e-15
-6.679493724e-15
-7.666363963e-15
-6.91266556e-15
-5.355569971e-15
-5.79931128e-15
-7.576152457e-15
-8.261847038e-15
-7.498639281e-15
-7.102314108e-15
-8.114157046e-15
-8.320700486e-15
-8.687075858e-15
-8.409778886e-15
-7.989556914e-15
-8.906727239e-15
-7.279283752e-15
-7.884502286e-15
-9.268106138e-15
-9.708582397e-15
-8.596883515e-15
-8.94091622e-15
-1.062342998e-14
-1.008296122e-14
-9.570455433e-15
-9.157736152e-15
-9.903575526e-15
-1.094875626e-14
-9.998669944e-15
-9.524881912e-15
-9.930841669e-15
-1.095274336e-14
-1.08380665e-14
-9.880070853e-15
-9.085974056e-15
-9.850037431e-15
-9.770084699e-15
-1.029132437e-14
-1.015617718e-14
-1.120310219e-14
-1.178110103e-14
-1.020484981e-14
-1.023950136e-14
-1.048998023e-14
-1.135102012e-14
-1.079104405e-14
-1.035429498e-14
-1.134526273e-14
-1.195979694e-14
-1.108800741e-14
-1.017040633e-14
-1.061908096e-14
-1.22221743e-14
-1.35591941e-14
-1.322430743e-14
-1.272639291e-14
-1.30240398e-14
-1.320281235e-14
-1.156499904e-14
-1.077629195e-14
-1.261197872e-14
-1.363198973e-14
-1.164553888e-14
-1.116463409e-14
-1.168745734e-14
-1.113962469e-14
-1.130806716e-14
-1.306033924e-14
-1.496189371e-14
-1.372469762e-14
-1.281474547e-14
-1.197259323e-14
-1.24061962e-14
-1.491792596e-14
-1.303684595e-14
-1.206431056e-14
-1.260360744e-14
-1.210119192e-14
-1.133679649e-14
-1.01355283e-14
-1.074746137e-14
-1.21120967e-14
-1.119269453e-14
-1.002627069e-14
-1.252142969e-14
-1.471828204e-14
-1.186453018e-14
-1.144299041e-14
-1.036288118e-14
-1.188603718e-14
-1.485473867e-14
-1.16942879e-14
-1.155513265e-14
-1.377522792e-14
-1.350084345e-14
-1.023131049e-14
-1.072503778e-14
-1.184139658e-14
-1.253523971e-14
-1.01750344e-14
-1.151646517e-14
-1.239561106e-14
-9.023140074e-15
-9.176225955e-15
-7.88880637e-15
-8.507361951e-15
-8.712184184e-15
-8.236009135e-15
-7.978443307e-15
-7.220532657e-15
-6.867899125e-15
-6.762551907e-15
-8.745421316e-15
-5.862471773e-15
-7.244991461e-15
-6.953284434e-15
-5.036240254e-15
-7.068956284e-15
-8.189241197e-15
-6.644443994e-15
-4.703411547e-15
-3.387615571e-15
-2.97878527e-15
-3.809187597e-15
-2.201817213e-15
-3.885465902e-15
-5.9146026e-15
-2.536865636e-15
-3.191812763e-15
-1.661114922e-15
-2.780281883e-15
-5.534271292e-15
-1.932428434e-15
-1.045297274e-15
-3.514824652e-15
-3.439965356e-15
-1.622795675e-15
-2.818886611e-15
-1.434268709e-15
-2.151959697e-15
-3.277717464e-15
-5.539602382e-16
-1.810414423e-15
-3.112416645e-15
-1.1183909e-15
-1.739805832e-15
-6.474443098e-16
8.258052487e-16
1.218922573e-15
2.344611642e-15
2.150683796e-15
1.507303922e-15
1.246143811e-15
1.743112746e-15
1.845928394e-15
1.909453549e-15
1.395385576e-15
7.155079812e-16
1.312340393e-15
1.294313585e-15
5.912291514e-16
3.188130321e-16
-2.845580409e-16
-2.705209064e-16
2.960374546e-16
4.263671923e-16
-3.167424123e-17
-1.410609885e-15
-1.977590426e-15
-2.35658789e-15
-2.106835164e-15
-1.885825586e-15
-9.535127096e-16
-5.070530866e-16
-1.44098387e-15
-2.195500293e-15
-1.828220184e-15
-1.449861224e-15
-2.030037605e-15
-2.750756508e-15
-2.457832291e-15
-3.218126907e-15
-3.649639564e-15
-4.07913612e-15
-4.772285358e-15
-3.49818348e-15
-4.187411062e-15
-4.866538983e-15
-5.503624911e-15
-5.127852696e-15
-4.804590433e-15
-4.822913286e-15
-5.200043051e-15
-6.421951569e-15
-7.263370215e-15
-6.084587362e-15
-6.038209039e-15
-7.187209289e-15
-7.098073405e-15
-6.379391139e-15
-6.349272597e-15
-6.669287313e-15
-7.211698637e-15
-7.096659182e-15
-5.574310189e-15
-5.786211717e-15
-7.556501283e-15
-8.035013482e-15
-7.191780368e-15
-7.246098217e-15
-8.266176974e-15
-8.199103562e-15
-8.720898134e-15
-8.299327992e-15
-8.20486005e-15
-8.989403845e-15
-7.082104725e-15
-7.689450073e-15
-9.489539412e-15
-9.737614345e-15
-8.284813522e-15
-9.046825809e-15
-1.073201313e-14
-1.011842121e-14
-9.805984645e-15
-9.182628636e-15
-9.937716598e-15
-1.078700621e-14
-1.024187934e-14
-9.651929953e-15
-9.226095071e-15
-1.057874314e-14
-1.101687725e-14
-1.000819115e-14
-8.985069414e-15
-1.006565544e-14
-1.004792467e-14
-1.010510444e-14
-1.015087e-14
-1.103509466e-14
-1.111479701e-14
-1.023393478e-14
-1.088250542e-14
-1.049175438e-14
-1.120570995e-14
-1.076559896e-14
-1.05986081e-14
-1.153683795e-14
-1.147610722e-14
-1.073775118e-14
-1.015664326e-14
-1.0796551e-14
-1.241788745e-14
-1.368562619e-14
-1.3212557e-14
-1.256135411e-14
-1.334858029e-14
-1.335427465e-14
-1.159208547e-14
-1.110419589e-14
-1.269493292e-14
-1.340204183e-14
-1.129021551e-14
-1.120447523e-14
-1.172698728e-14
-1.132258176e-14
-1.11933265e-14
-1.279515525e-14
-1.472414649e-14
-1.342632023e-14
-1.240878528e-14
-1.247209405e-14
-1.286482785e-14
-1.502597898e-14
-1.322458585e-14
-1.212136244e-14
-1.270025836e-14
-1.188537148e-14
-1.114315208e-14
-1.010192116e-14
-1.087889559e-14
-1.20990385e-14
-1.134142117e-14
-1.018601995e-14
-1.270050893e-14
-1.459823155e-14
-1.224067497e-14
-1.168917352e-14
-1.016579441e-14
-1.184058646e-14
-1.490633066e-14
-1.190257943e-14
-1.109875214e-14
-1.332927194e-14
-1.312014818e-14
-1.032224617e-14
-1.072819195e-14
-1.177181093e-14
-1.288949006e-14
-1.031759521e-14
-1.162328049e-14
-1.255176916e-14
-8.79095961e-15
-8.954314732e-15
-7.79917466e-15
-8.674071345e-15
-8.704879529e-15
-8.073758568e-15
-7.84899066e-15
-7.122962599e-15
-7.250410927e-15
-7.084135909e-15
-8.761397086e-15
-5.842374584e-15
-6.735610018e-15
-6.983260618e-15
-5.291981752e-15
-7.161491444e-15
-7.992901657e-15
-6.959458214e-15
-4.869651741e-15
-2.803105053e-15
-3.047962734e-15
-3.983033637e-15
-2.408957998e-15
-4.005052225e-15
-5.778184488e-15
-2.64818545e-15
-3.321512651e-15
-1.879910946e-15
-2.420017075e-15
-5.009663358e-15
-2.085850476e-15
-1.15970818e-15
-3.117360816e-15
-3.514375007e-15
-1.799548884e-15
-2.844362195e-15
-1.546904496e-15
-2.592298151e-15
-3.152177303e-15
-2.501280864e-16
-2.224589657e-15
-3.177936252e-15
-1.218339197e-15
-1.808821652e-15
-8.434618014e-16
3.311739287e-16
1.04528553e-15
2.110821493e-15
2.08154662e-15
1.590163841e-15
1.322959345e-15
1.395362094e-15
1.895185261e-15
1.973928045e-15
1.114739612e-15
8.12805437e-16
1.8221095e-15
1.643291111e-15
7.108866285e-16
2.476280994e-16
-6.249944439e-16
-4.922980485e-16
5.277464139e-17
2.587304495e-16
-2.090082154e-17
-8.998812773e-16
-2.006402486e-15
-2.404160602e-15
-1.851068357e-15
-1.550772688e-15
-1.248830466e-15
-8.611278106e-16
-1.159769147e-15
-1.699291326e-15
-1.522469362e-15
-1.429064486e-15
-2.06939047e-15
-2.902390829e-15
-2.514386649e-15
-3.19867088e-15
-3.665258579e-15
-3.916337168e-15
-4.777072595e-15
-3.376179089e-15
-4.401677737e-15
-4.804502379e-15
-5.470349941e-15
-5.413094439e-15
-4.973760351e-15
-4.74860941e-15
-5.201638882e-15
-6.406427436e-15
-6.727088995e-15
-6.103640955e-15
-6.439655304e-15
-7.639276282e-15
-7.246641587e-15
-6.265466356e-15
-6.53476952e-15
-6.675400751e-15
-6.895492947e-15
-7.102307322e-15
-5.789448986e-15
-5.959558216e-15
-7.410752986e-15
-7.636861876e-15
-7.135911634e-15
-7.301356896e-15
-8.237322075e-15
-8.492364639e-15
-8.652971704e-15
-8.31748468e-15
-8.165677672e-15
-8.95291231e-15
-7.167075652e-15
-7.708094343e-15
-9.96646909e-15
-9.746950775e-15
-7.862435065e-15
-9.189767448e-15
-1.086962323e-14
-9.952029498e-15
-9.720347169e-15
-8.938272267e-15
-1.029227808e-14
-1.067465569e-14
-1.013093002e-14
-9.365795986e-15
-8.600275231e-15
-1.032752954e-14
-1.124850103e-14
-1.005591732e-14
-9.204221184e-15
-1.033339872e-14
-9.780898902e-15
-9.893865931e-15
-1.046011675e-14
-1.083913795e-14
-1.05499712e-14
-1.060404202e-14
-1.097024069e-14
-1.028501315e-14
-1.12425335e-14
-1.124961684e-14
-1.067107747e-14
-1.139589526e-14
-1.165535915e-14
-1.040365144e-14
-9.872130302e-15
-1.110252605e-14
-1.245817475e-14
-1.370093216e-14
-1.333743205e-14
-1.263702988e-14
-1.333482893e-14
-1.328263333e-14
-1.157547772e-14
-1.140284575e-14
-1.304856548e-14
-1.343996543e-14
-1.07753492e-14
-1.104289891e-14
-1.162911888e-14
-1.157389752e-14
-1.132401071e-14
-1.260256522e-14
-1.462149322e-14
-1.309065749e-14
-1.218053229e-14
-1.271146255e-14
-1.329776245e-14
-1.518077867e-14
-1.312798323e-14
-1.23558271e-14
-1.271731845e-14
-1.147107437e-14
-1.088784341e-14
-1.021355364e-14
-1.078835023e-14
-1.204803288e-14
-1.134443279e-14
-1.088370096e-14
-1.276143712e-14
-1.416093489e-14
-1.260225576e-14
-1.211634445e-14
-1.000986213e-14
-1.17877828e-14
-1.504060897e-14
-1.209664854e-14
-1.104910673e-14
-1.280585651e-14
-1.268703716e-14
-1.081629047e-14
-1.029473812e-14
-1.144052081e-14
-1.297924635e-14
-1.064478029e-14
-1.164040713e-14
-1.286891851e-14
-8.990409074e-15
-8.580981931e-15
-7.46872905e-15
-8.956969559e-15
-8.91879126e-15
-7.74831988e-15
-7.765678226e-15
-7.334800731e-15
-7.702466034e-15
-7.251913294e-15
-8.730744932e-15
-5.977235987e-15
-6.211797192e-15
-6.675812503e-15
-5.068961033e-15
-7.448617567e-15
-8.146739404e-15
-7.243829107e-15
-5.086772355e-15
-2.400821977e-15
-3.136622372e-15
-4.191755635e-15
-2.541338451e-15
-4.152675927e-15
-5.813949582e-15
-2.737304885e-15
-3.310096724e-15
-1.544342279e-15
-2.517656239e-15
-4.802986304e-15
-1.866879777e-15
-9.102090743e-16
-2.959002851e-15
-3.646237635e-15
-2.322787509e-15
-3.052568251e-15
-1.750453889e-15
-2.779236432e-15
-2.737187716e-15
-8.634529364e-17
-2.449421608e-15
-3.16061685e-15
-1.307174693e-15
-1.936672269e-15
-1.2512924e-15
-2.379514652e-16
6.994360013e-16
1.826352212e-15
1.852305563e-15
1.752601916e-15
1.509542462e-15
1.688103798e-15
1.910166136e-15
1.786703642e-15
1.010259099e-15
7.324781821e-16
1.710769494e-15
1.742469934e-15
7.899914507e-16
3.266257039e-16
-6.835413099e-16
-5.520272949e-16
-2.707689539e-16
2.551880045e-16
1.339462181e-16
-8.108765155e-16
-1.98992646e-15
-2.487783892e-15
-1.622318181e-15
-1.087362825e-15
-1.636319721e-15
-1.224237588e-15
-7.15285913e-16
-1.393077532e-15
-1.390602446e-15
-1.462944254e-15
-1.998869423e-15
-2.814574658e-15
-2.829439287e-15
-3.338530805e-15
-3.381817273e-15
-3.989122196e-15
-4.4787008e-15
-3.596792885e-15
-4.514300211e-15
-4.407922795e-15
-5.299474434e-15
-5.382907069e-15
-5.05712942e-15
-4.831022141e-15
-5.790345438e-15
-6.314377039e-15
-6.543588796e-15
-6.303667253e-15
-6.837114313e-15
-7.599072081e-15
-7.222099834e-15
-6.695789234e-15
-6.855347944e-15
-6.637652896e-15
-6.477462728e-15
-6.990672492e-15
-5.586778612e-15
-5.775448117e-15
-7.505468346e-15
-8.023222942e-15
-7.155689291e-15
-6.962565107e-15
-8.141181947e-15
-8.338761906e-15
-8.628005758e-15
-8.356676159e-15
-8.035529561e-15
-9.472108513e-15
-7.590145722e-15
-7.2421314e-15
-9.612258261e-15
-9.745014395e-15
-7.805352278e-15
-9.122664425e-15
-1.126188961e-14
-1.01720164e-14
-9.598158732e-15
-8.723592396e-15
-1.050086907e-14
-1.049656916e-14
-1.014832173e-14
-9.485276684e-15
-7.831650232e-15
-1.014953532e-14
-1.12015069e-14
-1.033754372e-14
-9.320881362e-15
-1.044160273e-14
-9.625383232e-15
-9.854886863e-15
-1.042946526e-14
-1.07479634e-14
-1.078613086e-14
-1.063867916e-14
-1.076449802e-14
-1.023444051e-14
-1.118369315e-14
-1.116220781e-14
-1.076312203e-14
-1.152628977e-14
-1.120724752e-14
-1.041080083e-14
-1.018828871e-14
-1.140903868e-14
-1.235620331e-14
-1.335619642e-14
-1.376174817e-14
-1.303294394e-14
-1.356355298e-14
-1.303640029e-14
-1.112211664e-14
-1.175036179e-14
-1.336652844e-14
-1.284036085e-14
-1.048396394e-14
-1.129021403e-14
-1.181859302e-14
-1.1419885e-14
-1.159880429e-14
-1.28707315e-14
-1.427203683e-14
-1.266867062e-14
-1.197749019e-14
-1.305170975e-14
-1.356224762e-14
-1.537822325e-14
-1.289196012e-14
-1.250609524e-14
-1.313092058e-14
-1.076024428e-14
-1.059045973e-14
-1.012593259e-14
-1.050131863e-14
-1.224149021e-14
-1.164536079e-14
-1.154270487e-14
-1.282309827e-14
-1.403641992e-14
-1.282876354e-14
-1.23947898e-14
-1.02187034e-14
-1.176322554e-14
-1.459789239e-14
-1.212898664e-14
-1.124601091e-14
-1.26214668e-14
-1.202080567e-14
-1.081867616e-14
-9.850182817e-15
-1.14781721e-14
-1.34623297e-14
-1.037542683e-14
-1.170266562e-14
-1.322268284e-14
-9.464956906e-15
-8.229329599e-15
-7.371503129e-15
-9.157711152e-15
-8.595474821e-15
-7.716418911e-15
-7.749152006e-15
-7.74644304e-15
-7.846576546e-15
-7.359537805e-15
-8.879622093e-15
-5.940165896e-15
-5.694231111e-15
-6.638813326e-15
-5.071277218e-15
-7.204017748e-15
-8.294422025e-15
-7.017652026e-15
-5.110322063e-15
-2.43593674e-15
-3.492509014e-15
-4.669724291e-15
-2.318975541e-15
-4.147367901e-15
-5.780568862e-15
-3.11143978e-15
-3.58739648e-15
-8.452581109e-16
-2.500546963e-15
-4.510600653e-15
-1.979248404e-15
-8.898124785e-16
-2.877949568e-15
-3.567573195e-15
-2.315990367e-15
-3.165119059e-15
-1.849994811e-15
-2.904900446e-15
-2.635127272e-15
-4.591647489e-17
-2.205300538e-15
-3.093571556e-15
-1.493089902e-15
-2.060694684e-15
-1.345998384e-15
-5.822719659e-16
6.014524343e-16
1.710867485e-15
1.870156347e-15
1.806157915e-15
1.532509864e-15
1.805290178e-15
1.869653971e-15
1.665398753e-15
1.370388483e-15
7.744676175e-16
1.481130367e-15
1.51456774e-15
8.350528071e-16
2.717864296e-16
-6.376031254e-16
-3.885052921e-16
-5.993074034e-16
3.880779498e-16
6.763746744e-16
-7.979725701e-16
-1.92308534e-15
-2.854132852e-15
-1.535647519e-15
-6.007282865e-16
-1.885946706e-15
-1.542046221e-15
-8.012587731e-16
-1.205160719e-15
-8.97125345e-16
-1.571271658e-15
-2.22431581e-15
-3.087364425e-15
-2.982136621e-15
-3.351913581e-15
-3.451236736e-15
-3.433252476e-15
-3.940408772e-15
-4.259743124e-15
-4.864029384e-15
-3.806446735e-15
-4.866573321e-15
-5.404827188e-15
-4.868911529e-15
-5.411677039e-15
-6.298975281e-15
-6.437150105e-15
-6.638061159e-15
-6.166279904e-15
-6.688869547e-15
-7.577584855e-15
-7.372457472e-15
-6.834204576e-15
-7.028931531e-15
-6.81675924e-15
-6.048307648e-15
-6.728736638e-15
-5.854133943e-15
-5.859574375e-15
-7.028401134e-15
-8.014992822e-15
-7.336982078e-15
-7.254146427e-15
-7.831971665e-15
-8.140190006e-15
-8.603393293e-15
-8.171513763e-15
-8.085758812e-15
-9.620158673e-15
-7.999125855e-15
-7.222026622e-15
-9.250454853e-15
-9.41158533e-15
-8.14624144e-15
-9.303830796e-15
-1.128480409e-14
-1.013905207e-14
-9.318516986e-15
-8.789653298e-15
-1.004693952e-14
-1.05119815e-14
-1.035705274e-14
-9.627386772e-15
-7.462685657e-15
-9.836281781e-15
-1.130665476e-14
-1.07395248e-14
-9.442908949e-15
-1.01333741e-14
-9.612261211e-15
-9.772413244e-15
-1.085451859e-14
-1.073339752e-14
-1.049922621e-14
-1.023783806e-14
-1.066898942e-14
-1.052899606e-14
-1.093447714e-14
-1.077055972e-14
-1.082430034e-14
-1.174570818e-14
-1.088131193e-14
-1.05077121e-14
-1.045330739e-14
-1.180769309e-14
-1.241084267e-14
-1.298390762e-14
-1.362145512e-14
-1.340437449e-14
-1.384348289e-14
-1.296449436e-14
-1.093660093e-14
-1.17788426e-14
-1.336696289e-14
-1.240441751e-14
-1.062990047e-14
-1.123531823e-14
-1.217885809e-14
-1.172095813e-14
-1.158055524e-14
-1.284620217e-14
-1.384613766e-14
-1.213115256e-14
-1.243177114e-14
-1.322860501e-14
-1.342425919e-14
-1.518686395e-14
-1.300016818e-14
-1.281881014e-14
-1.339095245e-14
-1.019264422e-14
-1.063744743e-14
-1.020646017e-14
-1.038282098e-14
-1.179951707e-14
-1.203580577e-14
-1.188571346e-14
-1.297207746e-14
-1.407117493e-14
-1.351880136e-14
-1.292434944e-14
-1.01976853e-14
-1.138118004e-14
-1.444368192e-14
-1.221080257e-14
-1.13110598e-14
-1.237239532e-14
-1.168615532e-14
-1.117972312e-14
-9.402622147e-15
-1.151067647e-14
-1.385597476e-14
-1.032786465e-14
-1.16360238e-14
-1.296376646e-14
-9.59984232e-15
-8.205623121e-15
-7.294067887e-15
-8.975642154e-15
-8.518836279e-15
-7.931349002e-15
-7.965973416e-15
-7.541958218e-15
-8.29786794e-15
-7.353180569e-15
-8.462092591e-15
-5.942568153e-15
-5.529530833e-15
-6.950949106e-15
-4.962292198e-15
-6.655983652e-15
-8.104241193e-15
-7.018117222e-15
-5.583776964e-15
-2.403649444e-15
-3.7827e-15
-5.217702642e-15
-2.076020551e-15
-4.086131991e-15
-5.796488592e-15
-3.369082551e-15
-3.396298385e-15
-4.616615037e-16
-2.731929241e-15
-4.451829965e-15
-2.261567345e-15
-6.204965138e-16
-2.361144908e-15
-3.949694177e-15
-2.629648937e-15
-3.117908339e-15
-1.805403267e-15
-2.479657028e-15
-3.059574691e-15
-6.608436021e-16
-1.607733965e-15
-3.038161379e-15
-1.846237109e-15
-1.670746918e-15
-1.301861089e-15
-5.982890435e-16
8.767411516e-16
1.454037226e-15
1.568660131e-15
1.644963191e-15
1.753742172e-15
1.791943419e-15
1.876853081e-15
1.791911869e-15
1.325784722e-15
6.8001237e-16
1.622858107e-15
1.389918037e-15
1.013046063e-15
3.774962551e-16
-1.000352277e-15
-2.348782362e-16
-4.900894432e-16
2.24027525e-16
5.257085881e-16
-9.889741029e-16
-1.685605637e-15
-2.142902576e-15
-1.828781192e-15
-7.887735733e-16
-1.689615079e-15
-1.560444863e-15
-1.190645823e-15
-1.223290596e-15
-6.154302018e-16
-1.641294997e-15
-2.535470194e-15
-3.502822845e-15
-2.89991558e-15
-3.504266252e-15
-3.249313461e-15
-3.207657073e-15
-3.826249774e-15
-4.483240922e-15
-5.327169001e-15
-3.288796332e-15
-4.169315416e-15
-5.486814104e-15
-5.159794295e-15
-5.777189778e-15
-6.368237766e-15
-6.883896941e-15
-6.406640658e-15
-5.958136262e-15
-6.557722711e-15
-7.348535484e-15
-7.585036425e-15
-7.095920005e-15
-7.226027841e-15
-6.692980377e-15
-5.862953831e-15
-6.788778908e-15
-6.255425505e-15
-6.00425982e-15
-6.518816076e-15
-7.930314644e-15
-7.417208202e-15
-7.569926285e-15
-7.791945024e-15
-7.791111954e-15
-8.511887373e-15
-8.310614938e-15
-7.823359371e-15
-9.493549423e-15
-7.958852818e-15
-7.732315351e-15
-9.246395871e-15
-9.216907523e-15
-8.334566802e-15
-9.150068586e-15
-1.119974083e-14
-9.808194635e-15
-9.254553609e-15
-8.71849234e-15
-9.835388946e-15
-1.060792671e-14
-1.064467988e-14
-9.384738756e-15
-8.253186018e-15
-9.561713519e-15
-1.092378168e-14
-1.098557762e-14
-9.834957696e-15
-9.53618953e-15
-9.625842516e-15
-1.004613611e-14
-1.117132434e-14
-1.044796021e-14
-1.013666661e-14
-9.891978863e-15
-1.066294135e-14
-1.082166267e-14
-1.083703783e-14
-1.05389198e-14
-1.091376619e-14
-1.165201079e-14
-1.094400169e-14
-1.043521828e-14
-1.030228941e-14
-1.196183148e-14
-1.285273268e-14
-1.253603242e-14
-1.315166641e-14
-1.41918269e-14
-1.475995149e-14
-1.269204595e-14
-1.090040187e-14
-1.122683211e-14
-1.292284721e-14
-1.3182032e-14
-1.085192035e-14
-1.087968186e-14
-1.215234976e-14
-1.209843753e-14
-1.139410678e-14
-1.231908917e-14
-1.333273967e-14
-1.259960459e-14
-1.276337414e-14
-1.314124508e-14
-1.304120639e-14
-1.489677737e-14
-1.316785455e-14
-1.269145453e-14
-1.297898208e-14
-1.077738335e-14
-1.116042435e-14
-9.75811688e-15
-1.062694999e-14
-1.187006005e-14
-1.207983138e-14
-1.151591379e-14
-1.236781008e-14
-1.434092966e-14
-1.433999941e-14
-1.285347964e-14
-9.869851571e-15
-1.142621658e-14
-1.472783894e-14
-1.218061425e-14
-1.117376071e-14
-1.207109169e-14
-1.183780114e-14
-1.169338381e-14
-9.085900787e-15
-1.167481687e-14
-1.403547846e-14
-1.036077458e-14
-1.143522912e-14
-1.273216053e-14
-9.197434233e-15
-8.380664993e-15
-7.11804272e-15
-8.926793715e-15
-9.030578001e-15
-8.143471212e-15
-8.008467517e-15
-7.34512666e-15
-8.538882182e-15
-7.583925008e-15
-7.631886348e-15
-5.799668146e-15
-5.557268336e-15
-7.123496997e-15
-4.811740779e-15
-6.695155182e-15
-7.926766037e-15
-6.948376708e-15
-5.429873366e-15
-1.956036887e-15
-4.562586227e-15
-6.115820523e-15
-1.825052207e-15
-3.840093571e-15
-6.173672576e-15
-3.218932427e-15
-2.881684234e-15
-8.249137436e-16
-2.852503307e-15
-4.259268372e-15
-2.398704063e-15
-4.115672387e-16
-2.111186261e-15
-4.431505618e-15
-2.754825482e-15
-2.783416392e-15
-1.677864141e-15
-2.370339452e-15
-3.149628951e-15
-8.378693616e-16
-1.817541272e-15
-3.752971699e-15
-2.283754599e-15
-2.342325351e-15
-1.427011046e-15
-3.57382725e-16
1.04006116e-15
1.090193159e-15
1.429975548e-15
1.817353246e-15
1.908784052e-15
1.807055281e-15
1.814331086e-15
1.297319544e-15
1.07591627e-15
1.063883953e-15
1.771317187e-15
1.337349587e-15
1.088768226e-15
3.945775622e-16
-9.678334084e-16
-7.243220192e-17
-4.382603608e-16
-5.888932348e-17
2.223292432e-16
-9.7898621e-16
-1.427389843e-15
-1.950357703e-15
-1.711994823e-15
-9.833297232e-16
-1.268224539e-15
-1.833677827e-15
-1.487528376e-15
-1.079549243e-15
-7.491137897e-16
-2.067538149e-15
-2.4457121e-15
-3.221824651e-15
-2.87279599e-15
-3.59982605e-15
-3.37380445e-15
-3.696372632e-15
-4.12085628e-15
-3.847420957e-15
-5.331888001e-15
-3.341569207e-15
-3.593357123e-15
-5.345722894e-15
-5.537875007e-15
-6.312806074e-15
-6.617675188e-15
-6.885098585e-15
-6.270748218e-15
-6.198145572e-15
-6.616483534e-15
-7.202444792e-15
-7.165243745e-15
-7.003037284e-15
-7.783408395e-15
-6.575118557e-15
-6.120123702e-15
-6.814984778e-15
-6.531630508e-15
-5.603891624e-15
-6.094790867e-15
-8.226672322e-15
-7.436564152e-15
-7.227502502e-15
-8.142954638e-15
-7.725338164e-15
-8.234174414e-15
-8.155553487e-15
-7.700948119e-15
-9.473514332e-15
-7.833164812e-15
-8.022428046e-15
-9.357009641e-15
-8.96522307e-15
-8.327280747e-15
-9.364608291e-15
-1.096804544e-14
-9.656746367e-15
-9.246506075e-15
-8.791329578e-15
-9.842126261e-15
-1.076241148e-14
-1.032262707e-14
-9.307100635e-15
-8.794123112e-15
-9.99587022e-15
-1.068330081e-14
-1.076603813e-14
-1.002492373e-14
-9.23126974e-15
-9.166463656e-15
-1.004341358e-14
-1.111636397e-14
-1.04662668e-14
-1.040793502e-14
-9.698179669e-15
-1.051865244e-14
-1.0953595e-14
-1.143606182e-14
-1.075207825e-14
-1.074023046e-14
-1.150273833e-14
-1.077211454e-14
-1.025899309e-14
-1.032902282e-14
-1.221435052e-14
-1.299036307e-14
-1.211278181e-14
-1.296260663e-14
-1.435693013e-14
-1.46281953e-14
-1.289234906e-14
-1.136558019e-14
-1.11804521e-14
-1.283033348e-14
-1.332396899e-14
-1.102559712e-14
-1.112071911e-14
-1.221763084e-14
-1.124603172e-14
-1.101606106e-14
-1.242454406e-14
-1.375175431e-14
-1.305327303e-14
-1.28063621e-14
-1.304756346e-14
-1.25074115e-14
-1.451846153e-14
-1.373204116e-14
-1.279936707e-14
-1.26751704e-14
-1.086265431e-14
-1.115292764e-14
-9.921733093e-15
-1.11215765e-14
-1.153067277e-14
-1.187317307e-14
-1.154925839e-14
-1.224041941e-14
-1.416174754e-14
-1.422131472e-14
-1.299447971e-14
-1.00412813e-14
-1.161276545e-14
-1.47692537e-14
-1.236903663e-14
-1.139500719e-14
-1.195393057e-14
-1.157614989e-14
-1.152772467e-14
-9.576094679e-15
-1.180412992e-14
-1.365554724e-14
-1.056277955e-14
-1.100962216e-14
-1.201414044e-14
-9.281020374e-15
-8.448941866e-15
-7.098931168e-15
-9.267469308e-15
-9.194912062e-15
-8.146524691e-15
-7.841721639e-15
-7.210481462e-15
-8.369973472e-15
-7.833636452e-15
-7.990336712e-15
-5.642926794e-15
-5.778977813e-15
-7.43494382e-15
-4.361943931e-15
-6.365439684e-15
-7.939219211e-15
-6.303877729e-15
-5.374482557e-15
-1.963043714e-15
-4.939795908e-15
-6.470127458e-15
-2.120209911e-15
-4.014535947e-15
-5.701231289e-15
-2.912879408e-15
-2.915926385e-15
-8.671280812e-16
-3.137994728e-15
-4.407110229e-15
-2.03466247e-15
-6.524206155e-16
-2.543768041e-15
-4.275526665e-15
-2.813539707e-15
-2.714005896e-15
-1.287545483e-15
-2.450055329e-15
-2.830412637e-15
-1.34486672e-15
-2.466688205e-15
-2.871236932e-15
-1.896628238e-15
-3.053323292e-15
-1.602988959e-15
-3.437839237e-16
8.095962534e-16
6.347628835e-16
1.465021327e-15
1.980001148e-15
1.291469201e-15
1.951806206e-15
1.951459558e-15
1.043765235e-15
1.330211976e-15
1.643354346e-15
1.420791689e-15
6.990137426e-16
1.329788456e-15
4.903648581e-16
-7.205301826e-16
-1.446026103e-17
-3.560554642e-16
9.697365806e-17
2.423083321e-16
-1.482536387e-15
-1.556146668e-15
-1.704093186e-15
-1.537126619e-15
-1.041319931e-15
-1.089077703e-15
-1.93486125e-15
-1.387067812e-15
-6.731093879e-16
-1.094699612e-15
-2.105324668e-15
-2.56125203e-15
-3.58100924e-15
-2.757584735e-15
-3.66340364e-15
-3.336821628e-15
-3.458022634e-15
-4.085848598e-15
-3.68306234e-15
-4.872634325e-15
-3.963640573e-15
-4.112810976e-15
-5.08412134e-15
-5.656325889e-15
-5.922407759e-15
-6.264613811e-15
-6.876630364e-15
-6.408920384e-15
-6.499054191e-15
-6.63510558e-15
-7.789734201e-15
-7.142273507e-15
-6.256701666e-15
-7.262428878e-15
-7.451668163e-15
-6.418210565e-15
-6.436323195e-15
-6.71268417e-15
-5.500500943e-15
-6.040345953e-15
-8.354158247e-15
-7.337683022e-15
-7.390591755e-15
-8.090334091e-15
-7.519278896e-15
-8.009440644e-15
-7.759322763e-15
-7.692648195e-15
-9.977639061e-15
-8.166924839e-15
-8.270816709e-15
-9.049780579e-15
-8.688273533e-15
-8.28169953e-15
-9.356987326e-15
-1.101867868e-14
-9.989501589e-15
-9.009361626e-15
-9.090688157e-15
-1.003692412e-14
-1.028602808e-14
-1.029363082e-14
-9.897254395e-15
-8.559039352e-15
-9.836331108e-15
-1.019503269e-14
-1.027036101e-14
-1.034054888e-14
-9.667546323e-15
-9.054136346e-15
-9.949518705e-15
-1.093394347e-14
-1.066614927e-14
-1.115456954e-14
-9.824725592e-15
-9.899419484e-15
-1.05521174e-14
-1.178877094e-14
-1.101833001e-14
-1.070243948e-14
-1.103421985e-14
-1.05707352e-14
-1.053101607e-14
-1.082506553e-14
-1.217908099e-14
-1.281398242e-14
-1.220888038e-14
-1.293059519e-14
-1.383691675e-14
-1.427515875e-14
-1.339444014e-14
-1.167446508e-14
-1.131183564e-14
-1.24509776e-14
-1.3183648e-14
-1.158649741e-14
-1.12803295e-14
-1.169019209e-14
-1.114171025e-14
-1.085182861e-14
-1.254105408e-14
-1.421202741e-14
-1.313374691e-14
-1.303676727e-14
-1.27177932e-14
-1.204843318e-14
-1.417205548e-14
-1.387924459e-14
-1.286660696e-14
-1.279020208e-14
-1.104939965e-14
-1.067639466e-14
-1.022541942e-14
-1.167454951e-14
-1.125995158e-14
-1.159541223e-14
-1.176265776e-14
-1.238302064e-14
-1.39471938e-14
-1.388110123e-14
-1.313666849e-14
-1.039769754e-14
-1.161706743e-14
-1.410648767e-14
-1.269201574e-14
-1.199127807e-14
-1.205979125e-14
-1.129429636e-14
-1.145939752e-14
-1.028660693e-14
-1.180680904e-14
-1.292002952e-14
-1.075718186e-14
-1.114915707e-14
-1.157198015e-14
-9.068806396e-15
-8.383136618e-15
-7.712995404e-15
-9.152115847e-15
-8.854848055e-15
-8.421754419e-15
-7.831648801e-15
-7.250401833e-15
-8.222336364e-15
-7.735612041e-15
-8.097755868e-15
-5.622553112e-15
-6.148112516e-15
-7.060635649e-15
-4.037010633e-15
-6.26238032e-15
-8.063958356e-15
-6.070303919e-15
-5.102789954e-15
-2.643450918e-15
-5.304498802e-15
-6.071567006e-15
-2.60494643e-15
-4.242104792e-15
-5.33184891e-15
-2.899674256e-15
-2.92012388e-15
-8.923627425e-16
-2.834409792e-15
-4.34170518e-15
-1.854586416e-15
-7.427386593e-16
-2.995648189e-15
-4.103697204e-15
-2.880222299e-15
-3.10838268e-15
-1.325273296e-15
-1.804036782e-15
-2.216143204e-15
-1.950024237e-15
-3.073471778e-15
-1.902247949e-15
-1.833057836e-15
-2.330871584e-15
-1.436045426e-15
-6.848194791e-16
9.680429686e-16
6.861508184e-16
1.350632301e-15
1.859389862e-15
1.678581554e-15
1.958539457e-15
1.588895746e-15
9.005302755e-16
1.680629768e-15
1.624128666e-15
7.800133279e-16
6.771825351e-16
1.76364455e-15
5.05663022e-16
-8.241018052e-16
-2.97932099e-17
-4.524230249e-16
3.294117338e-16
5.958947317e-16
-1.655088485e-15
-2.13710539e-15
-1.986190396e-15
-1.100729717e-15
-7.75075055e-16
-1.182106825e-15
-1.765165604e-15
-1.331591777e-15
-7.849356614e-16
-1.124533517e-15
-1.874047247e-15
-2.672408423e-15
-3.564026218e-15
-3.137060257e-15
-3.804623314e-15
-3.239778905e-15
-2.866901737e-15
-3.594451938e-15
-4.458595025e-15
-4.810313621e-15
-3.921641763e-15
-4.542325991e-15
-5.236339086e-15
-5.834560407e-15
-5.594526424e-15
-5.871034061e-15
-6.928697157e-15
-6.471049675e-15
-6.356512249e-15
-6.653131193e-15
-7.792199047e-15
-7.18801072e-15
-6.238153961e-15
-7.610174991e-15
-7.425624301e-15
-5.794893827e-15
-6.254554925e-15
-6.530367626e-15
-6.050722112e-15
-5.981218075e-15
-8.028916898e-15
-7.822373683e-15
-7.25214692e-15
-8.035065809e-15
-7.494809117e-15
-8.447586723e-15
-7.794309152e-15
-7.670160513e-15
-1.014963413e-14
-8.178171768e-15
-7.954421809e-15
-8.576934448e-15
-9.389741158e-15
-8.9937902e-15
-8.798452614e-15
-1.069865116e-14
-1.012759476e-14
-8.676931339e-15
-9.085084724e-15
-1.006775498e-14
-1.01009167e-14
-1.072269279e-14
-9.847117898e-15
-8.283470509e-15
-9.499449076e-15
-9.764802622e-15
-1.037566002e-14
-1.024607065e-14
-9.724364493e-15
-9.859310057e-15
-1.087537921e-14
-1.060508711e-14
-9.987223197e-15
-1.122772252e-14
-9.705255754e-15
-9.543975006e-15
-1.114343858e-14
-1.18525408e-14
-1.048667462e-14
-1.073443714e-14
-1.130139246e-14
-1.065329165e-14
-1.028166841e-14
-1.056548107e-14
-1.238910739e-14
-1.289878242e-14
-1.209805435e-14
-1.302607374e-14
-1.411309334e-14
-1.408438969e-14
-1.296139442e-14
-1.16837665e-14
-1.155691523e-14
-1.293066722e-14
-1.308141656e-14
-1.111438389e-14
-1.125948087e-14
-1.225905034e-14
-1.13959619e-14
-1.067391804e-14
-1.209419851e-14
-1.387576994e-14
-1.324773339e-14
-1.294281327e-14
-1.316416422e-14
-1.25449669e-14
-1.381973974e-14
-1.353543967e-14
-1.272425466e-14
-1.282422197e-14
-1.130259802e-14
-1.034805175e-14
-1.039171998e-14
-1.27683885e-14
-1.172154499e-14
-1.077257579e-14
-1.146744528e-14
-1.195078527e-14
-1.376268279e-14
-1.392556619e-14
-1.252352021e-14
-1.113277918e-14
-1.26735304e-14
-1.375283762e-14
-1.20369988e-14
-1.191163767e-14
-1.122987634e-14
-1.183936056e-14
-1.218991482e-14
-9.962898559e-15
-1.214942391e-14
-1.294603239e-14
-1.010979949e-14
-1.100790027e-14
-1.135511196e-14
-8.880577424e-15
-8.279389479e-15
-8.326888204e-15
-9.823687699e-15
-8.886509715e-15
-8.193848328e-15
-7.84623644e-15
-6.966304518e-15
-8.442739719e-15
-8.045850489e-15
-6.970121965e-15
-5.426893756e-15
-6.892095817e-15
-7.345520875e-15
-4.476526126e-15
-6.324987757e-15
-7.285711023e-15
-5.517804228e-15
-4.884872735e-15
-3.22413355e-15
-5.90340242e-15
-6.237545264e-15
-2.937487156e-15
-4.285479218e-15
-4.964967302e-15
-2.491732449e-15
-2.490248111e-15
-1.930870492e-15
-3.267150173e-15
-3.463553912e-15
-1.613003718e-15
-1.028012809e-15
-2.428072449e-15
-4.076646516e-15
-3.278474611e-15
-2.759969954e-15
-1.475367347e-15
-2.202138789e-15
-3.165859938e-15
-1.551418315e-15
-1.918947652e-15
-2.562265697e-15
-2.912283916e-15
-1.008681268e-15
-1.743873903e-15
-1.037515266e-15
8.562078619e-16
9.975201706e-16
1.746310138e-15
1.538017887e-15
2.208685243e-15
2.497153172e-15
1.175268915e-15
1.075613331e-15
1.01407976e-15
8.920053004e-16
8.661716394e-16
1.033967496e-15
1.84163764e-15
2.304865371e-16
-5.192987862e-16
1.26724593e-16
-5.776689235e-16
-9.597908939e-17
5.981890168e-16
-1.548539396e-15
-1.850992091e-15
-1.488804034e-15
-1.439600711e-15
-1.550063856e-15
-1.578902211e-15
-1.18793593e-15
-1.152369517e-15
-1.001309127e-15
-1.271636497e-15
-1.848380961e-15
-2.775869967e-15
-2.955240746e-15
-3.631601066e-15
-4.044765035e-15
-2.998269439e-15
-2.779792082e-15
-3.605741795e-15
-4.158387457e-15
-4.932157569e-15
-5.117546601e-15
-4.542002725e-15
-4.676816666e-15
-5.606471336e-15
-5.901761466e-15
-5.729387595e-15
-6.654414138e-15
-6.651720657e-15
-5.750792732e-15
-6.390459435e-15
-7.99195078e-15
-7.39926009e-15
-6.265229073e-15
-7.731702774e-15
-7.405926566e-15
-5.182692937e-15
-6.173753034e-15
-6.507212668e-15
-6.44631895e-15
-6.841658236e-15
-7.571268293e-15
-7.357652488e-15
-7.338507411e-15
-7.590420463e-15
-7.861878424e-15
-9.030100463e-15
-7.919611876e-15
-7.657733273e-15
-9.77648548e-15
-8.137929737e-15
-7.928119245e-15
-8.805822762e-15
-9.287023989e-15
-9.044565072e-15
-9.401078587e-15
-1.020332893e-14
-9.955989897e-15
-8.642768753e-15
-9.293742825e-15
-1.018157097e-14
-9.803451659e-15
-1.040786623e-14
-9.53885538e-15
-9.014412614e-15
-9.939326344e-15
-9.992171429e-15
-1.035794352e-14
-1.014110171e-14
-9.674017234e-15
-1.003721315e-14
-1.0728129e-14
-1.016912672e-14
-9.791101471e-15
-1.050100944e-14
-9.731416645e-15
-1.002092312e-14
-1.131783757e-14
-1.232561566e-14
-1.066472466e-14
-1.000666072e-14
-1.144676115e-14
-1.160675242e-14
-1.003272601e-14
-1.0325387e-14
-1.256811741e-14
-1.3204158e-14
-1.192841347e-14
-1.229603125e-14
-1.408136433e-14
-1.413535874e-14
-1.345439882e-14
-1.144862677e-14
-1.108147424e-14
-1.294671469e-14
-1.377585035e-14
-1.123232219e-14
-1.020407795e-14
-1.202986727e-14
-1.266986514e-14
-1.106099063e-14
-1.16055275e-14
-1.352358647e-14
-1.361059394e-14
-1.262815046e-14
-1.238217106e-14
-1.321566068e-14
-1.466066594e-14
-1.323729736e-14
-1.17569245e-14
-1.218585197e-14
-1.220229263e-14
-1.057287725e-14
-9.892561513e-15
-1.271767931e-14
-1.204255396e-14
-1.141093197e-14
-1.123451222e-14
-1.192175333e-14
-1.383480168e-14
-1.342097027e-14
-1.183611227e-14
-1.188863005e-14
-1.360527471e-14
-1.305208627e-14
-1.128521362e-14
-1.235291543e-14
-1.164147058e-14
-1.109853193e-14
-1.093111165e-14
-1.087725987e-14
-1.344691337e-14
-1.32042721e-14
-1.000930352e-14
-1.004944861e-14
-1.05504787e-14
-9.919449873e-15
-8.504851726e-15
-8.210194006e-15
-9.821815413e-15
-9.366660713e-15
-8.844046476e-15
-7.161232504e-15
-6.490282946e-15
-8.092002382e-15
-8.201748117e-15
-6.816458877e-15
-5.42843156e-15
-7.41327847e-15
-6.898417205e-15
-4.913959407e-15
-6.672499522e-15
-6.61201307e-15
-5.984842583e-15
-4.542539508e-15
-3.358159018e-15
-5.520690276e-15
-5.41441587e-15
-3.927088854e-15
-4.302870497e-15
-4.30100927e-15
-3.446837423e-15
-2.307818498e-15
-1.952864172e-15
-3.946395544e-15
-2.891042993e-15
-2.446248623e-15
-1.190563825e-15
-1.641365786e-15
-3.708611859e-15
-4.026239609e-15
-2.146464322e-15
-1.158944958e-15
-3.060976147e-15
-3.482734722e-15
-1.542122015e-15
-1.510707504e-15
-3.134466363e-15
-2.752664041e-15
-6.063895796e-16
-1.161030023e-15
-1.531343946e-15
2.441505211e-16
1.172659755e-15
2.235841608e-15
9.27597685e-16
1.058997599e-15
3.193825959e-15
1.375485454e-15
9.391827661e-16
1.769734596e-15
9.831008913e-16
3.407677511e-16
1.027500371e-15
1.765715083e-15
-5.691137172e-16
4.663563347e-16
7.243401883e-16
-1.131649811e-15
1.089517394e-17
7.789971953e-16
-2.416028033e-15
-1.847542204e-15
-4.177597943e-16
-1.368421857e-15
-1.691253809e-15
-2.088382875e-15
-7.07291994e-16
-7.211492801e-16
-1.011479038e-15
-1.314277729e-15
-2.823625035e-15
-3.271083646e-15
-2.283671116e-15
-3.070537092e-15
-3.774655813e-15
-3.272129344e-15
-3.814703007e-15
-4.13152063e-15
-3.02533662e-15
-4.282687613e-15
-5.935529934e-15
-4.177977048e-15
-4.621024758e-15
-6.103452082e-15
-6.279474656e-15
-5.497699252e-15
-6.224214066e-15
-6.635470449e-15
-5.723287607e-15
-6.467877949e-15
-8.028280743e-15
-7.544090202e-15
-6.315106966e-15
-7.856272865e-15
-7.073493384e-15
-5.013085416e-15
-6.18799249e-15
-6.519277755e-15
-6.509917099e-15
-7.2485516e-15
-7.324373071e-15
-6.806877893e-15
-7.406108617e-15
-7.712222245e-15
-8.388268597e-15
-9.471868401e-15
-7.669464253e-15
-7.346037075e-15
-9.273836402e-15
-8.445239617e-15
-8.396863179e-15
-8.694345588e-15
-8.351870809e-15
-9.693084394e-15
-1.053920563e-14
-8.636337933e-15
-8.761585266e-15
-9.360548182e-15
-1.072408542e-14
-1.022461278e-14
-8.53379525e-15
-9.714745358e-15
-9.941638326e-15
-9.992700041e-15
-1.044624688e-14
-9.967381613e-15
-9.859575303e-15
-1.046301096e-14
-1.014663284e-14
-9.596060504e-15
-9.95228983e-15
-1.031919147e-14
-1.012692406e-14
-9.771912905e-15
-9.964104077e-15
-1.054756996e-14
-1.094875931e-14
-1.2130571e-14
-1.135600097e-14
-1.020098948e-14
-1.054433862e-14
-1.14350945e-14
-1.082664888e-14
-1.112440399e-14
-1.188071799e-14
-1.270230076e-14
-1.261216004e-14
-1.228812556e-14
-1.317446899e-14
-1.418952608e-14
-1.397690487e-14
-1.139702985e-14
-1.090327467e-14
-1.20684518e-14
-1.383761024e-14
-1.23596437e-14
-9.823351549e-15
-1.080061007e-14
-1.320338628e-14
-1.208359905e-14
-1.141759405e-14
-1.322991544e-14
-1.410323082e-14
-1.285166792e-14
-1.18118594e-14
-1.388656195e-14
-1.486380723e-14
-1.252443938e-14
-1.149846517e-14
-1.152684093e-14
-1.244417968e-14
-1.062295646e-14
-1.045741187e-14
-1.264025936e-14
-1.256861357e-14
-1.166257314e-14
-1.045183595e-14
-1.238217726e-14
-1.308174844e-14
-1.270996813e-14
-1.180408769e-14
-1.250735067e-14
-1.393943291e-14
-1.239079611e-14
-1.184655223e-14
-1.199280125e-14
-1.172529445e-14
-1.090135231e-14
-1.00012382e-14
-1.232193106e-14
-1.377994641e-14
-1.2462432e-14
-1.06006184e-14
-9.369849526e-15
-9.751534248e-15
-1.076962613e-14
-8.986829531e-15
-8.279663551e-15
-9.435663944e-15
-1.030744011e-14
-9.209084933e-15
-6.511236262e-15
-6.228361311e-15
-8.032968058e-15
-8.181736971e-15
-5.84795418e-15
-6.249282676e-15
-7.239876943e-15
-6.338031854e-15
-6.644422187e-15
-6.456178592e-15
-6.192398203e-15
-6.301795899e-15
-3.123976974e-15
-4.685475224e-15
-6.126935883e-15
-4.089573245e-15
-5.047968575e-15
-4.124353475e-15
-3.355331783e-15
-3.7242157e-15
-1.203987275e-15
-2.616238257e-15
-4.340747178e-15
-2.753049574e-15
-2.871850681e-15
-1.338295407e-15
-2.110504405e-15
-2.760645935e-15
-3.043526965e-15
-2.606383229e-15
-1.928758271e-15
-3.055940676e-15
-3.052043271e-15
-1.756135664e-15
-1.258846822e-15
-3.136795714e-15
-3.463577921e-15
-5.497471111e-16
-1.298244324e-15
-1.140334366e-15
1.16199623e-15
1.830668451e-15
3.265809246e-15
7.132784843e-16
-1.603883066e-16
3.056744992e-15
1.377125531e-15
2.149755914e-16
2.319877798e-15
1.215433519e-15
-6.085735846e-16
2.11604437e-15
1.946500463e-15
-4.501757716e-16
9.241218836e-16
4.698135651e-16
-1.776422823e-15
-7.479634874e-16
1.090521677e-15
-2.565200669e-15
-2.418897204e-15
-1.486803852e-16
-6.715312216e-16
-9.115730398e-16
-2.013356659e-15
-8.85154179e-16
-8.037773001e-17
-2.58071085e-16
-2.158225086e-15
-3.719927203e-15
-3.635302001e-15
-1.946497109e-15
-1.863084859e-15
-3.739237496e-15
-4.598356354e-15
-3.737147547e-15
-4.105098532e-15
-3.298989463e-15
-3.196804294e-15
-5.705163505e-15
-4.588708471e-15
-4.232473158e-15
-6.467000375e-15
-6.959558364e-15
-5.296668367e-15
-6.100502422e-15
-5.949935521e-15
-6.057754354e-15
-7.311912395e-15
-7.593280604e-15
-7.63276611e-15
-7.077644466e-15
-7.083499114e-15
-6.479693081e-15
-5.805927433e-15
-6.334534077e-15
-6.55368444e-15
-6.769721629e-15
-6.437998844e-15
-6.876954049e-15
-7.436257633e-15
-7.439017113e-15
-7.878061568e-15
-9.394887823e-15
-8.728871387e-15
-6.924116071e-15
-7.483546731e-15
-7.798370957e-15
-8.601743389e-15
-1.014209204e-14
-8.248823816e-15
-7.216785557e-15
-9.966138951e-15
-1.207909222e-14
-9.295761336e-15
-7.191220655e-15
-9.770219274e-15
-1.197308969e-14
-9.640173843e-15
-8.209202361e-15
-1.00806473e-14
-8.746736955e-15
-1.071234841e-14
-1.079320585e-14
-9.068331479e-15
-9.992621332e-15
-1.105908808e-14
-9.974287751e-15
-8.313236653e-15
-9.866516838e-15
-1.203955669e-14
-1.114476488e-14
-8.25192688e-15
-1.031385814e-14
-1.130313229e-14
-9.929985508e-15
-1.183904614e-14
-1.254900833e-14
-1.076337476e-14
-8.609240428e-15
-1.011197995e-14
-1.275541416e-14
-1.309637281e-14
-1.003686661e-14
-1.076575387e-14
-1.431124508e-14
-1.307077047e-14
-1.306629716e-14
-1.294104584e-14
-1.280277418e-14
-1.309487149e-14
-1.182956661e-14
-1.133574066e-14
-1.294378545e-14
-1.311029743e-14
-1.069688934e-14
-9.984929795e-15
-1.238918242e-14
-1.290379656e-14
-1.114763526e-14
-1.134849685e-14
-1.427800868e-14
-1.471821657e-14
-1.279181648e-14
-1.428455555e-14
-1.334965781e-14
-1.201190437e-14
-1.187188746e-14
-1.083717411e-14
-1.260094234e-14
-1.057569551e-14
-1.185138711e-14
-1.235444568e-14
-1.187492504e-14
-1.21761042e-14
-1.215323807e-14
-1.21160351e-14
-1.101227623e-14
-1.178038481e-14
-1.166691718e-14
-1.445748728e-14
-1.438029498e-14
-1.154620309e-14
-1.239368881e-14
-1.126368067e-14
-1.074090144e-14
-1.140517724e-14
-1.136790917e-14
-1.456971181e-14
-1.272178081e-14
-9.478951062e-15
-1.223101634e-14
-1.017349659e-14
-7.847252548e-15
-9.734418534e-15
-9.90498164e-15
-1.009201114e-14
-8.295655974e-15
-9.832978623e-15
-9.70250574e-15
-6.937317418e-15
-6.117530897e-15
-8.042151676e-15
-8.166303728e-15
-5.049592286e-15
-7.520247007e-15
-6.517005594e-15
-5.21568183e-15
-9.401428178e-15
-5.963594295e-15
-5.22098167e-15
-5.561704556e-15
-2.03975728e-15
-6.901596973e-15
-6.054118531e-15
-3.324603447e-15
-8.262975741e-15
-3.541439759e-15
-1.028174091e-15
-2.746593491e-15
-2.518857446e-16
-6.011743315e-15
-4.086679224e-15
6.106055251e-16
-2.989025095e-15
-4.450052745e-15
-2.212163963e-15
-6.485471238e-16
-2.063375396e-15
-3.615397382e-15
-4.487009943e-15
-1.834437392e-15
-1.279154741e-15
-1.792275727e-15
-1.398250593e-15
-4.643750035e-15
-4.578330852e-15
)
;

boundaryField
{
    inlet
    {
        type            cyclic;
    }
    outlet
    {
        type            cyclic;
    }
    topWall
    {
        type            zeroGradient;
    }
    bottomWall
    {
        type            zeroGradient;
    }
    frontAndBack
    {
        type            empty;
    }
}


// ************************************************************************* //
