/*--------------------------------*- C++ -*----------------------------------*\
  =========                 |
  \\      /  F ield         | OpenFOAM: The Open Source CFD Toolbox
   \\    /   O peration     | Website:  https://openfoam.org
    \\  /    A nd           | Version:  10
     \\/     M anipulation  |
\*---------------------------------------------------------------------------*/
FoamFile
{
    format      ascii;
    class       volScalarField;
    location    "3000";
    object      p;
}
// * * * * * * * * * * * * * * * * * * * * * * * * * * * * * * * * * * * * * //

dimensions      [0 2 -2 0 0 0 0];

internalField   nonuniform List<scalar> 
4000
(
-5.66580113e-16
-5.134838238e-15
-3.467455822e-15
-2.275244456e-15
-1.099413168e-15
-6.873790558e-16
-7.362217786e-16
-9.443933246e-16
-4.592243846e-16
-2.20007262e-16
-3.699544458e-16
-3.608543468e-16
-1.636237779e-16
-4.437537268e-16
-5.829543955e-16
-2.862012388e-16
-1.730262464e-16
-2.904255391e-16
-2.29928551e-16
-1.956140438e-16
-5.253603838e-16
1.479697346e-16
2.847700968e-16
-9.683105103e-16
-1.256212906e-15
-7.11520728e-16
-2.018364261e-16
-3.130531949e-16
-8.01182464e-17
6.357712708e-16
5.727902548e-16
1.257936287e-15
1.520362089e-15
1.350536847e-15
2.002540905e-15
1.595983408e-15
2.056287747e-15
1.731475836e-15
1.111361637e-15
7.090484668e-16
4.321944983e-16
1.022379259e-15
1.140426152e-15
1.987725437e-15
8.43595754e-16
8.379012932e-16
9.286834628e-16
-2.995472109e-17
3.737329341e-16
-9.075939529e-17
9.401745177e-18
1.066561891e-15
5.948684534e-16
8.925768403e-17
5.917171993e-16
7.813004358e-16
2.370416491e-16
1.025944252e-15
5.64330682e-16
6.41855501e-16
1.628483437e-15
1.165664308e-15
1.379113944e-15
2.028652753e-15
1.660636745e-15
8.440484097e-16
1.012981783e-15
5.863715624e-16
-1.479389733e-16
1.15248364e-15
2.421148451e-15
6.94340573e-16
-4.125546245e-16
1.767852125e-15
1.806245205e-15
-6.506833231e-16
-1.136375104e-15
-7.167462254e-17
1.39308084e-15
-6.376850637e-16
-1.499276768e-15
-1.653465175e-16
-6.193983494e-16
-1.450425719e-15
-1.658241827e-15
-1.329612213e-15
-1.492356155e-16
3.895246865e-16
-1.228240319e-16
-1.743038071e-15
-2.12535076e-15
8.055812576e-17
7.843477494e-17
-1.984749887e-15
-1.414135564e-15
-4.628313614e-16
-2.058866199e-15
-1.269627703e-15
1.068835283e-15
6.412426916e-16
-1.796101659e-15
-2.102149518e-15
-6.583085108e-16
-8.112405988e-16
-1.702665865e-15
-2.421550302e-15
-1.193465656e-15
-1.020302953e-15
-3.251258532e-15
-4.514768289e-15
-2.114146342e-15
-1.63467975e-15
-4.203813426e-15
-4.286031474e-15
-3.765837217e-15
-2.547019154e-15
-1.712379828e-15
-4.403727489e-15
-5.301955689e-15
-2.653998186e-15
-1.920429018e-15
-4.356966271e-15
-5.980463413e-15
-5.251499603e-15
-5.736892479e-15
-5.590453453e-15
-5.305441308e-15
-4.383447026e-15
-4.013361314e-15
-6.676992453e-15
-5.48514708e-15
-4.187824595e-15
-5.003635851e-15
-3.725243551e-15
-4.703699621e-15
-5.114546835e-15
-4.241267065e-15
-5.250574803e-15
-6.260112074e-15
-5.322956008e-15
-3.595687224e-15
-4.26486254e-15
-5.961760301e-15
-7.216716292e-15
-7.057925608e-15
-7.017308198e-15
-8.595849542e-15
-7.0227151e-15
-5.831102981e-15
-8.013123916e-15
-8.836137005e-15
-9.957828454e-15
-7.993750854e-15
-6.493674465e-15
-1.027360146e-14
-9.054237974e-15
-5.808339387e-15
-6.278998833e-15
-7.221971397e-15
-9.546812866e-15
-8.233610831e-15
-5.607602854e-15
-6.396248939e-15
-7.321107819e-15
-6.287512472e-15
-5.567368879e-15
-6.610212443e-15
-7.03732773e-15
-8.630230179e-15
-8.530033464e-15
-5.912266553e-15
-6.747753945e-15
-7.728008418e-15
-4.033108636e-15
-5.882405677e-15
-4.985970081e-15
-4.462775224e-15
-5.56962606e-15
-2.147473273e-15
-6.006099692e-15
-5.035931732e-15
-1.975774379e-15
-4.403753881e-15
-3.06640062e-15
-4.690006654e-15
-6.243040675e-15
-2.162284716e-15
-4.558301608e-15
-5.476413725e-15
-1.750084344e-15
-1.721154056e-15
-3.742482267e-15
-2.931952933e-15
-3.790996678e-15
-5.651398289e-15
-3.762582425e-15
-3.670958552e-15
-2.794806325e-15
-2.405382989e-16
-2.707233289e-15
-3.391355223e-15
-4.765656423e-15
-3.253290027e-15
-2.157497888e-15
-9.588360499e-16
-5.376422997e-16
-7.77655556e-16
-9.991342717e-16
-4.826426901e-16
1.758137637e-17
-3.360587601e-16
-4.783911928e-16
-7.379897181e-17
-5.046205078e-16
-6.21970904e-16
-3.720772928e-16
-2.447228881e-16
-3.898841522e-16
-2.289494528e-16
-8.566546076e-17
-3.848456214e-16
1.036364572e-16
5.990154467e-17
-1.035972655e-15
-9.118542731e-16
-5.732321769e-16
-4.72815369e-16
-2.970489154e-16
1.230895727e-16
4.69051986e-16
4.745433139e-16
1.130256963e-15
1.536734639e-15
1.412658824e-15
1.883977905e-15
1.945078698e-15
1.846053572e-15
1.577372528e-15
9.6470442e-16
7.112980062e-16
9.017843613e-16
9.769119452e-16
1.088841878e-15
1.64850868e-15
1.130438274e-15
7.626015852e-16
6.779097143e-16
4.636866471e-16
1.021996444e-16
-5.351775546e-17
1.968714252e-16
9.384536168e-16
6.529946113e-16
-1.78750365e-16
2.631666066e-16
1.045392344e-15
7.610814533e-16
6.904493242e-16
6.63490704e-16
7.986964896e-16
1.391096512e-15
1.091805224e-15
1.375175413e-15
1.854870666e-15
1.580077435e-15
1.543261089e-15
9.678053598e-16
2.211840835e-16
7.107511336e-17
1.427250156e-15
1.740246163e-15
5.492290655e-16
6.187754653e-16
1.03746943e-15
1.092353212e-15
1.791873441e-16
-8.156508587e-16
-3.269614155e-16
3.185619045e-16
4.595349942e-17
-8.723917929e-16
-3.262036521e-16
-7.30240273e-16
-1.935034261e-15
-1.135519034e-15
-6.298638887e-16
-6.191690814e-16
-2.568671161e-16
-6.964345691e-16
-1.319552717e-15
-8.435348147e-16
-4.805492463e-16
-9.399185172e-16
-1.080956105e-15
-1.2283381e-15
-1.058770591e-15
-1.565125172e-15
-9.976308626e-16
6.515214841e-17
3.192842624e-16
-5.487438091e-16
-1.597180007e-15
-1.375501981e-15
-1.708410501e-15
-9.925311176e-16
-1.562199731e-15
-1.635888808e-15
-1.745524289e-15
-3.26284675e-15
-3.622248341e-15
-3.277547031e-15
-2.396323369e-15
-2.817344838e-15
-3.661782549e-15
-3.531827414e-15
-3.376338514e-15
-2.38393063e-15
-3.594399117e-15
-4.562293764e-15
-3.092453401e-15
-2.583055101e-15
-4.443778515e-15
-5.378060107e-15
-5.872219447e-15
-5.479845938e-15
-4.901216989e-15
-5.53533822e-15
-4.568247235e-15
-5.062776185e-15
-5.987424566e-15
-5.403664534e-15
-4.801338098e-15
-4.062564764e-15
-4.362454895e-15
-4.530117574e-15
-4.733878703e-15
-4.907611231e-15
-4.839879468e-15
-5.777936582e-15
-5.132032601e-15
-4.151099464e-15
-5.521515146e-15
-5.929956792e-15
-6.359540175e-15
-6.796252239e-15
-6.18784572e-15
-7.630317586e-15
-8.524859966e-15
-7.920043517e-15
-7.372026508e-15
-7.857512893e-15
-9.119944764e-15
-8.696322445e-15
-7.792958832e-15
-8.060794112e-15
-8.201437427e-15
-7.411621673e-15
-7.396287391e-15
-7.911931948e-15
-7.955825901e-15
-6.817597777e-15
-6.352392009e-15
-7.223856789e-15
-7.20855493e-15
-5.34181922e-15
-6.394306428e-15
-7.245004799e-15
-7.360600098e-15
-7.845446791e-15
-6.551192703e-15
-6.804242889e-15
-7.333274397e-15
-7.322691081e-15
-6.313448815e-15
-5.18650326e-15
-3.954189466e-15
-4.592881931e-15
-5.52907349e-15
-3.647367446e-15
-3.892622058e-15
-4.80987643e-15
-3.04141731e-15
-3.46187014e-15
-4.611787559e-15
-4.636245736e-15
-5.314702457e-15
-3.351733621e-15
-3.18750998e-15
-4.292907963e-15
-2.967024676e-15
-3.108821096e-15
-3.097120979e-15
-2.917019816e-15
-4.51702077e-15
-4.506269669e-15
-3.254217645e-15
-3.514480232e-15
-3.217157228e-15
-1.780768095e-15
-2.799390091e-15
-3.075244328e-15
-4.212545697e-15
-3.136595394e-15
-2.120594544e-15
-6.787622436e-16
-2.921433503e-16
-7.672165864e-16
-1.110410558e-15
-5.108922108e-16
8.770072404e-17
-3.569449905e-16
-5.919644338e-16
1.210467485e-16
-4.060340659e-16
-7.675861202e-16
-4.107390096e-16
-2.985136388e-16
-4.964485989e-16
-1.730102163e-16
-1.656133216e-16
-2.22239371e-16
3.105930747e-16
-1.79351216e-16
-1.376154618e-15
-7.973220795e-16
-4.945379896e-16
-4.837611797e-16
-1.860295801e-16
1.753249242e-16
4.787763136e-16
3.121216639e-16
1.049425262e-15
1.413092233e-15
1.683342137e-15
1.78931844e-15
1.788909698e-15
1.842803998e-15
1.693913875e-15
1.029639696e-15
7.10079033e-16
8.725474e-16
7.758087132e-16
1.215643388e-15
1.561670654e-15
1.421334733e-15
7.491326778e-16
4.176380813e-16
6.880323393e-16
2.926119622e-17
-1.902035635e-16
2.47140985e-16
9.170904614e-16
6.240950908e-16
-1.172740807e-16
2.591068895e-16
1.108351781e-15
7.51789275e-16
4.245856282e-16
1.059979096e-15
9.46162659e-16
1.110980928e-15
1.304190497e-15
1.412505742e-15
1.503782953e-15
1.744994133e-15
1.879558602e-15
6.545397676e-16
1.354751787e-16
5.702286335e-16
1.254689223e-15
1.198969416e-15
7.726361655e-16
1.067739326e-15
5.022275602e-16
3.41663855e-16
8.229236981e-16
-2.204580562e-16
-7.542387327e-16
-1.903130199e-16
6.946138665e-16
-5.493647955e-16
-8.521968977e-16
-9.971403812e-16
-1.527963961e-15
-6.445727262e-16
-1.447623381e-16
-1.28953663e-15
-1.144756069e-15
-4.761806893e-16
-8.385323596e-16
-3.623712594e-16
-1.080371695e-15
-1.248021613e-15
-7.068377564e-16
-1.375123812e-15
-1.419738685e-15
-1.174997593e-15
-5.994816231e-16
-4.5217298e-16
-1.787083288e-16
6.302739068e-17
-1.104696588e-15
-1.354988645e-15
-2.115930444e-15
-1.288121603e-15
-9.437334523e-16
-1.825898152e-15
-2.111928182e-15
-3.060022316e-15
-2.999426519e-15
-3.84804895e-15
-3.452624822e-15
-2.037603568e-15
-3.171684753e-15
-3.690177198e-15
-3.086701554e-15
-3.297215619e-15
-3.396970844e-15
-3.245268719e-15
-3.472692051e-15
-3.359587261e-15
-4.646890471e-15
-5.020269271e-15
-5.826053061e-15
-5.231315543e-15
-5.117824775e-15
-5.665319047e-15
-4.578037575e-15
-5.760453751e-15
-5.520270722e-15
-4.791600842e-15
-5.004320173e-15
-4.35342221e-15
-4.643566625e-15
-4.409425453e-15
-4.123174664e-15
-5.305397157e-15
-4.742028887e-15
-4.856944266e-15
-5.811535571e-15
-5.108055259e-15
-5.731371216e-15
-5.599433652e-15
-5.955772837e-15
-6.305372939e-15
-5.864044742e-15
-7.467620125e-15
-8.9843925e-15
-9.078389328e-15
-7.489673173e-15
-7.717460626e-15
-8.077031332e-15
-8.342607561e-15
-8.575153516e-15
-7.545213625e-15
-7.831712093e-15
-8.389047671e-15
-7.996803669e-15
-8.003106887e-15
-6.934114955e-15
-5.943372569e-15
-7.10696968e-15
-7.284123543e-15
-6.696540791e-15
-6.119956147e-15
-6.889922861e-15
-7.429080486e-15
-7.147180597e-15
-6.447669799e-15
-6.137325566e-15
-7.806939105e-15
-7.63068333e-15
-5.951789023e-15
-7.407227046e-15
-6.62423427e-15
-3.711734816e-15
-4.022203162e-15
-4.851584913e-15
-4.458897669e-15
-3.338214627e-15
-4.157140636e-15
-4.02447877e-15
-2.582217294e-15
-5.008925253e-15
-5.139885221e-15
-3.835670619e-15
-4.361574948e-15
-4.136464194e-15
-3.3443423e-15
-2.923665125e-15
-3.651769189e-15
-3.112654323e-15
-3.049699529e-15
-4.468697203e-15
-3.533707683e-15
-2.743907986e-15
-4.245798639e-15
-3.783647053e-15
-3.042206321e-15
-2.728270107e-15
-2.490664728e-15
-3.897099971e-15
-2.976331292e-15
-2.006588991e-15
-6.553609925e-16
-1.809638483e-16
-4.658699001e-16
-1.154112841e-15
-3.697655389e-16
1.353526081e-16
-4.991696138e-16
-6.313500932e-16
-3.859897437e-18
-1.479534782e-16
-7.355153837e-16
-4.927759707e-16
-1.726219762e-16
-5.87131192e-16
-1.916565159e-16
-1.840244517e-16
-1.481393396e-16
2.587393968e-16
-5.672254222e-17
-1.538082709e-15
-9.370811621e-16
-4.872486571e-16
-4.023806543e-16
-7.886276455e-17
5.703788537e-17
6.091545045e-16
2.916954524e-16
8.701632894e-16
1.103878685e-15
1.864433187e-15
1.949485872e-15
1.625952e-15
1.907646247e-15
1.997613986e-15
1.191380864e-15
3.526348028e-16
6.256794885e-16
9.009207242e-16
1.405330009e-15
1.210826667e-15
1.498666049e-15
1.106064846e-15
5.180068924e-16
4.965873118e-16
-1.757310481e-16
-3.354125307e-16
3.829940621e-16
9.316239545e-16
8.492107051e-16
6.185405571e-17
3.624809051e-16
1.04815779e-15
3.918273238e-16
4.130124701e-16
1.235277095e-15
9.913511958e-16
1.151180263e-15
1.791875725e-15
1.500923146e-15
1.004738642e-15
1.819334425e-15
1.811843981e-15
3.790356868e-16
6.08931006e-16
6.741858696e-16
5.231429592e-16
1.333062042e-15
1.458314691e-15
8.058808965e-16
1.318653737e-16
7.427101174e-17
8.392423421e-16
2.86009118e-16
-1.163458993e-15
-1.472760629e-16
1.079445462e-15
-4.222044142e-16
-1.395881043e-15
-1.20653155e-15
-7.209089325e-16
-6.130984091e-16
-5.058789649e-16
-1.164244337e-15
-1.384667575e-15
-4.086560318e-16
-5.382793417e-16
-6.354645324e-16
-1.149271553e-15
-9.08581459e-16
-1.105890583e-15
-1.785114012e-15
-1.521248344e-15
-5.007638022e-16
-3.305943551e-16
-9.490223645e-16
-5.537966634e-16
3.602472445e-16
-8.89994008e-16
-1.387666372e-15
-1.749758896e-15
-1.872589865e-15
-8.30963083e-16
-1.594755355e-15
-2.372931429e-15
-2.764794337e-15
-2.830483811e-15
-3.90106455e-15
-3.807317206e-15
-2.198881398e-15
-2.80605863e-15
-3.746756962e-15
-2.998436998e-15
-3.718106242e-15
-3.101355661e-15
-2.298501048e-15
-3.828958573e-15
-4.142307125e-15
-4.500126824e-15
-4.575680628e-15
-5.846066885e-15
-5.554980129e-15
-5.374602965e-15
-5.319956468e-15
-5.162453548e-15
-5.607196277e-15
-4.797747589e-15
-4.653775549e-15
-5.295612718e-15
-5.019002099e-15
-4.445868071e-15
-3.910256682e-15
-3.873549345e-15
-5.360335404e-15
-4.9555387e-15
-4.525100686e-15
-6.191945044e-15
-6.207983499e-15
-5.271859894e-15
-5.071036351e-15
-5.762890372e-15
-5.62077942e-15
-6.557714909e-15
-7.751075647e-15
-8.437135458e-15
-9.095464037e-15
-8.096946079e-15
-7.921081804e-15
-7.269760856e-15
-8.154197658e-15
-8.720160062e-15
-7.457296383e-15
-8.159432961e-15
-9.176362803e-15
-8.020504099e-15
-7.394533016e-15
-6.452083802e-15
-6.06388514e-15
-7.40438402e-15
-6.801513315e-15
-6.767365022e-15
-7.66890407e-15
-6.957256556e-15
-6.046146449e-15
-6.537813978e-15
-6.184589553e-15
-7.055604681e-15
-8.043839491e-15
-7.364946528e-15
-5.980213541e-15
-7.072575624e-15
-7.103100906e-15
-4.709013034e-15
-3.816830721e-15
-3.590790377e-15
-4.685141763e-15
-3.610525334e-15
-3.446048003e-15
-4.767209086e-15
-3.085653404e-15
-3.952503382e-15
-5.003027976e-15
-3.74676607e-15
-4.758847259e-15
-4.891536309e-15
-3.314278882e-15
-3.344656653e-15
-3.244981432e-15
-2.756976117e-15
-3.197078105e-15
-3.607983193e-15
-3.007769649e-15
-3.671968632e-15
-4.430104936e-15
-3.800651659e-15
-4.190327315e-15
-2.567230565e-15
-2.250716003e-15
-3.717547058e-15
-2.895852506e-15
-1.965053981e-15
-4.126947331e-16
-5.993568204e-17
-5.859766157e-16
-1.208798557e-15
-1.15041352e-16
2.327500934e-16
-3.003496118e-16
-5.150161941e-16
-2.096797381e-16
-2.515674865e-16
-6.523268782e-16
-4.970844835e-16
-4.646263748e-16
-6.219792549e-16
-2.136276999e-16
-9.448449451e-17
1.518739064e-16
2.500452409e-16
-1.770015194e-16
-1.589432935e-15
-1.070350869e-15
-4.490957493e-16
-5.586681162e-16
-4.667594992e-17
7.913993329e-18
8.826908797e-16
4.916234498e-16
7.700390459e-16
1.214602404e-15
1.934752409e-15
1.856144237e-15
1.51876216e-15
1.999497454e-15
2.063406341e-15
1.109561833e-15
1.97754522e-16
7.010273266e-16
9.147560826e-16
1.344698132e-15
9.133192568e-16
1.124795845e-15
1.445018778e-15
7.679196066e-16
5.681938422e-16
-2.449148847e-16
-5.574291654e-16
1.577590843e-16
7.760145866e-16
1.095155992e-15
1.944027954e-16
4.498984132e-16
1.030424835e-15
3.266145133e-16
6.478413309e-16
1.317201497e-15
1.056427871e-15
1.09619263e-15
1.821533712e-15
1.293720988e-15
1.225984671e-15
1.733646063e-15
1.790350921e-15
1.946936306e-16
1.090245567e-15
4.945895032e-16
-5.344519922e-17
1.747432338e-15
1.816496049e-15
5.239852062e-16
1.444607046e-16
8.41099627e-17
7.490093253e-16
6.38682411e-16
-1.203047553e-15
-4.341040302e-16
9.398072256e-16
-4.583927149e-17
-1.430104611e-15
-1.401406206e-15
-5.0030554e-16
-9.051914611e-16
-1.248657319e-15
-5.28058258e-16
-1.322903735e-15
-7.876267684e-16
-1.094024702e-16
-8.049854491e-16
-1.388476815e-15
-5.01524185e-16
-1.226794443e-15
-2.058310761e-15
-1.801973693e-15
1.945596424e-16
4.134708667e-17
-1.318765875e-15
-1.113077584e-15
6.02982715e-16
-6.74386573e-16
-1.739750768e-15
-1.389652979e-15
-2.327239272e-15
-7.891386635e-16
-8.799522144e-16
-2.55733509e-15
-3.091179207e-15
-2.927821144e-15
-3.817342201e-15
-3.404735348e-15
-3.039307824e-15
-2.460916158e-15
-3.224779551e-15
-3.68679898e-15
-3.436937747e-15
-2.549232086e-15
-2.444932389e-15
-3.877955495e-15
-4.499260006e-15
-4.075742865e-15
-4.266358853e-15
-6.072855399e-15
-6.135186252e-15
-5.147803328e-15
-4.935147217e-15
-6.226347179e-15
-5.038128792e-15
-3.619049861e-15
-5.077213303e-15
-6.011617246e-15
-5.215894979e-15
-4.484594289e-15
-3.674145234e-15
-3.676199184e-15
-4.655358175e-15
-5.362834246e-15
-4.994583068e-15
-5.834259313e-15
-7.11993297e-15
-5.081378579e-15
-4.376154919e-15
-5.016150419e-15
-5.505545674e-15
-7.617991339e-15
-8.053830219e-15
-7.90430489e-15
-8.455421174e-15
-8.754868706e-15
-7.990418895e-15
-6.667752665e-15
-8.807287447e-15
-8.701676632e-15
-6.91733838e-15
-8.421045905e-15
-9.727658138e-15
-8.161361635e-15
-7.265133091e-15
-5.78025302e-15
-6.055227099e-15
-7.47227899e-15
-6.83331425e-15
-7.442368192e-15
-8.146230724e-15
-6.802604168e-15
-4.733443354e-15
-5.83768013e-15
-6.940380898e-15
-7.977287559e-15
-7.582374254e-15
-6.92943301e-15
-6.990955433e-15
-6.650349765e-15
-6.181598935e-15
-5.91315766e-15
-4.071227995e-15
-2.176017431e-15
-4.792394084e-15
-3.69330504e-15
-3.138524554e-15
-5.534791174e-15
-4.155942712e-15
-3.560722556e-15
-3.976754596e-15
-3.809873917e-15
-5.113835311e-15
-4.190652075e-15
-3.348552996e-15
-4.706876931e-15
-3.239233494e-15
-2.311433208e-15
-3.454417338e-15
-2.607903594e-15
-2.423013532e-15
-4.868079418e-15
-3.944460016e-15
-3.656475433e-15
-5.04314539e-15
-2.280107432e-15
-2.589164778e-15
-3.782669588e-15
-2.709372378e-15
-2.013216568e-15
-1.898722131e-16
1.914495781e-16
-8.108052961e-16
-1.241473721e-15
1.17599786e-16
9.658605977e-17
-3.591968739e-16
-2.232953972e-16
-4.703436089e-17
-3.157274628e-16
-7.510819926e-16
-6.521057379e-16
-5.913941945e-16
-5.187652215e-16
-1.467058279e-17
-4.131669963e-16
3.382458184e-16
7.368456721e-16
-3.76476564e-16
-1.457952569e-15
-1.27271068e-15
-6.93271412e-16
-6.65992369e-16
-1.422661534e-16
3.498307123e-16
1.065191018e-15
3.917498826e-16
6.546296955e-16
1.4580316e-15
1.885216458e-15
1.772933877e-15
1.550330033e-15
2.012225109e-15
2.153236098e-15
1.061477534e-15
7.090159901e-17
6.792130495e-16
8.395337579e-16
1.461226062e-15
7.063917608e-16
1.019806484e-15
1.089617269e-15
1.043513052e-15
8.058942228e-16
-2.733170309e-16
-4.659561723e-16
3.979184882e-16
4.670288278e-16
6.365418859e-16
4.950756467e-16
6.888578385e-16
5.438023491e-16
5.056798817e-16
1.030499049e-15
1.134738484e-15
1.058442882e-15
1.492088595e-15
1.622961513e-15
1.016959431e-15
1.280242301e-15
1.970025599e-15
1.563371259e-15
1.230589419e-16
1.020939135e-15
5.069122274e-16
9.189229093e-17
1.512251494e-15
2.102135822e-15
7.162568293e-16
9.934217005e-17
1.198440906e-16
7.049422245e-16
7.70298014e-16
-1.317215817e-15
-5.522015244e-16
9.327142335e-16
4.147443208e-16
-1.38620307e-15
-1.894365885e-15
-6.031585268e-16
-8.184534387e-16
-1.395051684e-15
-5.127789767e-16
-1.331709786e-15
-7.621399425e-16
1.694048765e-16
-9.00879681e-16
-1.298052114e-15
-6.378022639e-16
-1.483969467e-15
-2.081620247e-15
-1.850110251e-15
2.394393195e-16
2.04908567e-16
-1.33520233e-15
-1.488644986e-15
8.160371772e-16
-4.832154456e-16
-1.81973129e-15
-1.677791679e-15
-1.947572801e-15
-5.541157932e-16
-8.912218131e-16
-2.798590786e-15
-3.180277738e-15
-3.13443754e-15
-3.508790259e-15
-3.299056118e-15
-3.643557502e-15
-2.265601089e-15
-2.584863463e-15
-4.130394642e-15
-3.664934882e-15
-2.311438312e-15
-2.754763239e-15
-3.435017274e-15
-4.001924427e-15
-4.104676737e-15
-4.429382265e-15
-6.310645661e-15
-6.588734936e-15
-5.069899056e-15
-4.880880112e-15
-6.232509098e-15
-5.05923806e-15
-3.18831119e-15
-5.278348776e-15
-6.104840366e-15
-5.555901957e-15
-4.336642227e-15
-3.114260938e-15
-4.090886002e-15
-4.665411407e-15
-5.230887485e-15
-4.867925581e-15
-5.566226211e-15
-7.454764389e-15
-5.517801702e-15
-4.026359549e-15
-4.575644891e-15
-6.160416886e-15
-7.885555218e-15
-7.635824688e-15
-7.625005285e-15
-8.385485867e-15
-9.021808688e-15
-7.262064125e-15
-7.109733885e-15
-9.000514916e-15
-8.750525897e-15
-6.882656832e-15
-8.523854327e-15
-1.001073742e-14
-7.932386094e-15
-7.118281056e-15
-5.209164532e-15
-6.452291009e-15
-7.481959984e-15
-7.040294814e-15
-7.770867021e-15
-8.262297781e-15
-6.364776278e-15
-4.439228015e-15
-5.932545419e-15
-7.103228347e-15
-8.533563276e-15
-7.014689044e-15
-6.482718104e-15
-7.392453176e-15
-6.895400574e-15
-5.711777227e-15
-6.180026813e-15
-4.460964376e-15
-1.708596642e-15
-4.132965934e-15
-3.856630881e-15
-3.706944191e-15
-5.763135707e-15
-4.26581783e-15
-3.247387477e-15
-3.527217744e-15
-4.452138925e-15
-5.542111649e-15
-2.999045708e-15
-3.118093209e-15
-5.440765585e-15
-3.204580108e-15
-1.944105353e-15
-3.552079736e-15
-2.601421266e-15
-2.987906587e-15
-5.02068308e-15
-2.8814866e-15
-3.437408421e-15
-5.403037725e-15
-2.657698903e-15
-3.131708096e-15
-3.749272539e-15
-2.536853371e-15
-1.877715393e-15
-2.880614294e-16
1.98738947e-16
-7.951676358e-16
-1.090532981e-15
2.064518258e-16
-1.896990368e-17
-3.113641703e-16
-3.231371443e-16
1.033106322e-16
-1.016665334e-16
-3.949030219e-16
-9.370913871e-16
-5.701360603e-16
-4.55116069e-16
-9.078877706e-17
-4.07278422e-16
6.049947477e-16
1.046672384e-15
-6.176853317e-16
-1.619947971e-15
-1.337207052e-15
-1.045741761e-15
-7.121815702e-16
-1.579175797e-16
6.529853915e-16
1.281860427e-15
7.851535647e-17
7.162134407e-16
1.886498842e-15
1.668199748e-15
1.378386377e-15
2.01432294e-15
1.859122168e-15
1.827508059e-15
1.180324852e-15
1.616202359e-16
5.939013373e-16
8.818387019e-16
1.601855161e-15
1.019403473e-15
1.336526908e-15
6.447167692e-16
7.120792993e-16
1.135394019e-15
-5.624588403e-16
-5.240921861e-16
8.439460811e-16
7.343824124e-16
3.45631823e-16
6.539961637e-16
7.354046495e-16
1.714730389e-16
4.734479161e-16
9.987532362e-16
1.00902888e-15
1.365852684e-15
2.070931603e-15
1.113257973e-15
7.325833684e-16
1.316831488e-15
1.991089049e-15
1.333353394e-15
5.328599969e-16
7.7373085e-16
4.082737429e-16
7.295522629e-16
1.326666801e-15
1.759932492e-15
1.001365626e-15
-8.523533971e-17
-3.458446597e-17
1.050233023e-15
7.615066596e-16
-1.174807334e-15
-5.416870362e-16
3.610620929e-16
1.647234552e-16
-8.392522105e-16
-1.831261867e-15
-8.5175379e-16
-5.996794751e-16
-1.263867271e-15
-6.681381101e-16
-9.810151744e-16
-9.71568195e-16
5.307156905e-17
-7.385612874e-16
-1.048132236e-15
-8.373452805e-16
-1.372439032e-15
-1.8651977e-15
-2.17096664e-15
-4.941560332e-16
2.177326415e-17
-6.207278079e-16
-1.275663471e-15
-2.310519794e-17
-3.949428748e-16
-1.6925827e-15
-1.955337972e-15
-1.273896903e-15
-3.550217323e-16
-1.313106702e-15
-2.535569865e-15
-3.1321145e-15
-3.467441462e-15
-3.403328994e-15
-3.614211238e-15
-3.854583614e-15
-2.14776231e-15
-2.2126225e-15
-3.90624718e-15
-4.106417664e-15
-2.377543911e-15
-2.904757862e-15
-3.290516656e-15
-3.31807256e-15
-3.972851939e-15
-4.880808281e-15
-6.665425845e-15
-6.478322675e-15
-5.115816324e-15
-4.763780267e-15
-5.499104419e-15
-5.744512986e-15
-4.025198396e-15
-4.99963341e-15
-5.912207547e-15
-5.273316616e-15
-4.270224983e-15
-2.880894784e-15
-4.081797476e-15
-5.258177095e-15
-4.5890206e-15
-4.222099197e-15
-5.808970864e-15
-7.535170963e-15
-5.548964301e-15
-4.526362764e-15
-4.295501557e-15
-6.583261628e-15
-8.314172005e-15
-7.316004827e-15
-7.492152727e-15
-8.754588496e-15
-8.725431971e-15
-6.558246065e-15
-7.012044387e-15
-8.824764769e-15
-9.211374046e-15
-7.23313814e-15
-8.870604598e-15
-9.994195905e-15
-7.44324328e-15
-7.103657741e-15
-5.427236714e-15
-6.79045525e-15
-7.560250581e-15
-6.750579428e-15
-7.420652286e-15
-8.060552502e-15
-6.292466447e-15
-4.926256542e-15
-6.991715656e-15
-6.722525221e-15
-8.246050032e-15
-7.078847513e-15
-5.726484467e-15
-7.051337881e-15
-7.551908882e-15
-5.706385583e-15
-6.118037632e-15
-4.531440372e-15
-2.179925769e-15
-3.467350134e-15
-3.456523014e-15
-4.331933924e-15
-6.012023399e-15
-3.666758821e-15
-3.238878848e-15
-3.609293742e-15
-4.94940469e-15
-5.676791182e-15
-2.409718637e-15
-2.565051596e-15
-5.262138409e-15
-3.611587249e-15
-2.023940369e-15
-3.646590275e-15
-2.73916301e-15
-3.477292365e-15
-4.286941279e-15
-2.145369528e-15
-3.874501212e-15
-5.477412685e-15
-2.855557912e-15
-3.731219219e-15
-4.015921669e-15
-2.346150679e-15
-1.559619785e-15
-2.589922541e-16
3.574560576e-16
-5.457778712e-16
-1.09121478e-15
-2.629498118e-16
-1.151195269e-16
-3.26926445e-16
-2.662876745e-16
5.566042316e-17
-1.382953739e-16
-7.017483897e-18
-5.947894776e-16
-7.445706399e-16
-2.849547423e-16
-1.647269284e-17
-2.346604576e-16
6.843111061e-16
6.997372411e-16
-7.392299309e-16
-1.703924325e-15
-1.01753593e-15
-1.229842838e-15
-1.088841405e-15
-1.509438794e-16
1.298368054e-15
1.098903503e-15
-1.797170519e-16
8.935844895e-16
1.892097226e-15
1.516955508e-15
1.436769685e-15
2.113968022e-15
1.357505772e-15
1.51656709e-15
1.253451997e-15
2.881008963e-16
1.117703951e-15
1.195557885e-15
1.35393299e-15
8.917383253e-16
1.078627195e-15
7.033375141e-16
1.034853234e-15
1.377896847e-15
-6.747220145e-16
-9.375107152e-16
8.444049826e-16
7.378628234e-16
3.405692219e-16
5.240175734e-16
7.728060945e-16
5.36158013e-16
5.221850883e-16
5.156275484e-16
1.025554617e-15
2.116212748e-15
2.074923887e-15
8.108608743e-16
4.673472793e-16
1.147287742e-15
2.036381604e-15
1.113924209e-15
7.345646202e-16
7.189679729e-16
8.734596203e-16
1.565455963e-15
1.017368143e-15
1.595964882e-15
9.983690176e-16
-5.947051157e-17
-1.9153871e-16
1.189464929e-15
5.372706268e-16
-1.057929075e-15
-5.873824488e-16
-3.646910551e-16
2.395224596e-17
-6.17960861e-16
-1.663879606e-15
-8.095117167e-16
-8.056164619e-16
-1.149671069e-15
-1.032174034e-15
-1.043031487e-15
-7.914603143e-16
2.558268845e-16
-6.11814411e-16
-8.996737342e-16
-1.167785794e-15
-9.964438894e-16
-1.562961296e-15
-2.381271614e-15
-9.370848851e-16
-3.072135109e-16
-2.289506871e-16
-1.20237958e-15
-9.048613521e-16
-2.715766432e-16
-1.485353288e-15
-2.210280285e-15
-1.04348592e-15
-3.480488521e-16
-1.006180911e-15
-2.168201768e-15
-3.655273396e-15
-3.689920143e-15
-3.346374187e-15
-3.554405871e-15
-3.939358878e-15
-2.476950945e-15
-1.814215282e-15
-3.519341916e-15
-4.666743002e-15
-2.800055192e-15
-2.529882761e-15
-3.103839833e-15
-3.42963487e-15
-3.458582052e-15
-5.197698721e-15
-7.266684598e-15
-6.220930107e-15
-4.878037299e-15
-4.257498941e-15
-5.006197918e-15
-6.364816885e-15
-5.000589772e-15
-4.580472363e-15
-5.591276361e-15
-5.176313983e-15
-4.446797541e-15
-3.051709681e-15
-3.868011149e-15
-5.212183865e-15
-4.292516299e-15
-3.649295037e-15
-5.840718318e-15
-7.874006984e-15
-5.570395149e-15
-4.925941129e-15
-4.423237461e-15
-6.498429315e-15
-8.83121095e-15
-6.845585846e-15
-7.173573947e-15
-8.755705139e-15
-8.806824007e-15
-6.57065056e-15
-6.73032182e-15
-8.580447243e-15
-9.265864691e-15
-7.075587139e-15
-9.23548825e-15
-1.043306334e-14
-7.607904792e-15
-7.044790578e-15
-5.411258558e-15
-6.711940345e-15
-7.274085589e-15
-6.770458644e-15
-6.969170473e-15
-7.520901235e-15
-6.117487048e-15
-5.778981118e-15
-7.963487659e-15
-5.97826054e-15
-7.795697984e-15
-7.095059907e-15
-5.339529497e-15
-7.08330165e-15
-8.100306255e-15
-6.187940868e-15
-5.702067718e-15
-4.32504177e-15
-2.890193392e-15
-3.65188649e-15
-2.652106668e-15
-4.289895349e-15
-6.510707872e-15
-3.581972637e-15
-3.683552714e-15
-2.909704365e-15
-4.48616462e-15
-6.069275471e-15
-2.335788347e-15
-1.863866354e-15
-4.815802336e-15
-4.212695358e-15
-2.489569842e-15
-3.640779987e-15
-2.127494423e-15
-3.515995183e-15
-4.319446062e-15
-2.114590844e-15
-4.127022045e-15
-5.214899886e-15
-3.149636346e-15
-3.953201637e-15
-3.708584723e-15
-2.310787278e-15
-1.813299285e-15
-9.320455774e-17
2.057066158e-16
-6.470491902e-16
-1.131530128e-15
-3.793322635e-16
-3.169757641e-17
-2.440605261e-16
-9.257163516e-18
-8.743997474e-17
2.354372386e-17
1.765082357e-16
-4.372066215e-16
-7.668519611e-16
-5.556975198e-16
-2.234043863e-16
2.239145032e-16
6.854141134e-16
2.524915623e-16
-7.480344254e-16
-1.324217221e-15
-1.119369066e-15
-1.374451807e-15
-1.070628104e-15
3.070342715e-16
1.503838931e-15
1.036901922e-15
-4.85730208e-17
8.943117191e-16
1.748896618e-15
1.680544334e-15
1.305764932e-15
1.912115139e-15
1.215784797e-15
1.197457359e-15
1.040654741e-15
5.258328758e-16
2.066999047e-15
1.492296701e-15
1.006283793e-15
6.099141525e-16
8.734586737e-16
9.309491261e-16
9.43418457e-16
1.162334723e-15
-4.584823646e-16
-9.937252874e-16
6.030297636e-16
7.465289772e-16
4.338053652e-16
2.36509458e-16
5.752279385e-16
1.021501741e-15
6.023245939e-16
-3.704179104e-17
9.034442007e-16
2.35373908e-15
2.418563117e-15
8.111594036e-16
3.218093994e-16
1.083237978e-15
1.655335697e-15
9.647583177e-16
9.571577061e-16
1.155553359e-15
1.421384454e-15
1.673570586e-15
2.36732712e-16
1.763136316e-15
1.16530149e-15
8.884594764e-17
-1.414694553e-16
9.468119165e-16
3.558159636e-16
-1.078870571e-15
-7.290963565e-16
-4.302909032e-16
-1.966801169e-16
-5.809965727e-16
-1.664075171e-15
-9.354414063e-16
-6.214890336e-16
-1.008215798e-15
-1.429940638e-15
-1.362379294e-15
-7.891472531e-16
2.178001608e-16
-6.473493081e-16
-5.528681889e-16
-1.107267688e-15
-6.787484843e-16
-1.512584767e-15
-2.190461211e-15
-4.467198388e-16
-8.436517642e-16
-7.672025027e-16
-1.450024038e-15
-1.025429944e-15
-3.507144631e-16
-1.346741077e-15
-1.916075565e-15
-9.019144671e-16
-3.002546125e-16
-7.070459235e-16
-2.241812599e-15
-3.919626937e-15
-3.628214677e-15
-3.075953798e-15
-3.63289187e-15
-4.172206896e-15
-2.594332817e-15
-1.794323158e-15
-3.504735996e-15
-4.788755557e-15
-2.966084341e-15
-2.511765358e-15
-3.423462366e-15
-3.431720429e-15
-3.047231147e-15
-5.232985182e-15
-7.159533913e-15
-5.79145889e-15
-4.824090812e-15
-4.144719563e-15
-4.999544981e-15
-7.118065252e-15
-5.266882351e-15
-4.538592411e-15
-5.372508862e-15
-4.962021702e-15
-4.460414e-15
-3.22233924e-15
-3.830396213e-15
-5.193897884e-15
-4.535872628e-15
-3.523666237e-15
-5.559698211e-15
-8.07706675e-15
-5.692886986e-15
-5.271809948e-15
-4.318028256e-15
-6.322412735e-15
-9.353448231e-15
-6.403104372e-15
-6.75605842e-15
-8.868515978e-15
-8.607987111e-15
-6.434211325e-15
-6.775201957e-15
-8.377619149e-15
-9.389282346e-15
-7.406819308e-15
-9.234107917e-15
-1.060578095e-14
-7.329914489e-15
-6.982497657e-15
-5.814742904e-15
-6.66542525e-15
-7.140722298e-15
-6.91367988e-15
-6.811724628e-15
-6.688581124e-15
-6.301187746e-15
-6.509726839e-15
-8.278269297e-15
-5.526309119e-15
-7.282524457e-15
-6.80445244e-15
-5.508198633e-15
-7.619101801e-15
-8.226633516e-15
-6.823688523e-15
-5.157457524e-15
-3.635169184e-15
-3.236185713e-15
-4.048099404e-15
-2.5614639e-15
-4.317504614e-15
-6.56396579e-15
-3.593915423e-15
-3.967855157e-15
-2.763758928e-15
-4.005478445e-15
-5.952382308e-15
-2.586794983e-15
-1.636523001e-15
-4.055182897e-15
-4.268763578e-15
-3.07376584e-15
-3.618079531e-15
-2.02999123e-15
-3.260212051e-15
-4.516665564e-15
-2.207772986e-15
-4.007656938e-15
-5.475632044e-15
-3.30908549e-15
-4.172372902e-15
-3.224081027e-15
-2.46060002e-15
-2.043650891e-15
-1.016318454e-16
-2.343530261e-16
-7.057122702e-16
-1.308471232e-15
-6.421940388e-16
8.74713075e-17
2.461649606e-16
-1.906621389e-17
-2.523036427e-16
4.826692635e-16
5.102742475e-16
-2.08671888e-16
-4.42623305e-16
-7.706940618e-16
-5.087576508e-16
2.054984176e-16
2.307299842e-16
1.123579948e-16
-5.877019014e-16
-1.030310557e-15
-1.272811019e-15
-1.19733115e-15
-7.964205175e-16
5.455187342e-16
1.335143409e-15
9.155399668e-16
2.888265467e-16
8.910054617e-16
1.856150948e-15
1.662352988e-15
9.985969978e-16
1.738585253e-15
1.316511159e-15
1.289682014e-15
1.148811197e-15
6.289467081e-16
2.248519864e-15
1.539825154e-15
1.07369611e-15
3.445185867e-16
6.479062837e-16
8.971930298e-16
6.509118994e-16
9.053358707e-16
-8.235873096e-17
-7.759853531e-16
4.513320279e-16
8.956473216e-16
3.93016195e-16
-3.262073178e-17
7.728859769e-16
8.393303526e-16
4.426325272e-16
3.0829803e-16
7.945989878e-16
2.206336415e-15
2.196752994e-15
8.594321585e-16
5.734854717e-16
1.344061749e-15
1.559914605e-15
8.945795643e-16
1.204851368e-15
1.109058139e-15
1.451654996e-15
1.354002675e-15
7.92454702e-18
1.952363046e-15
1.215762095e-15
-1.903801708e-16
-1.34617225e-16
1.209670739e-15
3.091387771e-16
-1.266907749e-15
-6.758330132e-16
-6.35724715e-16
-2.63731903e-16
-6.31087245e-16
-1.639391151e-15
-1.299214157e-15
-6.367195031e-16
-2.349704331e-16
-1.128512118e-15
-1.670937733e-15
-8.939154794e-16
1.551722341e-16
-7.853365696e-16
-6.9822296e-16
-9.54791172e-16
-7.917947179e-16
-1.383620374e-15
-1.721750662e-15
-4.582979366e-16
-1.255540123e-15
-7.951055425e-16
-1.141619127e-15
-1.123731443e-15
-6.349226842e-16
-1.659685984e-15
-1.343933772e-15
-5.21141028e-16
-1.566434815e-16
-6.307432336e-16
-2.576223321e-15
-4.052759857e-15
-3.599044266e-15
-2.84434934e-15
-3.825094479e-15
-4.400466438e-15
-2.459587115e-15
-2.119692602e-15
-3.620389594e-15
-4.572571868e-15
-2.585858834e-15
-2.684472961e-15
-3.441698281e-15
-3.462433357e-15
-3.118290632e-15
-4.991608243e-15
-6.84186323e-15
-5.465304603e-15
-4.528394437e-15
-4.719330392e-15
-5.291956395e-15
-7.1328178e-15
-5.413722924e-15
-4.720686908e-15
-5.409680402e-15
-4.54674611e-15
-4.174812815e-15
-3.312128955e-15
-3.856529272e-15
-5.187607879e-15
-4.583649564e-15
-3.51100701e-15
-5.765946259e-15
-8.09744019e-15
-5.983771739e-15
-5.594473667e-15
-4.150142335e-15
-6.075380208e-15
-9.475798231e-15
-6.65219151e-15
-6.419174434e-15
-8.541684119e-15
-8.266837482e-15
-6.383199758e-15
-6.777667868e-15
-8.166402183e-15
-9.93424626e-15
-7.551035839e-15
-9.206260608e-15
-1.061960545e-14
-7.04919831e-15
-6.81798825e-15
-5.664411724e-15
-6.860905385e-15
-7.246902948e-15
-6.958230611e-15
-6.712066249e-15
-6.442573535e-15
-6.751050109e-15
-6.865047215e-15
-8.33755398e-15
-5.598052941e-15
-6.655035005e-15
-6.751518048e-15
-5.793079562e-15
-7.64076731e-15
-8.014702381e-15
-7.103755936e-15
-5.220476433e-15
-2.978462484e-15
-3.385588061e-15
-4.4253112e-15
-2.764997113e-15
-4.411242251e-15
-6.441716874e-15
-3.689369228e-15
-3.933817712e-15
-2.951027101e-15
-3.648511601e-15
-5.52073885e-15
-2.681159803e-15
-1.619555769e-15
-3.665795454e-15
-4.485340611e-15
-3.07377299e-15
-3.55885227e-15
-2.192161678e-15
-3.730667047e-15
-4.270062636e-15
-1.898403464e-15
-4.251646686e-15
-5.332030885e-15
-3.292953911e-15
-3.938172717e-15
-3.303285829e-15
-2.566763895e-15
-2.121495022e-15
-7.562490452e-17
-4.075785095e-16
-6.563937926e-16
-1.261201916e-15
-9.574788322e-16
1.743062619e-16
3.230388139e-16
-9.941969369e-17
-2.522863068e-16
8.29729129e-16
9.439680173e-16
-2.404618047e-17
-3.951393967e-16
-1.104579764e-15
-6.284974792e-16
-7.2811558e-17
-2.11705598e-16
1.171854996e-16
-2.331171942e-16
-1.077798848e-15
-1.168685477e-15
-9.216788115e-16
-5.882802918e-16
3.584467555e-16
1.149250844e-15
1.068801724e-15
7.612341218e-16
1.121340623e-15
1.844643102e-15
1.599166553e-15
1.012725347e-15
1.591275156e-15
1.341882179e-15
1.429356713e-15
1.166778617e-15
7.732086381e-16
2.534381773e-15
1.439394264e-15
9.898343876e-16
2.804516838e-16
4.220710227e-16
6.502966691e-16
7.229329451e-16
9.48182289e-16
6.111910665e-17
-4.867779383e-16
4.076696659e-16
6.687601165e-16
-7.053884448e-17
-2.618255433e-16
1.018879434e-15
8.230926157e-16
4.047902394e-16
5.859768386e-16
8.265593204e-16
2.090941344e-15
1.813838806e-15
9.751420594e-16
9.194387571e-16
1.270670516e-15
1.627649255e-15
1.046357238e-15
1.028046706e-15
1.107497893e-15
1.38466777e-15
1.223029208e-15
9.594544331e-17
1.691052236e-15
1.286128779e-15
-4.880764273e-16
-2.660468889e-16
1.23685354e-15
2.783182802e-16
-1.146442805e-15
-5.404091324e-16
-5.406809337e-16
-1.1822037e-16
-1.024049518e-15
-1.646678004e-15
-1.29609512e-15
-4.299467591e-16
5.384078586e-16
-1.00437279e-15
-2.256415788e-15
-8.610736962e-16
1.538719908e-16
-1.055525278e-15
-4.477389368e-16
-7.72157674e-16
-1.040600174e-15
-1.280547163e-15
-1.333432468e-15
-9.145093575e-16
-1.208959303e-15
-5.214223305e-16
-1.22082872e-15
-1.487767389e-15
-4.233595004e-16
-1.450603363e-15
-1.637215871e-15
-2.701647541e-16
2.370370536e-16
-8.134980093e-16
-2.500900964e-15
-4.197131359e-15
-3.435378551e-15
-3.000651769e-15
-3.792812186e-15
-4.151979375e-15
-2.516760307e-15
-2.502417856e-15
-4.048675941e-15
-4.514503491e-15
-2.042194018e-15
-2.621558891e-15
-3.381033759e-15
-3.682249797e-15
-3.365012918e-15
-4.896762339e-15
-6.674663779e-15
-4.954869936e-15
-4.259719699e-15
-4.932959094e-15
-5.6854528e-15
-7.396289817e-15
-5.648185276e-15
-4.835616058e-15
-5.344983592e-15
-4.185988767e-15
-3.871171045e-15
-3.351384434e-15
-3.862229656e-15
-5.218207814e-15
-4.388924165e-15
-4.046200621e-15
-5.951063555e-15
-7.577576096e-15
-6.292907631e-15
-5.884298163e-15
-3.998832714e-15
-5.993308024e-15
-9.65906494e-15
-7.025166666e-15
-6.264710513e-15
-8.212466596e-15
-7.980715438e-15
-6.670523963e-15
-6.330741505e-15
-7.763115013e-15
-1.008977975e-14
-7.832858705e-15
-9.286538817e-15
-1.078121983e-14
-6.879537835e-15
-6.51729735e-15
-5.454815394e-15
-7.248720183e-15
-7.545418223e-15
-6.724418537e-15
-6.582144559e-15
-6.45453567e-15
-7.183434278e-15
-7.021445977e-15
-8.476319904e-15
-5.808009879e-15
-5.981092633e-15
-6.422739107e-15
-5.436044885e-15
-7.799421627e-15
-8.158409676e-15
-7.260018008e-15
-5.389057823e-15
-2.655936108e-15
-3.489086895e-15
-4.6827845e-15
-2.851486693e-15
-4.589572321e-15
-6.351520005e-15
-3.636605421e-15
-4.021487872e-15
-2.720537072e-15
-3.539730839e-15
-5.227864478e-15
-2.518863672e-15
-1.541509042e-15
-3.531444514e-15
-4.580461829e-15
-3.418101801e-15
-3.806029771e-15
-2.557306269e-15
-3.913861589e-15
-3.941652203e-15
-1.613813176e-15
-4.260428827e-15
-5.147097924e-15
-3.450269801e-15
-3.999094432e-15
-3.521876393e-15
-2.839797497e-15
-2.162694302e-15
-3.409592964e-16
-5.724138863e-16
-5.545666751e-16
-8.225513177e-16
-6.909061687e-16
2.285150875e-16
1.846039561e-16
-9.756617016e-17
-3.083497363e-16
8.536254857e-16
1.078376561e-15
-2.088786202e-16
-4.066525916e-16
-1.056744316e-15
-6.286231197e-16
-2.580823386e-16
-1.592175458e-16
1.383558799e-16
-1.378315681e-16
-1.276469871e-15
-1.280012021e-15
-6.400179209e-16
-9.173528959e-17
6.221838892e-17
8.139307145e-16
1.432576275e-15
1.05081573e-15
1.392962402e-15
1.757062782e-15
1.471960225e-15
1.173095681e-15
1.443711716e-15
1.160658087e-15
1.706130367e-15
1.143622404e-15
1.124441719e-15
2.118115971e-15
1.286332319e-15
1.368880756e-15
4.554043635e-16
3.783312867e-16
6.82331019e-16
7.808739476e-16
3.388125682e-16
-4.915848153e-17
-2.280226032e-16
4.181482356e-16
2.919357142e-16
-1.928634419e-16
-1.292716005e-16
6.211926128e-16
4.740740595e-16
5.778253759e-16
8.236658383e-16
7.915395036e-16
2.296753946e-15
1.988659904e-15
6.972964338e-16
4.766646457e-16
1.256715624e-15
1.999282195e-15
1.164984955e-15
1.345590263e-15
1.167890586e-15
1.413855456e-15
1.312601333e-15
-4.031110694e-16
1.302761338e-15
1.868124077e-15
-3.220273092e-16
-4.329728444e-16
1.366550817e-15
2.984301453e-16
-1.539957961e-15
-7.125692898e-16
-3.751180765e-16
1.830952618e-16
-1.222245461e-15
-1.569723727e-15
-1.233541578e-15
-6.148789898e-16
1.054395537e-15
-8.961394257e-16
-2.36744627e-15
-1.136815969e-15
2.708734479e-16
-1.158530688e-15
-3.787015284e-16
-7.334679684e-16
-1.202243247e-15
-1.176658722e-15
-1.231887336e-15
-1.053969286e-15
-9.51343107e-16
-5.277508459e-16
-1.2810679e-15
-1.12621956e-15
-6.178845503e-16
-1.45468368e-15
-1.056205893e-15
-5.832822925e-16
-1.237315163e-16
-1.077023144e-15
-2.169753269e-15
-3.790640115e-15
-3.744396328e-15
-3.328768015e-15
-4.093010739e-15
-3.893242195e-15
-2.100953436e-15
-2.831935061e-15
-4.446342117e-15
-3.993929748e-15
-1.987848653e-15
-2.867957725e-15
-3.481874204e-15
-3.453654775e-15
-3.705549182e-15
-5.109135257e-15
-6.325392888e-15
-4.429538382e-15
-4.145559092e-15
-5.411280599e-15
-5.82111235e-15
-7.554510818e-15
-5.522778443e-15
-5.123497605e-15
-5.456911609e-15
-3.68335769e-15
-3.61966829e-15
-3.197593465e-15
-3.732952543e-15
-5.30649862e-15
-4.477143901e-15
-4.463471108e-15
-6.072721249e-15
-7.451697436e-15
-6.624730062e-15
-6.267661554e-15
-4.108355174e-15
-5.893813752e-15
-9.330071837e-15
-7.272376874e-15
-6.590424418e-15
-8.215471603e-15
-7.466318521e-15
-6.540282539e-15
-5.748378302e-15
-7.793389518e-15
-1.054057008e-14
-7.483900732e-15
-9.256655404e-15
-1.108296375e-14
-7.263390495e-15
-6.249775076e-15
-5.374706736e-15
-7.502865398e-15
-7.343443846e-15
-6.753144348e-15
-6.582165744e-15
-6.742480195e-15
-7.466328255e-15
-6.997982744e-15
-8.871598623e-15
-5.822191686e-15
-5.41603312e-15
-6.169617594e-15
-5.443051216e-15
-7.437221485e-15
-8.097700209e-15
-6.974946988e-15
-5.39905087e-15
-2.675606484e-15
-3.812229286e-15
-5.233010357e-15
-2.588398164e-15
-4.64364166e-15
-6.276172419e-15
-3.907818954e-15
-4.351063466e-15
-2.003661278e-15
-3.512017349e-15
-5.206163954e-15
-2.568727e-15
-1.660239505e-15
-3.425840982e-15
-4.4101676e-15
-3.423648893e-15
-4.029379366e-15
-2.707311672e-15
-3.992937939e-15
-3.963190062e-15
-1.527790821e-15
-3.930033117e-15
-4.937625715e-15
-3.656997654e-15
-3.888427353e-15
-3.454510631e-15
-3.119309106e-15
-2.0232432e-15
-4.518345146e-16
-6.244524286e-16
-6.290960471e-16
-5.552872559e-16
-4.158946864e-16
2.129014744e-16
2.333711186e-16
2.146907209e-16
-6.795381069e-17
7.061702974e-16
7.623690123e-16
-1.62317181e-16
-5.186972188e-16
-8.740679248e-16
-5.018846534e-16
-7.018822007e-16
6.757058864e-17
5.045950854e-16
-2.867830137e-16
-1.282418886e-15
-1.567970859e-15
-3.737725195e-16
2.91261495e-16
-6.487930223e-17
4.201110187e-16
1.277013282e-15
1.252106517e-15
1.917128909e-15
1.617883248e-15
1.19860428e-15
8.507140751e-16
1.436079088e-15
1.074235711e-15
1.561846481e-15
1.732005269e-15
1.558319842e-15
1.448822857e-15
8.443504473e-16
1.890217153e-15
8.776560962e-16
3.60167312e-16
9.019920749e-16
3.049390343e-16
-8.385477938e-17
-2.701439418e-16
-2.118044968e-16
4.582927989e-16
4.390040517e-16
-1.850369405e-16
-2.54089425e-16
7.139171615e-16
2.182613354e-16
3.866161129e-16
1.243070293e-15
9.551649428e-16
2.23991755e-15
1.935097701e-15
8.722836942e-16
3.525505129e-16
1.099003765e-15
1.732655835e-15
1.356312374e-15
1.588601042e-15
1.190188926e-15
1.344567607e-15
1.238005853e-15
-5.498458661e-16
9.975880861e-16
2.00919895e-15
-6.388213986e-17
-2.28040044e-16
1.101442667e-15
9.13823013e-17
-1.666372109e-15
-7.975395878e-16
-1.162966398e-16
4.676596438e-16
-9.652209629e-16
-1.772832549e-15
-1.422968723e-15
-5.658881667e-16
1.423055323e-15
-8.697590891e-16
-2.561087375e-15
-1.567537314e-15
2.142218091e-16
-9.711531723e-16
-2.802057621e-16
-5.924070783e-16
-1.570450155e-15
-1.356194399e-15
-9.856801668e-16
-5.696507923e-16
-8.889982432e-16
-7.118264148e-16
-1.010958338e-15
-8.47143378e-16
-9.172275488e-16
-1.640034112e-15
-6.218132566e-16
-7.170645674e-16
-5.765532552e-16
-1.493436854e-15
-2.110389432e-15
-3.282887064e-15
-3.880895155e-15
-3.67450727e-15
-4.452822066e-15
-3.807781736e-15
-2.014365483e-15
-2.914364967e-15
-4.505697656e-15
-3.72634419e-15
-2.038511223e-15
-2.885039882e-15
-3.743635774e-15
-3.548333312e-15
-3.825070946e-15
-5.051807359e-15
-5.926949334e-15
-3.956313072e-15
-4.54557964e-15
-5.583254855e-15
-5.724450276e-15
-7.482916818e-15
-5.673282584e-15
-5.319786939e-15
-5.651185349e-15
-2.984698904e-15
-3.587120912e-15
-3.224577059e-15
-3.572162479e-15
-4.916184731e-15
-4.825952899e-15
-4.784568198e-15
-6.176664326e-15
-7.432011562e-15
-7.207974878e-15
-6.846411373e-15
-4.153501533e-15
-5.656552632e-15
-9.27691872e-15
-7.315653172e-15
-6.700768135e-15
-7.984674155e-15
-7.313891409e-15
-6.795404741e-15
-5.118265415e-15
-7.743406843e-15
-1.084409252e-14
-7.540097911e-15
-9.018673228e-15
-1.083049726e-14
-7.58074189e-15
-6.375247626e-15
-5.35700726e-15
-7.337999214e-15
-7.159026813e-15
-6.912937204e-15
-6.747672206e-15
-6.831960925e-15
-7.877818201e-15
-7.192429554e-15
-8.618509133e-15
-5.759629241e-15
-5.19144341e-15
-6.487669994e-15
-5.269453359e-15
-6.726427653e-15
-7.949227686e-15
-7.02462515e-15
-5.722973358e-15
-2.55967759e-15
-4.224220732e-15
-5.791711159e-15
-2.438381931e-15
-4.538009246e-15
-6.298113881e-15
-4.11382e-15
-4.328390894e-15
-1.503695069e-15
-3.684272649e-15
-5.199901396e-15
-2.740401665e-15
-1.423771449e-15
-3.070236655e-15
-4.765102592e-15
-3.867325576e-15
-4.115549823e-15
-2.540728264e-15
-3.705909081e-15
-4.351975106e-15
-2.080897608e-15
-3.167979457e-15
-4.706133028e-15
-3.985028278e-15
-3.418487858e-15
-3.396859713e-15
-2.927500186e-15
-1.554705332e-15
-7.591787684e-16
-7.433624092e-16
-9.594453109e-16
-2.437162204e-16
-3.561868474e-16
1.086077897e-16
5.223070103e-16
3.063467509e-16
-2.354033455e-16
1.010485437e-15
6.732564261e-16
4.913543722e-17
-3.41392673e-16
-1.041416285e-15
-4.93477763e-16
-5.42914914e-16
-1.005569981e-16
3.278866953e-16
-6.451234843e-16
-1.085280496e-15
-1.025727221e-15
-5.488337077e-16
2.255947319e-16
6.79828764e-17
3.665464574e-16
8.983079845e-16
1.173452913e-15
2.084586216e-15
1.499313236e-15
1.055769443e-15
6.266529846e-16
1.431963221e-15
8.656016966e-16
1.694094458e-15
2.0477805e-15
1.796177959e-15
1.230777821e-15
3.229368297e-16
2.336415762e-15
1.479353053e-15
2.404930682e-16
5.192225376e-16
4.164586465e-17
-2.399461979e-16
-7.10569571e-16
-1.339086701e-17
6.874500259e-16
4.88210598e-16
1.20847509e-17
-2.685404032e-16
4.077640374e-16
6.955018402e-17
6.448252199e-16
1.447746917e-15
8.391868491e-16
1.79618414e-15
1.990890729e-15
1.555733084e-15
3.569035194e-16
1.129761939e-15
1.391622166e-15
1.227776636e-15
1.806885128e-15
1.240753169e-15
1.109609607e-15
1.223208488e-15
-3.130418763e-16
1.218942336e-15
1.355925034e-15
-2.639350584e-18
-4.605503692e-17
9.712292147e-16
3.029227425e-16
-1.718650504e-15
-5.049916272e-16
8.435073716e-17
4.726342999e-16
-8.003036349e-16
-1.7948322e-15
-1.677489731e-15
-3.054658559e-16
6.078162058e-16
-6.708867186e-16
-1.991106153e-15
-1.748134509e-15
-4.5267534e-16
-3.564985212e-16
-2.813700934e-16
-8.677556798e-16
-1.848657613e-15
-1.116785663e-15
-7.838485768e-16
-2.930506662e-16
-9.144529185e-16
-8.964436238e-16
-6.238525045e-16
-6.61769424e-16
-9.334710701e-16
-1.596159609e-15
-7.34135759e-16
-4.880642716e-16
-2.678289496e-16
-1.642874948e-15
-2.634242892e-15
-2.751997619e-15
-3.346259662e-15
-4.578594757e-15
-5.295232575e-15
-3.516147075e-15
-2.045595707e-15
-2.307684746e-15
-4.02811048e-15
-4.634774295e-15
-2.325370226e-15
-2.525483605e-15
-3.714279328e-15
-3.945147598e-15
-3.766000907e-15
-4.454336291e-15
-5.272647707e-15
-4.559731627e-15
-4.944635758e-15
-5.3252646e-15
-5.48758929e-15
-7.349421902e-15
-5.626586206e-15
-5.110249241e-15
-5.449863712e-15
-3.413146844e-15
-4.076246212e-15
-2.660627524e-15
-3.698287791e-15
-5.053589841e-15
-4.885446488e-15
-4.593690485e-15
-5.611668241e-15
-7.624746597e-15
-7.974141173e-15
-6.829098097e-15
-3.882914955e-15
-5.697446524e-15
-9.488219826e-15
-7.52432124e-15
-6.562233222e-15
-7.627949382e-15
-7.409220918e-15
-7.405829095e-15
-4.726031049e-15
-7.817959067e-15
-1.087255945e-14
-7.567803361e-15
-8.745316082e-15
-1.057839296e-14
-7.283281475e-15
-6.6381138e-15
-5.290715769e-15
-7.337877652e-15
-7.527538785e-15
-7.02326747e-15
-7.018806349e-15
-6.622760715e-15
-8.048087557e-15
-7.5043296e-15
-7.601837339e-15
-5.576829845e-15
-5.223836507e-15
-6.797022216e-15
-4.899316226e-15
-6.727412194e-15
-7.992583741e-15
-6.911698085e-15
-5.546690379e-15
-2.180712813e-15
-5.022628713e-15
-6.550019128e-15
-2.258848383e-15
-4.337709744e-15
-6.680960531e-15
-4.038287147e-15
-3.767515827e-15
-1.779344637e-15
-3.712435746e-15
-4.974188064e-15
-2.924223825e-15
-1.165443242e-15
-2.87867217e-15
-5.313523892e-15
-3.847727424e-15
-3.999838466e-15
-2.396415677e-15
-3.478220033e-15
-4.341645762e-15
-2.34263046e-15
-3.176924636e-15
-5.262727096e-15
-4.315048142e-15
-4.077564336e-15
-3.433282573e-15
-2.560994687e-15
-1.296498934e-15
-1.142532574e-15
-8.188936581e-16
-6.833610016e-16
-1.603168515e-16
-7.58174941e-17
-3.770099162e-17
-9.236672211e-17
-1.968053734e-17
2.166618717e-16
1.098718051e-15
4.770219986e-16
2.702305396e-16
-2.299012984e-16
-1.128084127e-15
-3.102499258e-16
-6.361587288e-16
-3.842564678e-16
6.554868189e-17
-5.241935847e-16
-8.582189618e-16
-9.155492122e-16
-4.500185217e-16
3.617184542e-16
3.566236993e-16
-1.11823473e-17
4.927130353e-16
1.269257895e-15
1.988123225e-15
1.137863058e-15
1.168568851e-15
9.734488449e-16
1.489682958e-15
7.63649609e-16
1.51855272e-15
1.659022202e-15
1.478692195e-15
1.802669169e-15
3.74173845e-16
2.291174367e-15
2.046256242e-15
3.912125267e-16
1.358440229e-16
-4.328112809e-16
-4.628772275e-16
-6.177402666e-16
1.910367305e-16
3.902734452e-16
3.670257021e-16
6.568718499e-17
2.595980827e-16
3.176412212e-16
-3.458598589e-16
8.46076825e-16
1.290443389e-15
8.096019536e-16
1.401126285e-15
2.397345381e-15
1.992620631e-15
3.238834938e-17
1.240482141e-15
1.581464822e-15
8.320252471e-16
1.852639441e-15
1.391295408e-15
1.086797402e-15
1.449106176e-15
-2.894767125e-16
1.304000331e-15
1.095480669e-15
-1.276462761e-16
3.325434331e-16
9.990214653e-16
8.406403161e-17
-1.613958689e-15
-2.986899418e-16
7.990784166e-17
5.217285819e-16
-8.162671631e-16
-1.901140829e-15
-1.396174434e-15
-2.738821779e-16
3.770847311e-17
-1.06074099e-15
-1.655478172e-15
-1.626223364e-15
-7.795370805e-16
-7.471840626e-17
1.486725367e-16
-7.866051971e-16
-1.922801955e-15
-1.15941207e-15
-1.01817841e-15
-1.183073108e-16
-7.621271668e-16
-8.85335226e-16
-1.185084602e-15
-7.943651912e-16
-7.601647576e-16
-1.458837461e-15
-7.219518666e-16
-2.428145587e-16
-2.257860321e-16
-1.879844279e-15
-2.885221259e-15
-2.286052902e-15
-3.245160739e-15
-4.80504255e-15
-5.159201089e-15
-3.651688514e-15
-2.388048543e-15
-2.210722612e-15
-3.997415667e-15
-4.666980857e-15
-2.609466798e-15
-2.637202181e-15
-3.773596933e-15
-3.383238039e-15
-3.245712067e-15
-4.304038678e-15
-5.597235912e-15
-5.050440494e-15
-5.03271088e-15
-5.225094152e-15
-5.198621077e-15
-6.927013174e-15
-6.031788616e-15
-5.259928212e-15
-5.094703661e-15
-3.333732669e-15
-3.970513869e-15
-2.854838474e-15
-4.26152876e-15
-4.636667556e-15
-4.6868754e-15
-4.506843848e-15
-5.677405057e-15
-7.675767213e-15
-7.708099903e-15
-6.823347324e-15
-4.214028693e-15
-5.912443867e-15
-9.240139548e-15
-7.796715904e-15
-6.928884766e-15
-7.531477056e-15
-7.079801832e-15
-7.361270548e-15
-5.26991458e-15
-8.030285781e-15
-1.041469234e-14
-7.539630025e-15
-8.436729721e-15
-9.856323375e-15
-7.315466986e-15
-6.626587919e-15
-5.365964003e-15
-7.61484221e-15
-7.811746101e-15
-7.064417341e-15
-6.865364923e-15
-6.44043815e-15
-7.854723273e-15
-7.679659336e-15
-7.795350917e-15
-5.392687843e-15
-5.506940556e-15
-7.234955649e-15
-4.387724913e-15
-6.380414492e-15
-7.988544188e-15
-6.292052095e-15
-5.420264801e-15
-2.205835048e-15
-5.408034109e-15
-6.876438737e-15
-2.462986542e-15
-4.487929119e-15
-6.244465134e-15
-3.765634437e-15
-3.816117255e-15
-1.737627061e-15
-4.039079027e-15
-5.066836008e-15
-2.747493933e-15
-1.584043827e-15
-3.249327039e-15
-5.23494597e-15
-3.780513267e-15
-3.828265681e-15
-2.212791252e-15
-3.512415719e-15
-3.896441783e-15
-2.79403027e-15
-3.707655845e-15
-4.295469052e-15
-3.795937638e-15
-4.817588121e-15
-3.603003272e-15
-2.444211567e-15
-1.287425337e-15
-1.599962031e-15
-7.294260108e-16
-3.756213975e-16
-8.372731777e-16
2.400497144e-17
3.099775873e-16
-4.549864997e-16
1.274549505e-16
7.269084924e-16
6.94447448e-16
-5.715798021e-17
5.814802424e-16
-3.892872412e-17
-1.000301271e-15
-2.257404589e-16
-7.364239606e-16
-9.107464705e-17
1.901527706e-16
-1.088856706e-15
-8.817026702e-16
-6.958612496e-16
-2.693738587e-16
4.560582334e-16
4.630999297e-16
-1.729143762e-16
4.797341512e-16
1.704618308e-15
1.752618739e-15
1.144524202e-15
1.127424727e-15
5.840336839e-16
1.602491754e-15
6.843410961e-16
1.560910349e-15
1.888102846e-15
1.509642419e-15
1.850398131e-15
9.815695974e-16
1.689229948e-15
1.543617743e-15
6.743328381e-16
4.666935253e-17
-1.02608475e-17
-3.226237322e-17
-6.226836571e-16
6.617790194e-17
6.549717449e-17
3.358896148e-16
-5.768839482e-16
2.320020294e-16
1.070739345e-15
1.910135551e-16
-2.732967859e-17
1.165643998e-15
1.315520309e-15
1.095809524e-15
2.495363868e-15
1.951916522e-15
-1.324642254e-16
1.362798331e-15
1.468086235e-15
8.6222434e-16
1.920174311e-15
1.434928779e-15
1.471831183e-15
1.415844245e-15
-7.319800098e-16
1.012277167e-15
8.874332221e-16
9.650143121e-17
7.706476543e-16
1.070696194e-15
6.436113349e-17
-1.724864689e-15
-6.46986228e-16
3.358243602e-16
2.848480972e-16
-1.002607002e-15
-1.485252339e-15
-1.291862518e-15
-8.735671268e-16
2.908341361e-16
-8.759403746e-16
-1.214307629e-15
-1.155662959e-15
-1.080077609e-15
-4.662163914e-16
1.737072596e-16
-7.567848478e-16
-1.687029466e-15
-1.425738083e-15
-1.673700511e-15
-1.991671705e-16
-1.761459296e-16
-4.538977818e-16
-1.609268024e-15
-1.109009892e-15
-6.439782138e-16
-9.982078928e-16
-4.941734006e-16
-4.745737392e-16
-6.955150463e-16
-1.946851806e-15
-2.776549636e-15
-2.413495851e-15
-3.200294636e-15
-4.263963236e-15
-4.847773207e-15
-4.0496623e-15
-2.57791108e-15
-2.400441016e-15
-3.702464343e-15
-4.529929772e-15
-3.172207116e-15
-2.793377071e-15
-3.347754782e-15
-3.257661833e-15
-2.929085562e-15
-4.38179248e-15
-6.059011431e-15
-5.08780842e-15
-5.330547329e-15
-4.986233556e-15
-4.819448921e-15
-6.500630309e-15
-6.185756658e-15
-5.331170123e-15
-5.066850185e-15
-3.480791105e-15
-3.454083359e-15
-3.177669122e-15
-4.834389739e-15
-4.35364099e-15
-4.444889568e-15
-4.90679832e-15
-5.681880429e-15
-7.43976016e-15
-7.345436962e-15
-6.867674334e-15
-4.598281777e-15
-6.009200636e-15
-8.730656578e-15
-7.89733091e-15
-7.474560873e-15
-7.766926128e-15
-6.829788531e-15
-7.16391042e-15
-6.08100099e-15
-8.059729999e-15
-9.641557486e-15
-7.691154541e-15
-8.59975878e-15
-9.375644528e-15
-7.109801869e-15
-6.564962373e-15
-5.876085875e-15
-7.575611535e-15
-7.673530804e-15
-7.328664535e-15
-6.790019976e-15
-6.332505926e-15
-7.709182896e-15
-7.485596817e-15
-7.783296006e-15
-5.518642639e-15
-5.942665412e-15
-6.897380449e-15
-4.047954035e-15
-6.336308895e-15
-8.004689434e-15
-6.039131197e-15
-5.076216853e-15
-2.901734767e-15
-5.73884488e-15
-6.598133179e-15
-2.899397804e-15
-4.745527265e-15
-5.907945512e-15
-3.736415707e-15
-3.772204752e-15
-1.68103847e-15
-3.70406222e-15
-5.052592689e-15
-2.773569499e-15
-1.561536022e-15
-3.761383024e-15
-5.009271993e-15
-3.733953326e-15
-4.267521927e-15
-2.331342296e-15
-2.8638414e-15
-3.376491716e-15
-3.312730346e-15
-4.194354504e-15
-3.264399951e-15
-3.567174351e-15
-4.070212586e-15
-3.429760653e-15
-2.668410629e-15
-1.088909941e-15
-1.512254562e-15
-9.167231049e-16
-2.934709917e-16
-3.623430602e-16
-3.096435495e-18
-1.275556184e-16
-4.646471802e-16
4.366664212e-16
5.644008367e-16
-3.634148554e-17
-1.937951817e-17
9.935377125e-16
2.288630372e-17
-1.148498438e-15
-2.833946309e-16
-7.530848247e-16
2.751609065e-16
5.674011706e-16
-1.318018126e-15
-1.388953973e-15
-9.729208969e-16
1.777862331e-16
6.796926017e-16
3.848952868e-16
-6.508451524e-17
6.026559486e-16
1.505284189e-15
1.787123598e-15
1.469054298e-15
1.039285791e-15
4.990610629e-16
1.221394479e-15
6.064109027e-16
1.653179913e-15
2.453573931e-15
1.990552486e-15
1.111625033e-15
9.32277033e-16
1.791121276e-15
1.127232462e-15
5.547039736e-16
-5.669466866e-17
3.644848058e-16
2.90715494e-16
-7.231190228e-16
-6.399921122e-18
2.851994459e-16
3.311516122e-16
-6.59211517e-16
5.03215542e-17
1.121571148e-15
-1.39136621e-16
1.203626442e-16
1.885497569e-15
1.499335392e-15
1.156292441e-15
1.879593034e-15
2.034013941e-15
2.672852769e-16
8.7311343e-16
1.538712892e-15
9.620849487e-16
1.735913527e-15
9.03872588e-16
1.438169292e-15
1.486899437e-15
-9.253059329e-16
1.026198127e-15
1.205972057e-15
6.125984414e-16
8.257769209e-17
3.776536408e-16
5.773293965e-16
-1.362905177e-15
-8.04149912e-16
6.929739207e-16
2.926583631e-16
-1.053208788e-15
-1.380590004e-15
-1.704434179e-15
-9.0468959e-16
6.331198263e-16
-5.320886111e-16
-9.032335369e-16
-1.206286348e-15
-9.883092823e-16
-4.976109753e-16
-5.703748977e-16
-1.621591145e-15
-1.401147157e-15
-8.205405952e-16
-1.71289773e-15
-5.192037073e-17
2.461353327e-16
-1.107978894e-15
-1.820768753e-15
-5.747168285e-16
-6.52878779e-16
-1.213230896e-15
-6.575020937e-16
-2.189958142e-16
-4.520513579e-16
-2.160172656e-15
-2.856382252e-15
-2.359040867e-15
-3.322412461e-15
-4.541770151e-15
-4.657302855e-15
-3.650730291e-15
-2.551882809e-15
-2.72454289e-15
-4.190849879e-15
-4.468588482e-15
-2.617214504e-15
-2.841453385e-15
-3.984456406e-15
-3.401636636e-15
-2.647075671e-15
-3.894567975e-15
-5.732043394e-15
-5.319520132e-15
-5.138988306e-15
-5.450511112e-15
-5.235971135e-15
-6.206824344e-15
-5.95978288e-15
-5.161849562e-15
-5.115483933e-15
-3.71795319e-15
-3.129144649e-15
-3.351953446e-15
-5.887227747e-15
-4.791254003e-15
-3.846574871e-15
-4.621470241e-15
-5.277318229e-15
-7.274369794e-15
-7.467673774e-15
-6.161124279e-15
-5.334569696e-15
-7.139180788e-15
-8.527362839e-15
-7.20099365e-15
-7.271735016e-15
-6.90730795e-15
-7.34624926e-15
-7.88848103e-15
-5.943696813e-15
-8.459327155e-15
-9.532321507e-15
-7.09568297e-15
-8.526454182e-15
-9.175331592e-15
-6.977919933e-15
-6.453688687e-15
-6.544847401e-15
-8.255061729e-15
-7.637300765e-15
-7.020082776e-15
-6.8521137e-15
-5.993134031e-15
-7.901290082e-15
-7.836087949e-15
-6.631911356e-15
-5.348245464e-15
-6.684824344e-15
-7.197369941e-15
-4.478292611e-15
-6.355764724e-15
-7.231022903e-15
-5.519140488e-15
-4.916352819e-15
-3.314033432e-15
-6.364270279e-15
-6.732489116e-15
-3.25630583e-15
-4.819981169e-15
-5.588905796e-15
-3.287137167e-15
-3.264206141e-15
-2.725656783e-15
-4.034752581e-15
-4.111489705e-15
-2.573354246e-15
-1.884808858e-15
-3.303087048e-15
-5.024010035e-15
-4.068308022e-15
-3.773757927e-15
-2.632816777e-15
-3.325128104e-15
-4.31167005e-15
-2.841334656e-15
-3.063415073e-15
-3.890866971e-15
-4.494857414e-15
-2.69909661e-15
-3.719022502e-15
-2.971083796e-15
-1.216057457e-15
-1.102249254e-15
-4.614316706e-16
-5.224495002e-16
2.526979095e-16
4.926934336e-16
-6.183680293e-16
-2.547283758e-16
-2.023512751e-16
-2.740988327e-16
-2.859885248e-17
3.159622771e-16
1.146972408e-15
-2.569267122e-16
-8.337230581e-16
-1.69415118e-16
-8.239895504e-16
-1.690006612e-16
6.537020907e-16
-1.188047478e-15
-1.115389024e-15
-5.533966122e-16
-1.821980931e-16
-1.964307692e-16
-1.807887054e-17
4.785706543e-16
8.195427835e-16
1.338306718e-15
1.705427158e-15
1.490755439e-15
1.001438987e-15
1.035881408e-15
7.307741325e-16
4.082876213e-16
1.917639169e-15
2.480237858e-15
1.945171441e-15
1.432887316e-15
8.315365204e-16
5.93997836e-16
1.089376527e-15
1.152360647e-15
3.334412304e-16
7.842428838e-17
3.868537766e-16
-5.11458931e-16
-2.168229672e-16
9.44450728e-16
5.454542768e-16
-8.936173111e-16
-1.78081835e-16
1.055376573e-15
-2.940702174e-16
3.12690023e-16
2.5171473e-15
1.497458295e-15
1.11364307e-15
1.501719586e-15
1.249905537e-15
7.724853175e-16
1.240374807e-15
1.441299439e-15
1.362810272e-15
1.334171598e-15
2.118233077e-16
1.367221532e-15
1.594545965e-15
-5.407718174e-16
1.045369655e-15
1.333234119e-15
3.805837772e-16
1.427165766e-16
1.920711208e-16
5.801543179e-17
-9.078946466e-16
-6.319286137e-16
7.554005484e-16
2.568689308e-17
-1.156658962e-15
-1.063318789e-15
-1.460711966e-15
-5.951112691e-16
-8.340981061e-17
-1.057298277e-15
-1.090877075e-15
-1.207423592e-15
-8.82190368e-16
-3.887672602e-16
-6.644859982e-16
-1.437801858e-15
-1.011281512e-15
-6.042250037e-16
-1.046631121e-15
2.090618457e-17
-3.263205722e-16
-1.214566121e-15
-2.300320292e-15
-7.025648256e-16
3.020143301e-17
-1.367184387e-15
-1.637115332e-15
3.693406969e-17
-1.792570916e-16
-2.41237285e-15
-3.180734742e-15
-2.154339607e-15
-2.614231995e-15
-4.604209827e-15
-4.714064281e-15
-4.200942858e-15
-2.328175616e-15
-2.221143971e-15
-4.280020137e-15
-5.189516234e-15
-2.698647145e-15
-1.780323636e-15
-3.811411253e-15
-4.551877288e-15
-2.945931606e-15
-3.427005343e-15
-5.399363979e-15
-5.806209072e-15
-4.806061162e-15
-4.64695101e-15
-5.784517414e-15
-7.112756118e-15
-5.629986573e-15
-4.200151212e-15
-4.514475531e-15
-4.68141493e-15
-3.294792137e-15
-2.840324628e-15
-5.800923322e-15
-5.090147264e-15
-4.496611827e-15
-4.409796607e-15
-5.181061865e-15
-7.335232424e-15
-7.01400802e-15
-5.543553376e-15
-6.035400153e-15
-8.170827023e-15
-7.794619149e-15
-6.437602787e-15
-7.638637189e-15
-7.311272989e-15
-6.593006584e-15
-6.542663275e-15
-6.917758564e-15
-9.770644429e-15
-9.785314236e-15
-7.019111188e-15
-7.525606111e-15
-8.346479441e-15
-7.956114729e-15
-6.707751652e-15
-6.383635562e-15
-8.33519772e-15
-8.056598069e-15
-7.616387519e-15
-6.17898053e-15
-5.606969758e-15
-7.518584015e-15
-7.805692351e-15
-6.522974282e-15
-5.446829779e-15
-7.187685082e-15
-6.730676556e-15
-4.858929797e-15
-6.708083898e-15
-6.51874992e-15
-5.935820076e-15
-4.605513267e-15
-3.443523538e-15
-5.95783469e-15
-5.883175501e-15
-4.268278865e-15
-4.915796968e-15
-4.945705173e-15
-4.107775283e-15
-3.098703757e-15
-2.689142038e-15
-4.67663259e-15
-3.70435935e-15
-3.294079827e-15
-2.06198772e-15
-2.526884126e-15
-4.705639397e-15
-4.850221542e-15
-3.15364587e-15
-2.379945994e-15
-4.231738954e-15
-4.583826953e-15
-2.727287414e-15
-2.702332231e-15
-4.498758156e-15
-4.245352518e-15
-2.301832131e-15
-3.073126339e-15
-3.500503456e-15
-1.839707811e-15
-8.923888698e-16
8.354017558e-17
-1.144981658e-15
-8.723492394e-16
1.191560001e-15
-4.399325316e-16
-4.616621348e-16
5.518031121e-16
-1.444754255e-16
-5.323575429e-16
2.684125818e-16
1.174822428e-15
-1.043199678e-15
8.649299011e-17
3.716609501e-16
-1.439123418e-15
-9.486683617e-17
8.424741693e-16
-2.041773849e-15
-1.112954313e-15
5.746747153e-16
-1.860097529e-16
-3.450946764e-16
-5.417101688e-16
9.827699827e-16
1.289527083e-15
1.379436696e-15
1.690766059e-15
5.944009463e-16
4.835540938e-16
1.730481461e-15
1.280315586e-15
7.697416119e-16
1.623050752e-15
1.438372166e-15
1.369813733e-15
2.606742789e-15
1.452302908e-15
-2.294891437e-16
1.494435677e-15
1.155625564e-15
-2.165148204e-16
-2.631091108e-16
6.465664237e-16
-8.686388726e-17
-2.23294649e-16
9.85224188e-16
4.446782391e-16
-9.367882841e-16
-2.551773471e-16
1.020658787e-15
-4.174824624e-16
6.271147622e-16
2.6540886e-15
1.46449907e-15
1.164893559e-15
1.380832387e-15
9.019812502e-16
1.021873182e-15
1.741340009e-15
1.381777843e-15
1.200826559e-15
7.826557684e-16
-1.752712942e-16
1.589191524e-15
1.91569678e-15
-7.148651308e-17
7.649391277e-16
8.687460152e-16
5.285456934e-16
1.000516004e-15
-4.415142751e-16
-1.060801374e-15
6.564780076e-16
5.554759202e-16
2.067017559e-17
-1.463097632e-15
-1.18645878e-15
3.118987215e-16
-7.879046449e-16
-1.012591656e-15
-1.102747353e-15
-1.586609478e-15
-1.064706092e-15
-6.692818068e-16
-1.190173046e-15
-9.167278921e-16
-2.466482609e-16
-6.424021546e-16
-1.071403993e-15
-9.072680128e-16
-3.204589619e-16
-2.609504973e-16
-8.271652509e-16
-9.636045618e-16
-2.095998544e-15
-1.420023686e-15
-1.505376829e-16
-5.128280507e-16
-1.393819014e-15
-7.719945907e-16
-1.012685063e-15
-1.704468991e-15
-2.684144325e-15
-2.842218917e-15
-2.623757564e-15
-3.646586238e-15
-4.751548575e-15
-4.724256766e-15
-2.312750544e-15
-2.118148367e-15
-3.415160341e-15
-5.171228152e-15
-3.875756432e-15
-1.357630945e-15
-2.543528976e-15
-5.053365597e-15
-3.934540817e-15
-3.26141178e-15
-5.144478208e-15
-6.262065095e-15
-5.024899698e-15
-4.10578523e-15
-6.384453045e-15
-7.315286964e-15
-4.91156655e-15
-3.925912712e-15
-3.86542782e-15
-4.957202516e-15
-3.392313841e-15
-3.393817076e-15
-5.76515509e-15
-5.674658923e-15
-4.772730262e-15
-3.61415801e-15
-5.623639877e-15
-6.539260614e-15
-6.355980071e-15
-5.549573171e-15
-6.685483053e-15
-8.45853639e-15
-7.130581701e-15
-6.975733504e-15
-7.278194148e-15
-7.289753096e-15
-6.412537077e-15
-5.612975971e-15
-8.356599837e-15
-1.011651455e-14
-9.080073966e-15
-7.586989179e-15
-6.861202653e-15
-7.563315928e-15
-8.769837454e-15
-7.15382281e-15
-6.487274946e-15
-7.945426614e-15
-9.012991317e-15
-8.012836075e-15
-5.473269245e-15
-5.358864411e-15
-7.359255893e-15
-7.771776409e-15
-5.605776465e-15
-6.244844545e-15
-7.068578467e-15
-6.174764764e-15
-6.581733847e-15
-6.486498314e-15
-6.061134239e-15
-6.250853352e-15
-3.225466406e-15
-4.822282263e-15
-6.515279552e-15
-4.626608676e-15
-5.474316907e-15
-4.752925251e-15
-3.964066046e-15
-4.387147043e-15
-1.972046524e-15
-3.402972956e-15
-5.077781007e-15
-3.558260255e-15
-3.7638211e-15
-2.281601688e-15
-3.011562966e-15
-3.765382379e-15
-3.935530531e-15
-3.600161814e-15
-3.062105907e-15
-4.198130685e-15
-4.150909936e-15
-2.92298627e-15
-2.432056711e-15
-4.461442636e-15
-4.958655621e-15
-2.215938722e-15
-3.172003701e-15
-3.130263552e-15
-8.872886595e-16
-2.558986614e-16
1.098207365e-15
-1.380955901e-15
-2.08911428e-15
1.036243831e-15
-4.453946422e-16
-1.224139757e-15
1.14172682e-15
1.224318381e-16
-1.405262778e-15
1.354246271e-15
1.345667719e-15
-9.33410716e-16
5.108551013e-16
6.515357183e-17
-2.10637893e-15
-8.708935928e-16
1.181410236e-15
-2.224824403e-15
-1.682822508e-15
8.078259614e-16
4.9342512e-16
4.170756569e-16
-4.186945315e-16
8.160532554e-16
1.912376093e-15
2.178897033e-15
8.202791926e-16
-2.558326616e-16
1.277210055e-16
2.078944645e-15
2.516560492e-15
8.364421378e-16
3.059908982e-16
1.519888916e-15
1.414419531e-15
2.341689975e-15
2.54693902e-15
1.907234175e-17
1.098042579e-15
1.527100324e-15
-5.951940516e-16
-9.358098824e-16
8.623400636e-16
3.688955596e-17
4.575591682e-16
6.591523484e-16
-3.992876814e-16
-4.85520929e-16
-3.074296387e-16
2.935846393e-16
3.562194818e-16
1.174575939e-15
1.841428832e-15
1.328595017e-15
1.117615195e-15
1.122018231e-15
1.65764233e-15
1.437075043e-15
1.075078355e-15
1.320403124e-15
1.03466465e-15
-1.888959943e-16
6.215354302e-16
2.338632205e-15
1.768362798e-15
1.402875054e-15
5.631663254e-16
-9.164373962e-16
9.943772111e-16
2.155759969e-15
-6.937456829e-16
-2.574988516e-15
1.334559375e-18
2.123487843e-15
-4.377177703e-16
-2.754047531e-15
-5.990578928e-16
6.768581886e-16
-1.192713294e-15
1.922980783e-16
-1.852721687e-15
-1.936328059e-15
-1.530806142e-16
-7.749378647e-16
-1.822654683e-15
-7.8175209e-16
1.048830578e-15
-5.451738283e-16
-2.795683428e-15
-1.857675821e-15
1.227553664e-15
-6.411059565e-16
-1.585193228e-15
7.329936831e-17
-1.81047104e-15
-2.597025225e-15
-7.31034237e-16
1.450218069e-15
-6.959937434e-17
-2.743220673e-15
-2.979764639e-15
1.384742819e-16
-7.076575592e-16
-4.543534829e-15
-3.377399028e-15
-3.507383753e-15
-3.55150523e-15
-3.55774638e-15
-4.040441342e-15
-3.036810311e-15
-2.688886492e-15
-4.242668891e-15
-4.641350237e-15
-2.245337622e-15
-1.707909107e-15
-4.227885019e-15
-4.81831447e-15
-3.000634959e-15
-3.266285295e-15
-6.400848787e-15
-6.875732072e-15
-5.138919399e-15
-6.755583057e-15
-5.798217033e-15
-4.412333605e-15
-4.303183072e-15
-3.151314439e-15
-5.123699567e-15
-3.367713105e-15
-4.818867346e-15
-5.498440786e-15
-4.959997025e-15
-5.297983997e-15
-5.295950955e-15
-5.384822522e-15
-4.478873177e-15
-5.40734686e-15
-5.428685877e-15
-8.66208362e-15
-8.891239302e-15
-6.270549003e-15
-7.547694739e-15
-6.547144733e-15
-6.257441679e-15
-6.870614205e-15
-7.022099759e-15
-1.05946582e-14
-9.073305477e-15
-6.107592457e-15
-9.186233629e-15
-7.653228847e-15
-5.639453782e-15
-7.788034568e-15
-8.068863247e-15
-8.338576666e-15
-6.793605423e-15
-8.533536667e-15
-8.509568993e-15
-5.880751014e-15
-5.233585133e-15
-7.37098492e-15
-7.8055931e-15
-4.814774316e-15
-7.519407861e-15
-6.368850336e-15
-5.073464276e-15
-9.346114304e-15
-5.958491729e-15
-5.075596749e-15
-5.490478692e-15
-2.150601583e-15
-7.137696138e-15
-6.413479784e-15
-3.896416117e-15
-8.713102066e-15
-4.153462317e-15
-1.640043766e-15
-3.388461784e-15
-1.030255986e-15
-6.815278462e-15
-4.82153059e-15
-1.756984111e-16
-3.916546953e-15
-5.412862176e-15
-3.120147741e-15
-1.621923964e-15
-2.962869083e-15
-4.587548675e-15
-5.600833918e-15
-2.943071183e-15
-2.410409798e-15
-2.92511899e-15
-2.5095874e-15
-5.979764267e-15
-6.098381867e-15
)
;

boundaryField
{
    inlet
    {
        type            cyclic;
    }
    outlet
    {
        type            cyclic;
    }
    topWall
    {
        type            zeroGradient;
    }
    bottomWall
    {
        type            zeroGradient;
    }
    frontAndBack
    {
        type            empty;
    }
}


// ************************************************************************* //
