/*--------------------------------*- C++ -*----------------------------------*\
  =========                 |
  \\      /  F ield         | OpenFOAM: The Open Source CFD Toolbox
   \\    /   O peration     | Website:  https://openfoam.org
    \\  /    A nd           | Version:  10
     \\/     M anipulation  |
\*---------------------------------------------------------------------------*/
FoamFile
{
    format      ascii;
    class       volVectorField;
    location    "0";
    object      wallShearStress;
}
// * * * * * * * * * * * * * * * * * * * * * * * * * * * * * * * * * * * * * //

dimensions      [0 2 -2 0 0 0 0];

internalField   uniform (0 0 0);

boundaryField
{
    inlet
    {
        type            cyclic;
    }
    outlet
    {
        type            cyclic;
    }
    topWall
    {
        type            calculated;
        value           nonuniform List<vector> 
99
(
(-1.320988207e-05 0 0)
(-1.296432527e-05 0 0)
(-1.273017784e-05 -1.590428599e-22 0)
(-1.250667817e-05 0 0)
(-1.229312967e-05 -1.535821362e-22 0)
(-1.208889365e-05 0 0)
(-1.189338306e-05 0 0)
(-1.170605792e-05 0 0)
(-1.152642049e-05 -1.440025786e-22 0)
(-1.135401108e-05 0 0)
(-1.118840493e-05 0 0)
(-1.102920866e-05 -1.377903123e-22 0)
(-1.087605715e-05 0 0)
(-1.072861142e-05 0 0)
(-1.058964894e-05 0 0)
(-1.045310606e-05 0 0)
(-1.032143025e-05 0 0)
(-1.01943693e-05 0 0)
(-1.007168775e-05 0 0)
(-9.95316535e-06 0 0)
(-9.838596164e-06 0 0)
(-9.782878126e-06 0 0)
(-9.782878126e-06 0 0)
(-9.782878126e-06 0 0)
(-9.782878126e-06 0 0)
(-9.782878126e-06 0 0)
(-9.782878126e-06 0 0)
(-9.782878126e-06 0 0)
(-9.782878126e-06 0 0)
(-9.782878126e-06 0 0)
(-9.782878126e-06 0 0)
(-9.782878126e-06 0 0)
(-9.782878126e-06 0 0)
(-9.782878126e-06 0 0)
(-9.782878126e-06 0 0)
(-9.782878126e-06 0 0)
(-9.782878126e-06 0 0)
(-9.782878126e-06 0 0)
(-9.782878126e-06 0 0)
(-9.782878126e-06 0 0)
(-9.782878126e-06 0 0)
(-9.782878126e-06 0 0)
(-9.782878126e-06 0 0)
(-9.782878126e-06 0 0)
(-9.782878126e-06 0 0)
(-9.782878126e-06 0 0)
(-9.782878126e-06 0 0)
(-9.782878126e-06 0 0)
(-9.782878126e-06 0 0)
(-9.782878126e-06 0 0)
(-9.782878126e-06 0 0)
(-9.782878126e-06 0 0)
(-9.782878126e-06 0 0)
(-9.782878126e-06 0 0)
(-9.782878126e-06 0 0)
(-9.782878126e-06 0 0)
(-9.782878126e-06 0 0)
(-9.782878126e-06 0 0)
(-9.782878126e-06 0 0)
(-9.782878126e-06 0 0)
(-9.782878126e-06 0 0)
(-9.782878126e-06 0 0)
(-9.782878126e-06 0 0)
(-9.782878126e-06 0 0)
(-9.782878126e-06 0 0)
(-9.782878126e-06 0 0)
(-9.782878126e-06 0 0)
(-9.782878126e-06 0 0)
(-9.782878126e-06 0 0)
(-9.782878126e-06 0 0)
(-9.782878126e-06 0 0)
(-9.782878126e-06 0 0)
(-9.782878126e-06 0 0)
(-9.782878126e-06 0 0)
(-9.782878126e-06 0 0)
(-9.782878126e-06 0 0)
(-9.782878126e-06 0 0)
(-9.782878126e-06 0 0)
(-9.838596164e-06 0 0)
(-9.95316535e-06 0 0)
(-1.007168775e-05 0 0)
(-1.01943693e-05 0 0)
(-1.032143025e-05 0 0)
(-1.045310606e-05 0 0)
(-1.058964894e-05 0 0)
(-1.072861142e-05 0 0)
(-1.087605715e-05 0 0)
(-1.102920866e-05 1.377903123e-22 0)
(-1.118840493e-05 0 0)
(-1.135401108e-05 -1.418484516e-22 0)
(-1.152642049e-05 1.440025795e-22 0)
(-1.170605792e-05 0 0)
(-1.189338306e-05 0 0)
(-1.208889365e-05 0 0)
(-1.229312967e-05 1.535821373e-22 0)
(-1.250667817e-05 0 0)
(-1.273017784e-05 1.590428594e-22 0)
(-1.296432527e-05 0 0)
(-1.320988207e-05 0 0)
)
;
    }
    bottomWall
    {
        type            calculated;
        value           nonuniform List<vector> 
99
(
(-0.008195055179 -1.726967503e-22 0)
(-0.008409096342 -0.0001942522058 5.519529336e-24)
(-0.00893875864 -0.000692352709 -1.620938754e-22)
(-0.01012786851 -0.001266487559 9.640515805e-22)
(-0.01115403797 -0.001568689228 -0)
(-0.01153154349 -0.001659093164 -1.444044784e-21)
(-0.0113794517 -0.001642235595 -0)
(-0.01084358223 -0.001564932739 9.316955352e-22)
(-0.01017294683 -0.001466604234 -1.723451224e-21)
(-0.009605688452 -0.001382290081 4.014889843e-22)
(-0.009138529699 -0.001312561291 4.224085292e-30)
(-0.008753602526 -0.001255501908 8.040119917e-30)
(-0.008409391096 -0.001204483821 -3.436664883e-22)
(-0.008008213589 -0.00114139851 3.215791389e-22)
(-0.007544961556 -0.001061480682 1.168927193e-21)
(-0.007036130003 -0.0009597748976 -2.555641635e-22)
(-0.00651557316 -0.0008298241908 4.238860569e-22)
(-0.0060664682 -0.0006799172201 5.001084697e-22)
(-0.005720379068 -0.0005107721085 -1.813171636e-22)
(-0.005495983099 -0.0003203745619 -3.691479867e-23)
(-0.005416080249 -0.0001104472617 -9.407685227e-24)
(-0.005431454453 0 0)
(-0.005431454453 0 0)
(-0.005431454453 0 0)
(-0.005431454453 0 0)
(-0.005431454453 0 0)
(-0.005431454453 0 0)
(-0.005431454453 0 0)
(-0.005431454453 0 0)
(-0.005431454453 0 0)
(-0.005431454453 0 0)
(-0.005431454453 0 0)
(-0.005431454453 0 0)
(-0.005431454453 0 0)
(-0.005431454453 0 0)
(-0.005431454453 0 0)
(-0.005431454453 0 0)
(-0.005431454453 0 0)
(-0.005431454453 0 0)
(-0.005431454453 0 0)
(-0.005431454453 0 0)
(-0.005431454453 0 0)
(-0.005431454453 0 0)
(-0.005431454453 0 0)
(-0.005431454453 0 0)
(-0.005431454453 0 0)
(-0.005431454453 0 0)
(-0.005431454453 0 0)
(-0.005431454453 0 0)
(-0.005431454453 0 0)
(-0.005431454453 0 0)
(-0.005431454453 0 0)
(-0.005431454453 0 0)
(-0.005431454453 0 0)
(-0.005431454453 0 0)
(-0.005431454453 0 0)
(-0.005431454453 0 0)
(-0.005431454453 0 0)
(-0.005431454453 0 0)
(-0.005431454453 0 0)
(-0.005431454453 0 0)
(-0.005431454453 0 0)
(-0.005431454453 0 0)
(-0.005431454453 0 0)
(-0.005431454453 0 0)
(-0.005431454453 0 0)
(-0.005431454453 0 0)
(-0.005431454453 0 0)
(-0.005431454453 0 0)
(-0.005431454453 0 0)
(-0.005431454453 0 0)
(-0.005431454453 0 0)
(-0.005431454453 0 0)
(-0.005431454453 0 0)
(-0.005431454453 0 0)
(-0.005431454453 0 0)
(-0.005431454453 0 0)
(-0.005431454453 0 0)
(-0.005416080249 0.0001104472617 -6.271706934e-24)
(-0.005495983099 0.0003203745619 1.650209797e-30)
(-0.005720379068 0.0005107721085 -2.701836282e-30)
(-0.0060664682 0.0006799172201 0)
(-0.00651557316 0.0008298241908 -9.474789343e-30)
(-0.007036130003 0.0009597748976 0)
(-0.007544961556 0.001061480682 1.306338848e-29)
(-0.008008213589 0.00114139851 -3.215791246e-22)
(-0.008409391096 0.001204483821 0)
(-0.008753609864 0.00125550296 -4.020063352e-30)
(-0.00913853799 0.001312562482 0)
(-0.009605715417 0.001382293961 3.925086818e-30)
(-0.01017300898 0.001466613194 8.615281621e-22)
(-0.01084363041 0.001564939692 -2.60363054e-30)
(-0.01137951673 0.001642244979 1.092360979e-29)
(-0.01153149354 0.001659085977 1.444038213e-21)
(-0.01115396817 0.001568679412 -9.651833966e-30)
(-0.01012790688 0.001266492362 0)
(-0.008938748381 0.0006923519099 8.104715431e-23)
(-0.008409094627 0.0001942521671 5.519526627e-24)
(-0.008195055184 0 0)
)
;
    }
    defaultFaces
    {
        type            empty;
    }
}


// ************************************************************************* //
