/*--------------------------------*- C++ -*----------------------------------*\
  =========                 |
  \\      /  F ield         | OpenFOAM: The Open Source CFD Toolbox
   \\    /   O peration     | Website:  https://openfoam.org
    \\  /    A nd           | Version:  10
     \\/     M anipulation  |
\*---------------------------------------------------------------------------*/
FoamFile
{
    format      ascii;
    class       volScalarField;
    location    "5000";
    object      p;
}
// * * * * * * * * * * * * * * * * * * * * * * * * * * * * * * * * * * * * * //

dimensions      [0 2 -2 0 0 0 0];

internalField   nonuniform List<scalar> 
4000
(
6.082895412e-16
-7.268496585e-16
1.028807409e-15
2.156545105e-15
3.431298905e-15
3.92812894e-15
3.957201505e-15
4.029892512e-15
4.548806074e-15
4.852811284e-15
4.698995158e-15
4.795364875e-15
4.991232203e-15
4.725135161e-15
4.651301671e-15
5.12075819e-15
5.247341818e-15
5.099399042e-15
5.192132063e-15
5.282549466e-15
5.044666563e-15
5.812161799e-15
5.943999581e-15
4.653775104e-15
4.309263076e-15
4.845681793e-15
5.336434756e-15
5.317810631e-15
5.56298312e-15
6.308644856e-15
6.23652239e-15
6.761867213e-15
6.966881653e-15
6.773031283e-15
7.410251733e-15
6.960563122e-15
7.249992915e-15
6.757279671e-15
6.017762278e-15
5.809306378e-15
5.460389454e-15
5.971376896e-15
6.290468999e-15
7.249337589e-15
6.327600124e-15
6.397182069e-15
6.583644794e-15
5.697876898e-15
5.86582831e-15
5.395551809e-15
5.481112147e-15
6.714583643e-15
6.418415752e-15
6.025889435e-15
6.805448848e-15
7.200878086e-15
6.621611555e-15
7.45585162e-15
6.883681353e-15
6.986865987e-15
7.865297529e-15
7.381147608e-15
7.665467381e-15
8.513351706e-15
8.371842318e-15
7.515168999e-15
7.768125259e-15
7.211765754e-15
6.399826714e-15
7.812816484e-15
9.120368274e-15
7.509998111e-15
6.676320136e-15
8.848788196e-15
8.660606121e-15
6.233703958e-15
5.750279254e-15
6.875360312e-15
8.383000326e-15
6.374767458e-15
5.677428651e-15
7.142548875e-15
6.749490978e-15
5.898052273e-15
5.801986389e-15
6.319416715e-15
7.506274027e-15
8.197174223e-15
7.847429561e-15
6.218666072e-15
5.798777225e-15
7.934212041e-15
7.761103318e-15
5.542302107e-15
5.968930598e-15
6.687840612e-15
5.002986476e-15
5.690133158e-15
8.129988737e-15
7.660340539e-15
5.216420631e-15
4.996668216e-15
6.496184028e-15
6.360460727e-15
5.367739053e-15
4.604746908e-15
5.874306133e-15
6.160310821e-15
3.877684847e-15
2.48101066e-15
4.951431331e-15
5.545875714e-15
3.059946956e-15
3.030834696e-15
3.509249418e-15
4.750357078e-15
5.599219131e-15
2.970637131e-15
2.097551522e-15
4.710996299e-15
5.567881816e-15
3.292125923e-15
1.59478597e-15
2.291203725e-15
1.857016938e-15
1.904052316e-15
2.051578196e-15
3.102688985e-15
3.606443531e-15
7.942848924e-16
1.800005113e-15
3.044275922e-15
2.149802449e-15
3.415612826e-15
2.498845784e-15
2.02629931e-15
2.836450815e-15
1.770018184e-15
5.800375096e-16
1.552374506e-15
3.343371688e-15
2.651671256e-15
9.638804384e-16
-1.69915707e-16
-1.540963503e-17
-7.536287222e-18
-1.517420269e-15
1.530106109e-16
1.363962991e-15
-7.524413379e-16
-1.473720814e-15
-2.575317132e-15
-4.702082047e-16
1.142038694e-15
-2.411669128e-15
-1.088327916e-15
2.026598195e-15
1.427832085e-15
3.937453268e-16
-2.114058367e-15
-9.537061977e-16
1.712254512e-15
8.911517115e-16
-1.471640466e-16
8.065233034e-16
1.628607292e-15
4.487268224e-16
-4.555352985e-17
-1.556322461e-15
-1.49707504e-15
1.05911057e-15
-5.74468731e-17
-1.17235104e-15
2.474692408e-15
3.316680387e-16
1.003866807e-15
1.437317222e-15
5.150838904e-16
3.782365928e-15
-8.179817812e-17
7.599328073e-16
3.885376971e-15
1.458032024e-15
2.986545858e-15
1.26835748e-15
-3.763151687e-16
3.519589892e-15
7.803651308e-16
-3.741055081e-16
3.316266648e-15
3.212980595e-15
1.132115863e-15
1.813179223e-15
7.975165618e-16
-1.229739603e-15
6.637784827e-16
6.95579322e-16
1.622680573e-15
4.133855454e-15
1.303098985e-15
-9.83629211e-17
-4.21579955e-16
1.172636137e-15
2.245344068e-15
3.55708871e-15
4.101920316e-15
3.950552911e-15
3.917909318e-15
4.530894861e-15
5.119950077e-15
4.738613025e-15
4.718445741e-15
5.064240439e-15
4.655407095e-15
4.595896722e-15
5.017327969e-15
5.2136382e-15
5.007751204e-15
5.16115637e-15
5.388746948e-15
5.207665298e-15
5.780461121e-15
5.668077085e-15
4.540701671e-15
4.661815846e-15
4.991286878e-15
5.11691179e-15
5.33700216e-15
5.769823941e-15
6.173605359e-15
6.121313998e-15
6.610519929e-15
6.946213441e-15
6.83323885e-15
7.263777597e-15
7.288993837e-15
7.047459816e-15
6.567749792e-15
5.917560281e-15
5.821113212e-15
5.973453165e-15
5.936743128e-15
6.213976242e-15
6.910803188e-15
6.583997097e-15
6.320020602e-15
6.316834699e-15
6.168208839e-15
5.673639746e-15
5.402948764e-15
5.703958243e-15
6.568374754e-15
6.470140733e-15
5.822294872e-15
6.441263848e-15
7.467998014e-15
7.168764748e-15
7.105476936e-15
6.989573862e-15
7.127084835e-15
7.595648643e-15
7.353852348e-15
7.684268352e-15
8.325783158e-15
8.253905992e-15
8.163587023e-15
7.708082284e-15
6.858372813e-15
6.648280551e-15
8.092666229e-15
8.410780886e-15
7.41564999e-15
7.741652134e-15
8.123791026e-15
7.967580048e-15
7.060464495e-15
6.077533208e-15
6.662698794e-15
7.287695221e-15
7.01215568e-15
6.278330572e-15
6.955552929e-15
6.658916208e-15
5.423682181e-15
6.306398687e-15
7.041476117e-15
7.072084741e-15
7.510995507e-15
7.262198867e-15
6.627154975e-15
7.095613685e-15
7.384130577e-15
6.759584279e-15
6.430835459e-15
6.140430592e-15
6.074980813e-15
5.530591239e-15
5.987168372e-15
7.103744375e-15
7.273022948e-15
6.494290513e-15
5.469556805e-15
5.780828544e-15
5.457716467e-15
6.113703381e-15
5.413641022e-15
5.453004909e-15
5.471921273e-15
3.854163188e-15
3.401333523e-15
3.792770831e-15
4.745024139e-15
4.400706168e-15
3.67094299e-15
3.715087604e-15
3.922485258e-15
4.969427094e-15
3.790952068e-15
2.853091767e-15
4.270583388e-15
4.884005999e-15
3.19877003e-15
2.225233427e-15
1.694961147e-15
2.058486411e-15
2.562751322e-15
1.860127343e-15
2.899118811e-15
2.570717912e-15
1.495710295e-15
1.898204683e-15
2.455297581e-15
3.084381795e-15
2.734002748e-15
2.659788313e-15
2.412192625e-15
2.151595624e-15
2.202842968e-15
1.100700452e-15
1.735184667e-15
2.785037692e-15
1.350992141e-15
9.544026948e-16
6.861480536e-16
2.418865877e-16
8.493679669e-16
-5.266598034e-16
-1.352018583e-15
-6.721954032e-16
-1.388903004e-16
-4.901328473e-16
-1.739258135e-15
-1.185986017e-15
-1.368836865e-16
-2.750050093e-16
-2.590030543e-16
4.054553161e-16
3.014686561e-16
-2.846397639e-16
-4.756783734e-16
4.5210013e-16
9.704680183e-16
9.023203399e-17
-5.217556464e-17
1.755471497e-15
8.368410953e-16
-1.634604338e-16
-3.815310651e-16
-8.252747917e-16
5.002443891e-16
1.650292788e-16
-6.446535597e-16
-7.344808431e-16
1.883460027e-16
1.035974806e-15
2.041625528e-15
1.331211087e-15
5.842541858e-16
2.280438025e-15
2.015253617e-15
9.312855953e-16
2.833883406e-15
2.414075948e-15
1.412610492e-15
1.324230646e-15
5.742860943e-16
2.33429697e-15
2.142166006e-15
8.142412525e-16
2.092164814e-15
1.840530728e-15
1.782153854e-15
1.828270627e-15
8.768549992e-17
-8.569158721e-17
1.132754469e-15
8.519662497e-16
1.20819562e-15
2.603499228e-15
1.234140393e-15
8.561489107e-16
1.355721695e-16
1.282095659e-15
2.221001101e-15
3.802750553e-15
4.368705887e-15
3.939718602e-15
3.820377493e-15
4.486226478e-15
5.180038923e-15
4.720843027e-15
4.679386067e-15
5.261149825e-15
4.752689371e-15
4.4062217e-15
5.006206663e-15
5.184844332e-15
4.886938557e-15
5.204174894e-15
5.335439517e-15
5.360900745e-15
5.984969907e-15
5.44870665e-15
4.119172502e-15
4.772800499e-15
5.093779831e-15
5.102154795e-15
5.429141951e-15
5.838761132e-15
6.22150769e-15
5.960552012e-15
6.487888684e-15
6.842389844e-15
7.058534098e-15
7.198433896e-15
7.109458268e-15
7.02674561e-15
6.699354154e-15
5.931697779e-15
5.858221605e-15
6.019181031e-15
5.715920498e-15
6.317518174e-15
6.783019432e-15
6.836519152e-15
6.296569703e-15
6.087629917e-15
6.387958763e-15
5.674283267e-15
5.216258767e-15
5.765731474e-15
6.554490293e-15
6.410758695e-15
5.892093362e-15
6.4160863e-15
7.560248428e-15
7.168714264e-15
6.849955991e-15
7.4327754e-15
7.245510911e-15
7.295655946e-15
7.591709419e-15
7.73374274e-15
7.950531395e-15
8.381832482e-15
8.462861176e-15
7.362765426e-15
6.780626669e-15
7.171761676e-15
7.897065865e-15
7.785524257e-15
7.669076109e-15
8.315828767e-15
7.603837288e-15
7.199414766e-15
7.718030819e-15
6.676584746e-15
6.236426075e-15
6.753440714e-15
7.6542435e-15
6.596821457e-15
6.41566395e-15
6.424603008e-15
5.790835904e-15
6.763685e-15
7.557767557e-15
6.442819209e-15
6.612136743e-15
7.511536607e-15
7.092552778e-15
7.547451502e-15
6.841958172e-15
6.481353023e-15
6.776730338e-15
5.954261907e-15
5.766264431e-15
5.884200264e-15
6.398751521e-15
6.611290753e-15
6.762985618e-15
7.101863237e-15
5.931583765e-15
5.835520712e-15
5.059230321e-15
5.795376662e-15
6.005689704e-15
5.280874858e-15
5.127347108e-15
4.080207997e-15
4.02012276e-15
3.232853397e-15
3.666217267e-15
5.170001575e-15
4.118220568e-15
3.535334289e-15
4.116689791e-15
4.112149827e-15
4.019254076e-15
4.27532693e-15
3.824073315e-15
4.13654292e-15
2.996286659e-15
2.645540314e-15
1.707851113e-15
2.277003472e-15
2.400193237e-15
1.705434931e-15
2.844996864e-15
1.899951101e-15
2.002726028e-15
2.521737106e-15
2.216083208e-15
2.822214454e-15
2.440668613e-15
2.77099424e-15
3.022869704e-15
1.756862108e-15
2.373223899e-15
2.010960298e-15
9.520894726e-16
1.889625151e-15
1.192230719e-15
1.230964675e-15
1.091010866e-15
7.922020371e-16
1.195641625e-15
-2.932773822e-16
-1.846752468e-15
-1.791496785e-15
-2.445898949e-16
-3.9047063e-16
-7.26408088e-16
-8.527456332e-16
-8.579564981e-16
1.746177344e-16
1.041124403e-16
-5.546873182e-16
-3.001376591e-16
-4.111836318e-16
6.485439506e-16
1.338937126e-15
1.904588524e-16
7.549986809e-17
4.611236235e-16
9.029790836e-16
3.825583286e-16
-3.593005309e-16
-1.222731778e-16
5.449272224e-16
9.299248145e-16
-8.82331634e-16
-9.163325588e-16
7.251544795e-16
-8.59036454e-16
-4.382891865e-16
2.252128127e-15
1.883664388e-15
1.261157473e-15
1.443044494e-15
2.632028068e-15
1.53589392e-15
1.835885196e-15
3.221451728e-15
1.047557713e-15
8.497105154e-16
2.088408632e-15
1.337510521e-15
1.193695368e-15
1.74181401e-15
2.177562448e-15
1.282645824e-15
1.778233563e-15
1.673665888e-15
1.144389022e-16
8.802285086e-16
1.625722055e-15
9.236402767e-17
7.035580754e-16
1.410858154e-15
1.39668561e-15
1.669892259e-15
5.653728061e-16
1.379943033e-15
2.332310058e-15
3.826659605e-15
4.375813509e-15
4.268000951e-15
3.816121103e-15
4.600329231e-15
5.132807311e-15
4.560917271e-15
4.668160646e-15
5.098572703e-15
5.022846028e-15
4.552760049e-15
4.894618021e-15
5.184998283e-15
4.799803699e-15
5.251170403e-15
5.382106489e-15
5.379733572e-15
5.91701557e-15
5.622820202e-15
3.906047306e-15
4.687627655e-15
5.132432699e-15
5.12121318e-15
5.49996684e-15
5.751516283e-15
6.311068582e-15
6.016612016e-15
6.246070684e-15
6.560508653e-15
7.251539773e-15
7.29840887e-15
6.882892054e-15
7.108384927e-15
6.973881812e-15
6.065461099e-15
5.490462277e-15
5.736148926e-15
5.843983926e-15
6.50390407e-15
6.409368531e-15
6.93243573e-15
6.66749149e-15
6.247407115e-15
6.212927322e-15
5.407526407e-15
5.006894112e-15
5.851692888e-15
6.63384261e-15
6.659161018e-15
6.041958042e-15
6.509713232e-15
7.529476314e-15
6.85352411e-15
6.856501273e-15
7.560230302e-15
7.341722513e-15
7.413546448e-15
8.082011709e-15
7.764498277e-15
7.463488171e-15
8.436961001e-15
8.472603204e-15
7.12123561e-15
7.220012872e-15
7.245756517e-15
7.090948519e-15
7.922652139e-15
8.39266816e-15
8.049309232e-15
7.346839776e-15
6.872257402e-15
7.750544329e-15
7.230006487e-15
5.852592373e-15
6.818805067e-15
8.021907268e-15
6.794862643e-15
5.861065574e-15
6.205919612e-15
6.433099897e-15
6.71843603e-15
7.205817571e-15
6.56922889e-15
6.432785807e-15
7.703600997e-15
7.429407712e-15
7.169186863e-15
6.747970829e-15
6.864828387e-15
6.323833932e-15
5.534930348e-15
5.765114779e-15
6.581283497e-15
6.665549636e-15
6.122127941e-15
6.399620638e-15
7.304181172e-15
6.273970075e-15
5.826235089e-15
5.311727576e-15
5.183360669e-15
6.165044696e-15
5.483151263e-15
4.917116147e-15
4.396920993e-15
4.089976173e-15
3.239019398e-15
3.277171771e-15
5.095510636e-15
4.40174334e-15
3.481279447e-15
4.19087465e-15
3.737217678e-15
4.268057969e-15
5.159390532e-15
3.41630259e-15
3.377730151e-15
3.179247719e-15
2.993906627e-15
1.833082697e-15
2.03357174e-15
2.072957095e-15
2.063127595e-15
2.305324233e-15
2.062654438e-15
2.691035509e-15
2.658515666e-15
1.942987311e-15
2.049410846e-15
2.72443295e-15
3.246039309e-15
3.268671112e-15
1.729021357e-15
2.130989697e-15
2.289338647e-15
5.521249191e-16
8.198894759e-16
1.714094568e-15
1.780166992e-15
1.306338119e-15
1.526948731e-15
5.523762903e-16
-6.226990962e-16
-1.295821597e-15
-1.791089467e-15
-9.293780854e-16
-5.244415222e-16
2.316519307e-17
-6.92716165e-16
-9.830938292e-16
3.66552529e-16
-2.142851159e-16
-1.304174371e-15
-3.096764897e-16
1.968363554e-16
1.09415303e-15
1.149560619e-15
-9.318892456e-17
5.615606076e-16
4.212805482e-16
-7.064184163e-16
2.874591892e-16
9.604044724e-16
4.736682554e-16
9.222596017e-16
3.693276202e-17
-1.086827106e-15
-6.650925348e-16
6.823603125e-16
-5.328868858e-16
-8.525760107e-16
1.20082519e-15
2.12057367e-15
2.440158733e-15
1.084655466e-15
2.401169252e-15
2.234884029e-15
1.126612348e-15
2.763085346e-15
2.185119508e-15
9.33316796e-16
2.12681528e-15
1.012802678e-15
4.251478771e-16
1.853382729e-15
1.770611321e-15
1.638832964e-15
2.158787146e-15
1.534848357e-15
8.488769735e-16
1.477781801e-15
7.52611191e-16
-1.837074317e-16
7.114819457e-16
2.247520446e-16
1.580755082e-15
2.029389245e-15
8.057350212e-16
1.473526161e-15
2.439940604e-15
4.052622101e-15
4.470003096e-15
4.160886182e-15
3.717955619e-15
4.913596374e-15
5.132891544e-15
4.708284407e-15
4.76973148e-15
4.782989637e-15
4.974204481e-15
4.67478853e-15
4.870151554e-15
4.842386436e-15
4.86781315e-15
5.237687607e-15
5.448076802e-15
5.632117013e-15
5.857689029e-15
5.442832514e-15
3.866963532e-15
4.581246524e-15
5.123296167e-15
4.888972329e-15
5.547519096e-15
5.75206651e-15
6.437272471e-15
6.23649321e-15
6.10039157e-15
6.700603025e-15
7.403632332e-15
7.135001948e-15
6.715653941e-15
7.197695022e-15
7.006219356e-15
5.965581786e-15
5.310694659e-15
5.797198921e-15
5.928547663e-15
6.547182354e-15
6.14136531e-15
6.488893533e-15
7.039483439e-15
6.554372717e-15
6.284802654e-15
5.305584297e-15
4.700364218e-15
5.714937892e-15
6.532334835e-15
6.837700787e-15
6.135705397e-15
6.632747088e-15
7.423775034e-15
6.888253347e-15
7.015379646e-15
7.709651168e-15
7.483200698e-15
7.427705332e-15
8.13063634e-15
7.526729921e-15
7.684147747e-15
8.39972618e-15
8.381218039e-15
7.035386877e-15
7.676493733e-15
7.11568867e-15
6.417749238e-15
8.364569007e-15
8.810177702e-15
7.781113327e-15
7.410374886e-15
6.849010516e-15
7.584739468e-15
7.563038363e-15
5.849831818e-15
6.566681386e-15
7.961347385e-15
7.1565394e-15
5.89274415e-15
5.97093261e-15
6.621807463e-15
6.227340648e-15
6.539749739e-15
7.314974327e-15
6.383079239e-15
7.447148827e-15
7.974919312e-15
6.805027994e-15
6.581753897e-15
7.271335358e-15
6.166808403e-15
5.257956975e-15
5.425632044e-15
7.352363702e-15
7.044560833e-15
5.824232031e-15
5.707777307e-15
7.522232192e-15
6.535548592e-15
5.60261488e-15
5.574218452e-15
4.612751682e-15
6.132721025e-15
6.271430481e-15
4.847503859e-15
4.054129013e-15
3.859957057e-15
3.378521261e-15
3.686968169e-15
4.324401776e-15
4.675181994e-15
4.047768138e-15
3.556385991e-15
3.912510665e-15
4.744442222e-15
5.086409294e-15
3.375055437e-15
3.023771094e-15
3.643605344e-15
3.165501275e-15
1.728860503e-15
1.501280679e-15
2.198460134e-15
2.416219749e-15
1.274723758e-15
2.718113002e-15
3.856375194e-15
2.22345169e-15
1.2493132e-15
1.730513027e-15
2.682360028e-15
3.530306315e-15
3.540057455e-15
2.476240983e-15
1.713884843e-15
1.769489643e-15
7.362115541e-16
1.025890944e-17
1.874768156e-15
2.576685153e-15
2.006364206e-15
1.703374287e-15
-4.758141228e-16
-1.091745413e-15
-7.678015997e-16
-1.151994498e-15
-1.596109039e-15
-6.513424292e-16
6.231490793e-16
-1.428547099e-15
-9.184740792e-16
1.039288645e-15
-5.231319451e-16
-1.807377216e-15
-3.370297378e-16
2.949133018e-16
1.669820027e-15
1.112513063e-15
-1.535364759e-16
5.259069685e-16
-2.373402619e-16
-1.213515614e-15
4.006255625e-16
2.23830482e-15
1.122496833e-15
2.4152616e-16
-9.236909767e-16
-5.924727594e-16
-2.618953055e-16
-3.604349964e-16
-1.046705776e-16
1.84432247e-16
-4.546019715e-19
1.916246334e-15
3.888071235e-15
9.067350646e-16
2.240707564e-15
2.50314415e-15
5.416531268e-16
1.684819013e-15
2.628447555e-15
2.00526667e-15
2.00458427e-15
7.076702072e-16
1.150315147e-15
1.816235348e-15
3.500817105e-16
1.630269579e-15
2.595856107e-15
1.265995574e-15
1.733248478e-15
2.122311523e-15
-3.457732074e-16
2.590274477e-16
9.045618563e-16
-7.147163229e-16
1.934233837e-15
1.818818409e-15
7.315451859e-16
1.511597501e-15
2.493749441e-15
4.344533045e-15
4.63798012e-15
3.915737392e-15
3.689505563e-15
5.018309339e-15
5.083357553e-15
4.781269148e-15
5.036522296e-15
4.769240158e-15
4.896982074e-15
4.566094322e-15
4.742456669e-15
4.752619851e-15
5.089006104e-15
5.428485257e-15
5.085438663e-15
5.759019452e-15
6.188605398e-15
5.320946868e-15
3.994463482e-15
4.352507141e-15
4.968635579e-15
4.765456684e-15
5.393256874e-15
6.077565893e-15
6.608649925e-15
6.100381617e-15
5.988485993e-15
6.969554104e-15
7.431177347e-15
7.019953802e-15
6.70732826e-15
7.142629043e-15
7.129665868e-15
5.870599302e-15
5.287344194e-15
5.72537405e-15
5.883829312e-15
6.76852803e-15
5.922773251e-15
6.403264337e-15
6.600092028e-15
6.854926235e-15
6.673571276e-15
5.23952966e-15
4.683305098e-15
5.815471654e-15
6.330915533e-15
6.363415809e-15
6.444644438e-15
6.881762664e-15
6.874778016e-15
7.095416937e-15
7.34216923e-15
7.593322931e-15
7.445989376e-15
7.813768037e-15
7.886561963e-15
7.204868223e-15
7.787782168e-15
8.635675397e-15
8.192422457e-15
6.991637165e-15
7.741925531e-15
7.088229382e-15
6.512519622e-15
8.212963552e-15
9.15469342e-15
7.92297879e-15
7.237033161e-15
6.888907482e-15
7.446512756e-15
7.647885397e-15
5.73282788e-15
6.435133998e-15
8.105430985e-15
7.54915616e-15
5.935789099e-15
5.47649417e-15
6.595286045e-15
6.244354695e-15
6.464125096e-15
7.343622922e-15
6.391305806e-15
7.543799339e-15
8.285570565e-15
6.781064672e-15
6.577886969e-15
7.22087342e-15
5.854624515e-15
5.064663794e-15
5.22909967e-15
7.455156004e-15
7.341372219e-15
5.793016109e-15
5.420888467e-15
7.665680727e-15
6.652579969e-15
5.485108553e-15
5.389829969e-15
4.801976205e-15
6.280856926e-15
6.331097548e-15
4.652856547e-15
3.996392434e-15
3.738075502e-15
3.60936381e-15
3.731807969e-15
3.766823036e-15
5.086552713e-15
4.592943945e-15
3.112647091e-15
3.609639363e-15
5.014352211e-15
4.703165907e-15
3.880658996e-15
3.556246114e-15
3.500526052e-15
3.040040955e-15
1.596055488e-15
1.081819407e-15
2.229910997e-15
2.388184716e-15
1.205036048e-15
2.755019658e-15
4.243140679e-15
2.043996211e-15
1.147968666e-15
1.463813088e-15
2.983510148e-15
4.030806263e-15
3.148141128e-15
2.476918371e-15
1.82689095e-15
1.843003019e-15
9.689863424e-16
-4.585629836e-16
1.443402361e-15
2.93910285e-15
2.46437622e-15
1.155253636e-15
-7.38780667e-16
-6.835890474e-16
-4.939446618e-16
-1.194638146e-15
-1.937930017e-15
8.068490093e-17
2.363012694e-16
-1.759956675e-15
-8.485573557e-16
1.223757926e-15
-6.270279564e-16
-2.017765767e-15
-4.815960566e-17
2.655384242e-16
2.138124355e-15
7.477689583e-16
-2.205952066e-16
3.790331013e-16
-6.282800364e-16
-1.303572132e-15
7.609450375e-16
2.512290552e-15
1.091390779e-15
2.724713765e-17
-1.537511662e-15
-8.035014008e-17
1.577398261e-16
-7.224002749e-16
-3.790137222e-16
6.869044041e-16
-1.683762265e-16
1.517108635e-15
4.264622987e-15
1.715611908e-15
2.131568282e-15
2.025009244e-15
1.331075362e-16
1.715267276e-15
2.968576097e-15
2.474346432e-15
1.318267227e-15
1.862767267e-16
2.295006282e-15
1.970306938e-15
-3.877814635e-16
1.714754619e-15
2.995779539e-15
9.876544338e-16
1.768876664e-15
1.616878794e-15
-4.646263264e-16
1.322075455e-15
1.063875413e-15
-9.652290168e-16
1.717943648e-15
1.382283116e-15
8.384184218e-16
1.666852617e-15
2.818923307e-15
4.228108214e-15
4.578509736e-15
3.921125513e-15
3.837259476e-15
5.151971663e-15
5.010512143e-15
4.773337149e-15
4.82955341e-15
4.879065379e-15
5.088115805e-15
4.858247822e-15
4.485024832e-15
4.851835451e-15
5.179646828e-15
5.467493294e-15
5.05683267e-15
5.875180628e-15
6.488237569e-15
5.023642009e-15
3.85485526e-15
4.259675486e-15
4.592491842e-15
4.615207405e-15
5.431390452e-15
6.23874951e-15
6.710331922e-15
5.867134678e-15
6.003317479e-15
7.40736557e-15
7.137373775e-15
6.675477864e-15
7.188268316e-15
6.940020814e-15
6.801021537e-15
5.962933647e-15
5.451561479e-15
5.602525461e-15
5.90821607e-15
6.892461926e-15
6.267843782e-15
6.676819039e-15
6.224162801e-15
6.583671101e-15
7.222138192e-15
4.954123619e-15
4.587795607e-15
6.213590698e-15
6.395223582e-15
6.209088069e-15
6.440345277e-15
7.058443457e-15
6.674171969e-15
6.987616207e-15
7.332107343e-15
7.386398188e-15
7.817118762e-15
8.33408108e-15
7.393026908e-15
6.898628823e-15
7.736426015e-15
8.762265819e-15
8.052319583e-15
7.314187634e-15
7.511543061e-15
7.000083221e-15
7.094065424e-15
8.045576357e-15
9.015175411e-15
8.056872877e-15
6.93765707e-15
6.778238191e-15
7.881692384e-15
7.585372954e-15
5.880303559e-15
6.532860702e-15
7.483789837e-15
7.377854787e-15
6.375365532e-15
5.452897531e-15
6.445579144e-15
6.6322213e-15
6.680758991e-15
7.188848858e-15
6.845429867e-15
7.107679576e-15
8.067429346e-15
7.056572642e-15
6.859581986e-15
6.945659486e-15
5.954317955e-15
5.202389528e-15
4.837737538e-15
6.648879065e-15
7.215458097e-15
6.475025687e-15
5.775121328e-15
6.876888486e-15
6.594380278e-15
5.559068944e-15
5.060893931e-15
5.462103033e-15
6.484962052e-15
5.798647807e-15
4.958853623e-15
3.982450074e-15
3.503179519e-15
3.75852191e-15
3.364771057e-15
3.505488144e-15
5.295262587e-15
4.963727834e-15
3.263847823e-15
3.157882349e-15
4.809856646e-15
4.575180334e-15
4.152055229e-15
4.278235141e-15
3.554217299e-15
2.742200154e-15
1.153076342e-15
1.200617588e-15
2.231483433e-15
2.496337852e-15
1.880574644e-15
2.170758712e-15
3.234506084e-15
2.258928418e-15
1.269300761e-15
1.902757776e-15
3.17484957e-15
4.142427903e-15
3.162678708e-15
1.90467529e-15
2.504791554e-15
2.488453262e-15
9.080398982e-16
-7.244190847e-16
1.285701649e-15
2.359257517e-15
2.705258979e-15
6.961960558e-16
-1.155144449e-15
-3.216427731e-16
-3.328440847e-16
-1.57229718e-15
-1.641033431e-15
7.017789209e-16
2.577131051e-16
-1.444485367e-15
-1.167306723e-15
6.909714129e-16
-8.052101036e-16
-1.997259329e-15
3.308954881e-16
2.721726671e-16
1.897557783e-15
3.964893608e-16
-8.796795306e-17
5.352060873e-16
-3.726059594e-16
-1.070928171e-15
7.295922011e-16
2.028960582e-15
5.730467676e-18
3.212419091e-16
-1.179173709e-15
-1.815500878e-16
1.085127667e-15
-3.755157762e-16
-1.020920719e-15
5.826651084e-16
-1.879404196e-16
1.351744402e-15
3.981727003e-15
2.341299392e-15
2.607310464e-15
1.394765156e-15
-1.003200732e-16
2.239183422e-15
2.967481364e-15
2.626680329e-15
9.145101039e-16
-9.796716836e-17
2.774879413e-15
2.31206365e-15
-1.415165717e-16
1.384758161e-15
3.09978054e-15
9.485985036e-16
1.535564834e-15
1.037564269e-15
1.662958201e-16
2.058230523e-15
6.503591542e-16
-7.861199146e-16
1.537339232e-15
1.050485432e-15
5.431189944e-16
2.008643033e-15
3.167080346e-15
4.269821202e-15
4.604702147e-15
4.079516569e-15
4.01104019e-15
4.777364375e-15
4.807517074e-15
4.776823687e-15
4.876677531e-15
4.897479557e-15
5.057037691e-15
5.264803404e-15
4.868394032e-15
4.742137384e-15
5.191309075e-15
5.480437315e-15
5.135615063e-15
6.030336179e-15
6.137856395e-15
4.802625993e-15
3.82568748e-15
4.463185011e-15
4.288610339e-15
4.391447452e-15
5.490875722e-15
6.719761899e-15
6.529690074e-15
5.594970737e-15
6.335040997e-15
7.411371917e-15
6.771319768e-15
6.653372746e-15
7.385101982e-15
6.489283426e-15
6.495462013e-15
6.055569431e-15
5.583719988e-15
6.19201844e-15
6.250087247e-15
6.492979589e-15
6.197948554e-15
6.519449852e-15
6.401666558e-15
6.770660693e-15
7.406280378e-15
4.918070789e-15
4.332124647e-15
6.330404083e-15
6.432187345e-15
6.144131359e-15
6.342382405e-15
6.944411174e-15
7.021303577e-15
7.141706446e-15
6.78927273e-15
7.498365419e-15
8.611889183e-15
8.396613469e-15
7.016614202e-15
6.51042003e-15
7.599239428e-15
8.951312387e-15
7.931989028e-15
7.467885138e-15
7.357918718e-15
7.270318424e-15
7.989416069e-15
7.746107805e-15
8.810895836e-15
8.077190778e-15
6.942729358e-15
6.715120719e-15
8.032796218e-15
7.437247072e-15
6.021441831e-15
6.682115539e-15
6.667572641e-15
7.332216317e-15
6.657513359e-15
5.585932878e-15
6.597998511e-15
6.580184608e-15
6.557470871e-15
6.899147576e-15
7.047759399e-15
7.06345707e-15
8.028175838e-15
7.389254701e-15
7.267829961e-15
6.38159812e-15
6.231620528e-15
5.455907364e-15
4.754974083e-15
6.006022113e-15
6.876231176e-15
6.806513873e-15
5.745294537e-15
6.225608482e-15
6.771677752e-15
5.547883315e-15
4.822222985e-15
5.558074194e-15
6.622227312e-15
6.08583502e-15
5.078173248e-15
3.677151081e-15
3.345863207e-15
3.623841138e-15
3.547299698e-15
3.529949924e-15
5.074436415e-15
5.255363674e-15
3.597722411e-15
2.585669247e-15
4.42587159e-15
4.832202411e-15
4.516526666e-15
4.218965835e-15
4.01289742e-15
2.437332446e-15
5.573249108e-16
1.399917265e-15
2.50384394e-15
3.034875922e-15
2.429509907e-15
1.339542371e-15
2.481574388e-15
2.636014008e-15
1.512397149e-15
2.018007765e-15
2.988281552e-15
4.051756608e-15
3.396855202e-15
1.816352345e-15
2.784792249e-15
3.121177607e-15
1.084241002e-15
-1.177505227e-15
1.168283979e-15
1.948671481e-15
2.544415109e-15
7.135255657e-16
-1.622108386e-15
1.592482826e-16
6.027175695e-17
-1.651804506e-15
-1.612067108e-15
7.16326599e-16
3.864709137e-16
-1.139870093e-15
-1.279854127e-15
5.872266008e-16
-1.096796009e-15
-2.419273212e-15
1.882618482e-16
4.50663139e-16
1.748434387e-15
4.921814143e-16
2.179839038e-16
4.589816747e-16
-6.440744205e-17
-5.018321654e-16
8.906205331e-16
1.198285806e-15
-9.945190563e-16
1.012316636e-15
-7.591807436e-16
-1.551076952e-16
1.689414255e-15
-4.458774582e-16
-1.626824997e-15
1.100563282e-16
1.824878621e-16
1.589775108e-15
3.32705721e-15
2.277808038e-15
3.174993315e-15
1.470440564e-15
-5.129326617e-16
2.417612861e-15
2.461054337e-15
3.177916346e-15
1.499509566e-15
-4.830742908e-16
2.851762486e-15
2.861363419e-15
2.047292773e-16
8.964558265e-16
2.752763828e-15
1.045786016e-15
2.2043974e-15
7.644742318e-16
-8.994761731e-17
2.086360663e-15
5.518883108e-16
-5.262446467e-16
1.299430611e-15
8.517333689e-16
7.529653771e-16
2.353234539e-15
2.773956569e-15
4.358954526e-15
4.627895937e-15
4.003404164e-15
3.893083949e-15
4.71042229e-15
4.952309076e-15
4.783666285e-15
5.031866692e-15
4.76633348e-15
5.207484781e-15
5.575107996e-15
4.947801416e-15
4.675682881e-15
4.924385138e-15
5.273541311e-15
5.661187863e-15
6.107791589e-15
5.695398849e-15
4.831091462e-15
3.969647123e-15
4.382923568e-15
4.093967885e-15
4.398191343e-15
5.883480276e-15
6.998030151e-15
6.519766468e-15
5.623419625e-15
6.48833942e-15
7.101363918e-15
6.989058609e-15
6.57757866e-15
7.055635807e-15
6.391771604e-15
6.220959684e-15
5.983630492e-15
5.672234249e-15
7.004640201e-15
6.625160243e-15
6.070518345e-15
5.898393567e-15
6.32949487e-15
6.751757602e-15
6.783220011e-15
6.864831123e-15
5.21135398e-15
4.495501032e-15
6.203097542e-15
6.424594557e-15
6.155754324e-15
6.109188465e-15
6.780321635e-15
7.314354218e-15
7.182145232e-15
6.403981587e-15
7.300065795e-15
8.902264228e-15
8.823700578e-15
7.086269486e-15
6.372840591e-15
7.571470365e-15
8.516226158e-15
7.994649364e-15
7.724669732e-15
7.443319679e-15
7.741926971e-15
8.131265279e-15
7.182426467e-15
8.918686925e-15
8.259304179e-15
6.930398424e-15
6.795519487e-15
7.805331868e-15
7.313306365e-15
5.975660801e-15
6.642204596e-15
6.779320984e-15
7.177253232e-15
6.654092803e-15
5.588208403e-15
6.514360451e-15
6.787602591e-15
6.748656444e-15
6.432873348e-15
6.761222565e-15
7.280453618e-15
7.988042788e-15
7.48450049e-15
7.66244261e-15
6.345991326e-15
6.664134509e-15
5.499624201e-15
4.843451821e-15
6.388582436e-15
6.264838599e-15
6.269107061e-15
5.588486298e-15
6.208962939e-15
6.588191357e-15
5.68865483e-15
5.033162595e-15
5.680297548e-15
6.451413868e-15
6.53870219e-15
4.831198568e-15
3.437181609e-15
3.304549437e-15
3.907407945e-15
3.518658311e-15
3.305915673e-15
4.954507173e-15
5.320459425e-15
3.676182518e-15
2.481962117e-15
4.453495073e-15
4.931152411e-15
4.292743165e-15
4.219741231e-15
4.396560018e-15
2.37814196e-15
5.490181597e-16
1.890771461e-15
2.814864463e-15
3.098086993e-15
2.43874313e-15
5.278252746e-16
2.167524138e-15
2.794526302e-15
1.724666166e-15
2.180358022e-15
2.89775444e-15
4.165490354e-15
3.430371414e-15
1.638959282e-15
2.399970951e-15
3.344235289e-15
1.287502563e-15
-1.467596856e-15
1.12954463e-15
1.694302635e-15
2.546550843e-15
8.965175025e-16
-2.107018329e-15
6.264107126e-16
5.491973413e-16
-1.791513539e-15
-1.527118664e-15
8.813804005e-16
4.456744715e-16
-7.047391506e-16
-1.60837789e-15
3.27488366e-16
-1.401763785e-15
-2.567379723e-15
5.785221599e-16
2.603317469e-16
1.486269161e-15
6.89330937e-16
3.556589316e-16
1.459209097e-16
3.677512795e-17
2.718331491e-16
6.5988739e-16
6.560985147e-16
-1.20219492e-15
1.397274158e-15
-4.401101598e-16
2.434734579e-16
1.606113807e-15
-7.706646038e-16
-1.931735143e-15
-4.539309423e-16
8.161225217e-16
2.308476244e-15
2.923879884e-15
1.908868561e-15
3.099774737e-15
1.518525509e-15
-5.87110053e-16
2.559293951e-15
2.038616089e-15
3.28074648e-15
1.912789296e-15
-4.86313226e-16
2.490614552e-15
3.376890297e-15
1.001182602e-15
8.90436036e-16
2.176451721e-15
8.984116334e-16
2.246579449e-15
1.021623321e-15
-3.343283659e-16
2.026850174e-15
6.712034811e-16
-5.78060341e-16
1.202228868e-15
5.070706185e-16
1.334134695e-15
2.178159032e-15
2.479800061e-15
4.271354228e-15
4.292275883e-15
4.044360699e-15
3.633775636e-15
4.339925763e-15
5.046481122e-15
5.252601265e-15
5.053885274e-15
4.585137758e-15
5.696932e-15
5.842649932e-15
5.21676048e-15
4.989627262e-15
4.740500416e-15
4.976064551e-15
5.633183099e-15
5.713556405e-15
5.760779184e-15
4.850007216e-15
4.257066454e-15
4.225853431e-15
4.224314516e-15
4.766382682e-15
6.118954504e-15
6.857403575e-15
6.43355322e-15
5.838308185e-15
6.525364563e-15
7.231414087e-15
6.921374857e-15
6.289359555e-15
6.803409473e-15
6.443564892e-15
6.244178245e-15
6.012002538e-15
5.657844574e-15
7.218415911e-15
6.591729033e-15
6.325806322e-15
5.758759971e-15
6.184840407e-15
6.698754882e-15
6.653200534e-15
6.402329025e-15
5.432664916e-15
4.845618883e-15
6.188164486e-15
6.587752313e-15
6.043690791e-15
5.813184252e-15
6.767090713e-15
7.167466288e-15
6.976285071e-15
6.831314744e-15
7.099383238e-15
8.641685674e-15
8.682677005e-15
7.248743752e-15
6.819138883e-15
7.845181552e-15
8.247226863e-15
7.884547357e-15
7.88369793e-15
7.245806814e-15
7.825612798e-15
7.927319232e-15
6.989808576e-15
9.141579611e-15
8.303767217e-15
6.618773394e-15
6.827664933e-15
7.917422431e-15
7.204612234e-15
5.82588547e-15
6.643770002e-15
6.653372985e-15
7.211193101e-15
6.660252094e-15
5.673758468e-15
6.143588079e-15
6.773047187e-15
7.465697039e-15
6.741079047e-15
6.420824887e-15
7.140078531e-15
8.07348293e-15
7.336810979e-15
7.350837915e-15
6.620076991e-15
6.612382805e-15
5.682154212e-15
5.374817639e-15
6.292091236e-15
5.729626082e-15
6.362197069e-15
5.851004289e-15
6.03591183e-15
6.323370312e-15
5.57319293e-15
5.583138983e-15
5.93971745e-15
6.59211032e-15
6.538164749e-15
4.559523076e-15
3.15433383e-15
3.330791201e-15
4.201296255e-15
3.230006325e-15
3.186517376e-15
4.931641057e-15
5.100363992e-15
3.530303892e-15
2.661895256e-15
4.793775423e-15
4.907524662e-15
4.235273727e-15
4.188446378e-15
4.430390611e-15
2.682822109e-15
8.736090457e-16
2.12441209e-15
3.18853925e-15
2.574215078e-15
2.130354702e-15
4.803638687e-16
1.883851055e-15
2.554628043e-15
1.704748928e-15
2.779233529e-15
3.050427427e-15
4.021690437e-15
3.447508722e-15
1.576746307e-15
2.161387869e-15
3.271008367e-15
1.072231691e-15
-1.335886013e-15
8.382218309e-16
1.332418755e-15
2.735881538e-15
1.106571875e-15
-2.270483974e-15
4.733704888e-16
8.657959468e-16
-1.408758015e-15
-1.121129695e-15
9.060406778e-16
5.509548266e-16
-5.839306989e-16
-2.027920502e-15
1.414806976e-16
-1.48589381e-15
-2.72501602e-15
8.906912428e-16
3.028659064e-16
1.70500564e-15
4.878680444e-16
2.264597245e-16
1.543274835e-16
9.631558974e-17
4.453192855e-16
3.726400232e-16
4.369527067e-16
-1.26149878e-15
1.462900616e-15
1.530767894e-16
1.680240473e-16
1.279202618e-15
-8.475812292e-16
-1.734263323e-15
-7.531816419e-16
8.562598338e-16
2.986354351e-15
2.74521409e-15
1.638068322e-15
3.015202691e-15
1.269480764e-15
-5.026921899e-16
2.372187143e-15
1.982044918e-15
3.059119596e-15
2.269439466e-15
-5.352036233e-17
2.381049093e-15
3.52880014e-15
1.35964536e-15
7.732442873e-16
2.097857668e-15
8.391423049e-16
2.069772333e-15
6.180549858e-16
-1.151044005e-16
2.40620809e-15
4.636339194e-16
-4.258212452e-16
1.337262475e-15
7.275505388e-16
1.275399607e-15
1.975839917e-15
2.438352426e-15
4.229665405e-15
4.243457159e-15
4.164358543e-15
3.775940324e-15
3.88495591e-15
4.977285222e-15
5.385579739e-15
4.779857009e-15
4.747338905e-15
6.158696545e-15
6.243134363e-15
5.329991875e-15
4.878148249e-15
4.494399447e-15
4.76947465e-15
5.468941043e-15
5.380126846e-15
5.810812486e-15
5.123426163e-15
4.175759438e-15
4.223578144e-15
4.501852528e-15
5.00715252e-15
5.844964048e-15
6.55652362e-15
6.639528877e-15
6.249575139e-15
6.740776559e-15
7.427413958e-15
6.8507084e-15
6.110229481e-15
6.847159881e-15
6.489564862e-15
6.30692242e-15
6.134219612e-15
5.493979488e-15
7.494424035e-15
6.530744148e-15
6.379408292e-15
5.816180618e-15
5.946926129e-15
6.505957495e-15
6.612822817e-15
6.331440347e-15
5.58604031e-15
5.183949481e-15
6.148762789e-15
6.214576356e-15
5.544682502e-15
5.711636209e-15
6.855821058e-15
6.88894378e-15
6.909184927e-15
7.161207281e-15
7.268985781e-15
8.481589658e-15
8.290961164e-15
7.423934617e-15
7.404986701e-15
7.804089145e-15
8.24383726e-15
7.869507068e-15
7.643361032e-15
7.4038422e-15
7.757751773e-15
7.971176262e-15
6.951387698e-15
8.817921274e-15
8.322396465e-15
6.276841571e-15
6.6607347e-15
8.160094712e-15
7.256537195e-15
5.750715982e-15
6.705816685e-15
6.688151512e-15
7.593000587e-15
6.427517978e-15
5.84963713e-15
6.064392105e-15
7.094127593e-15
8.139601407e-15
6.792298184e-15
6.091002482e-15
7.265425936e-15
7.907733791e-15
6.992923605e-15
7.532806111e-15
6.798917927e-15
6.222807708e-15
5.856498709e-15
5.771700686e-15
5.815166357e-15
5.773005702e-15
6.668158625e-15
5.941884648e-15
5.542394318e-15
6.209427188e-15
5.752792076e-15
5.374493505e-15
6.373313599e-15
6.848426724e-15
6.309827705e-15
4.560720261e-15
2.842981233e-15
3.42961738e-15
4.07190445e-15
3.216910301e-15
3.374453591e-15
4.891470766e-15
4.665021042e-15
3.162116002e-15
2.77926145e-15
5.246263469e-15
5.028793893e-15
4.384594738e-15
3.9875087e-15
4.235067648e-15
2.892317368e-15
9.167637973e-16
2.429648463e-15
3.359177732e-15
2.39537547e-15
1.709776176e-15
3.788317419e-16
1.839170089e-15
2.344510728e-15
1.805600419e-15
3.161991399e-15
3.265844991e-15
3.978678872e-15
3.500264738e-15
1.573331468e-15
2.292153183e-15
2.536932931e-15
8.672083056e-16
-8.165443088e-16
6.709314021e-16
9.411385463e-16
2.82016052e-15
1.041436547e-15
-2.309695159e-15
2.619147062e-16
8.609037095e-16
-1.124836767e-15
-8.63173994e-16
7.583784366e-16
1.071697422e-15
-2.195130237e-16
-2.303727773e-15
-5.098765265e-18
-1.658239968e-15
-2.845798226e-15
5.947811367e-16
8.538883018e-16
2.015419688e-15
1.257913179e-16
-7.235016543e-17
6.257294953e-16
7.024346978e-17
1.642459304e-16
-1.232132396e-17
2.560669439e-16
-1.244210465e-15
1.349119138e-15
8.188066495e-16
4.87030111e-16
1.529533576e-15
-1.050533783e-15
-1.833054395e-15
-9.412866823e-16
5.607754501e-16
3.465985205e-15
2.609809612e-15
1.501279069e-15
2.868247091e-15
1.068932913e-15
-5.260089548e-16
2.393693528e-15
1.993939163e-15
3.313517721e-15
2.226292586e-15
4.718129372e-17
2.576782664e-15
3.795753021e-15
1.509189985e-15
6.95602636e-16
1.635902355e-15
8.234651183e-16
1.745487799e-15
3.743859403e-16
4.025067999e-16
2.794443237e-15
3.988028184e-16
-2.599990331e-16
1.224577303e-15
6.79187904e-16
8.522978354e-16
1.703742452e-15
2.375022176e-15
4.136226351e-15
4.182361103e-15
4.206171442e-15
3.975323911e-15
4.289744359e-15
5.033012846e-15
5.210019476e-15
4.609756555e-15
4.760498621e-15
6.041715602e-15
6.237113869e-15
5.239388984e-15
4.977512133e-15
4.621023037e-15
4.696149978e-15
5.160859422e-15
5.538171445e-15
5.819186883e-15
5.196756873e-15
4.072888214e-15
4.073055096e-15
4.788965325e-15
5.353628588e-15
5.533525019e-15
6.26395664e-15
6.906463815e-15
6.414641415e-15
6.963592079e-15
7.411269733e-15
6.828780515e-15
6.28869429e-15
6.765202556e-15
6.231620047e-15
6.640801353e-15
6.014385329e-15
5.94750275e-15
7.101392579e-15
6.423360534e-15
6.796468709e-15
6.075916619e-15
5.892404009e-15
6.489875323e-15
6.57175348e-15
5.88051569e-15
5.704496492e-15
5.409787747e-15
6.06719669e-15
5.780321411e-15
5.492172769e-15
5.748167982e-15
6.507222308e-15
6.493777371e-15
6.927954382e-15
7.372155044e-15
7.370199022e-15
8.636913947e-15
8.570255313e-15
7.180003239e-15
6.89671359e-15
7.820068301e-15
8.526331043e-15
7.873345994e-15
7.888817657e-15
7.468597296e-15
7.889459385e-15
8.120252654e-15
6.388701552e-15
8.262922956e-15
8.841131957e-15
6.510416955e-15
6.480140773e-15
8.254095967e-15
7.360778077e-15
5.2415351e-15
6.489835148e-15
6.884427835e-15
7.937299449e-15
6.29544995e-15
5.954062421e-15
6.159427319e-15
6.875854359e-15
8.931897982e-15
6.916074621e-15
6.094233175e-15
6.959185009e-15
7.894032209e-15
6.850582885e-15
7.738428858e-15
6.830703238e-15
6.218883274e-15
5.905296056e-15
5.499480237e-15
5.865821011e-15
6.062143062e-15
6.667830533e-15
5.989823623e-15
5.645261775e-15
6.020717384e-15
5.612497489e-15
5.918047304e-15
6.285045735e-15
6.569446237e-15
5.996371297e-15
4.735229748e-15
3.201043934e-15
3.075191792e-15
3.576197156e-15
3.01435298e-15
3.574139681e-15
5.363993323e-15
4.334712174e-15
2.671384263e-15
3.187504361e-15
5.473095019e-15
4.877987371e-15
4.236566138e-15
4.244006828e-15
3.823492028e-15
2.735457481e-15
1.154257235e-15
2.857619514e-15
3.454376424e-15
2.096489951e-15
1.522789696e-15
1.00032559e-16
2.118975151e-15
2.310522827e-15
1.683567839e-15
3.625627941e-15
3.53396845e-15
3.989662125e-15
3.718991685e-15
1.456137941e-15
1.991319585e-15
2.009794487e-15
7.018908539e-16
-6.625995773e-16
3.337888197e-16
7.464335124e-16
2.618140117e-15
1.064816491e-15
-1.894395979e-15
1.352860574e-16
5.421099845e-16
-1.168348833e-15
-2.734635286e-16
1.047174302e-15
1.617509886e-15
-2.181746976e-16
-2.902260335e-15
1.913896862e-16
-1.758809809e-15
-3.224747462e-15
1.901205623e-16
1.410553654e-15
2.161456152e-15
-5.919375328e-17
4.520061906e-17
6.84082698e-16
1.29479852e-16
-1.911516853e-16
-2.3684532e-16
1.461608793e-16
-1.601529493e-15
1.322703578e-15
1.429783381e-15
5.821000936e-16
1.62583323e-15
-5.612954786e-16
-1.793051493e-15
-7.631369339e-16
6.18649656e-16
3.465945156e-15
2.220167959e-15
1.091637809e-15
3.12048686e-15
9.245340105e-16
-5.067920462e-16
2.077790703e-15
1.744474307e-15
3.748378586e-15
2.296930959e-15
2.300917406e-16
2.60039805e-15
3.681243926e-15
1.598585284e-15
8.152834383e-16
1.641779007e-15
6.51512966e-16
1.844341248e-15
3.586362767e-16
4.859407289e-16
2.904463612e-15
7.052772168e-16
-2.224478333e-16
1.155390316e-15
6.264422743e-16
9.589107834e-16
1.604037983e-15
2.650578115e-15
4.140279554e-15
4.212192409e-15
3.995050934e-15
4.078266574e-15
4.531481707e-15
5.002198665e-15
5.160997007e-15
4.879318223e-15
4.944286446e-15
5.812908953e-15
5.974722398e-15
5.23412603e-15
4.925747794e-15
4.752606467e-15
4.834107654e-15
4.836123513e-15
5.740219113e-15
6.206890675e-15
5.20905485e-15
4.123115474e-15
3.595325942e-15
5.003977006e-15
5.760749354e-15
5.296756376e-15
5.948650672e-15
6.739140369e-15
6.584101369e-15
7.556563054e-15
7.259207605e-15
6.625949331e-15
6.061367203e-15
6.637148469e-15
6.143515221e-15
6.623010562e-15
6.600540287e-15
6.296741747e-15
6.418924434e-15
6.083789396e-15
7.345117249e-15
6.441788271e-15
5.92203332e-15
6.634558343e-15
6.027861198e-15
5.560445006e-15
5.550342236e-15
5.427725219e-15
6.177787135e-15
5.907934492e-15
5.383107755e-15
5.669323199e-15
6.552683089e-15
6.226670056e-15
6.663877859e-15
7.772216366e-15
7.512813889e-15
8.592706219e-15
8.564168282e-15
7.405152159e-15
6.780559197e-15
7.63035e-15
8.19816347e-15
8.069251972e-15
8.099483338e-15
7.421133885e-15
7.945376744e-15
7.96232558e-15
6.213235238e-15
7.97706692e-15
8.932771975e-15
6.735460921e-15
6.657943157e-15
8.089323396e-15
7.213492759e-15
5.13123897e-15
6.44834784e-15
7.158617565e-15
8.035756156e-15
6.650971361e-15
5.951475362e-15
5.904679423e-15
6.793145694e-15
9.466282845e-15
7.102735358e-15
5.871120639e-15
6.560620821e-15
7.688120466e-15
7.169289366e-15
7.682897578e-15
7.018946601e-15
5.76376873e-15
5.816879195e-15
5.821030395e-15
6.247525865e-15
6.06072724e-15
6.451398226e-15
6.020380809e-15
6.001226887e-15
5.811068914e-15
5.564285533e-15
6.329076138e-15
6.115293705e-15
6.237194925e-15
5.694262494e-15
4.75369383e-15
3.733193054e-15
3.028367018e-15
3.163748728e-15
2.70282482e-15
3.561377794e-15
5.614112275e-15
4.299421545e-15
2.603386235e-15
3.52175928e-15
5.465745421e-15
4.873466768e-15
3.867965035e-15
4.143802528e-15
3.90448409e-15
2.700312737e-15
1.591972307e-15
3.363580952e-15
3.065486239e-15
1.951072928e-15
1.704047919e-15
-3.870046633e-18
1.962758461e-15
2.150313637e-15
1.677820049e-15
4.167005335e-15
3.589005998e-15
3.950493524e-15
3.719512223e-15
1.914382073e-15
1.701137132e-15
1.757314354e-15
6.048993882e-16
-6.790601596e-16
-3.646368396e-16
2.138230469e-16
2.618724499e-15
1.492136344e-15
-1.83733688e-15
-4.952833515e-17
5.724394029e-16
-8.806248048e-16
-1.665184414e-17
7.82772997e-16
2.118388713e-15
-2.644787159e-16
-3.330276185e-15
5.414189172e-17
-1.536225026e-15
-3.018762759e-15
2.554515695e-16
1.411385444e-15
2.208352596e-15
-7.12314057e-18
2.171196268e-16
4.368432979e-16
-4.392856009e-17
-5.880076718e-17
-6.823627987e-16
-5.416387719e-17
-1.304268761e-15
1.379479872e-15
1.614386864e-15
2.685416003e-16
1.822575502e-15
4.185393648e-17
-1.503373054e-15
-7.976916501e-16
3.50616986e-16
3.558492444e-15
1.846877329e-15
3.585795679e-16
3.365396802e-15
1.18263325e-15
-6.454258925e-16
1.941960566e-15
1.770459707e-15
4.129562056e-15
2.031079973e-15
2.567852431e-16
2.476375314e-15
3.953534861e-15
1.979761005e-15
4.86912029e-16
1.391726537e-15
6.946785685e-16
1.964195695e-15
8.047906249e-16
9.840393506e-17
2.406302287e-15
1.288048763e-15
-8.965664416e-17
8.719401705e-16
1.182173139e-15
1.111709456e-15
1.766530061e-15
3.059259275e-15
4.014633135e-15
3.9814689e-15
3.640512131e-15
4.453421905e-15
4.467331233e-15
5.065153404e-15
5.434577931e-15
5.030660766e-15
4.803044282e-15
6.020624444e-15
5.827326344e-15
5.320618409e-15
5.037680417e-15
4.412404547e-15
4.985534324e-15
4.963056812e-15
5.610713825e-15
6.040978927e-15
4.88782733e-15
4.239063303e-15
4.254749367e-15
4.738445079e-15
5.554825964e-15
5.422500231e-15
5.936037428e-15
6.427411832e-15
6.648652609e-15
7.709633024e-15
7.159563792e-15
6.488911799e-15
5.789936756e-15
6.554370231e-15
5.969245661e-15
6.778444825e-15
6.795099449e-15
6.444682153e-15
6.19521459e-15
5.616202031e-15
7.94810521e-15
7.137824741e-15
5.821575867e-15
6.273605984e-15
5.740056963e-15
5.489260564e-15
5.097656571e-15
5.635930407e-15
6.271898009e-15
6.126737498e-15
5.637908366e-15
5.639153087e-15
6.268390079e-15
6.028441511e-15
6.893112864e-15
8.052080336e-15
7.485591087e-15
8.237695221e-15
8.464109009e-15
7.969051782e-15
6.892467161e-15
7.554574533e-15
7.891729479e-15
7.812614941e-15
8.15286285e-15
7.599837852e-15
7.642418709e-15
8.007808229e-15
6.440008324e-15
8.138373e-15
8.329385663e-15
6.761650062e-15
6.848608503e-15
7.936765005e-15
7.179738476e-15
5.212219438e-15
6.842857123e-15
7.341435238e-15
7.918957139e-15
6.941177394e-15
5.848174536e-15
5.78889058e-15
7.079484942e-15
8.75369944e-15
7.499037313e-15
6.207237226e-15
6.172393958e-15
7.192412869e-15
7.710064581e-15
7.591222406e-15
6.774194834e-15
5.446359902e-15
6.059459697e-15
6.173765438e-15
6.614049685e-15
5.92937167e-15
6.287679602e-15
6.201012776e-15
6.132514775e-15
5.90399114e-15
5.507583696e-15
6.260177128e-15
6.411854559e-15
6.545001709e-15
5.332537536e-15
4.391955509e-15
4.181443057e-15
3.46475896e-15
2.437031927e-15
1.907339468e-15
3.783343549e-15
5.514488084e-15
4.849606354e-15
3.05705242e-15
2.754725137e-15
5.230340649e-15
5.260855727e-15
4.02851207e-15
3.737091825e-15
4.106455964e-15
3.13270203e-15
2.049777233e-15
2.942614994e-15
2.61561746e-15
2.100801534e-15
1.984607007e-15
1.259502704e-16
1.848038231e-15
2.348353239e-15
2.329024698e-15
3.747690931e-15
3.06966946e-15
4.384963599e-15
3.301453751e-15
1.821762738e-15
1.74611596e-15
2.067406624e-15
1.076231403e-15
-9.093995683e-16
-1.283890127e-15
1.720351413e-16
3.063373191e-15
1.417993601e-15
-2.108353543e-15
-1.77346344e-16
7.549397481e-16
-4.196124758e-16
-1.813361418e-16
6.64165234e-17
2.622217127e-15
-3.486964784e-16
-3.381806992e-15
4.628112306e-18
-1.31948419e-15
-2.74636525e-15
5.371231109e-16
1.170453452e-15
2.099909688e-15
-4.417436662e-17
-1.908270219e-16
2.321844452e-16
-1.054817742e-16
2.42387922e-16
-8.660989601e-16
-1.942767442e-16
-3.422699629e-16
1.469686337e-15
1.534052384e-15
-7.911755135e-17
2.10249776e-15
-2.155947992e-17
-1.434866985e-15
-5.704556767e-16
5.997009085e-16
3.922824679e-15
1.051112059e-15
-6.810572778e-16
3.707229183e-15
1.505359412e-15
-9.721294127e-16
1.996326185e-15
2.091805444e-15
4.026260445e-15
1.895372069e-15
5.516920819e-16
2.317412596e-15
4.035925439e-15
2.365712281e-15
-3.953453491e-17
1.245722759e-15
8.24600682e-16
2.102018946e-15
1.064229152e-15
1.427711936e-16
2.292566108e-15
1.129553288e-15
-7.900671543e-16
5.136492925e-16
6.34985427e-16
1.12932932e-15
2.046295377e-15
3.367452041e-15
3.589644549e-15
3.834114176e-15
3.90204843e-15
4.721751573e-15
4.634449839e-15
4.902067741e-15
4.79536345e-15
4.822583999e-15
5.267949648e-15
6.115339112e-15
5.609522504e-15
5.545682555e-15
5.062609581e-15
4.361459595e-15
5.073706224e-15
4.870497577e-15
5.40395301e-15
5.867484982e-15
4.807436122e-15
4.49451213e-15
4.377715873e-15
4.847339369e-15
5.621031393e-15
5.769342495e-15
5.654918559e-15
6.025538803e-15
6.870452386e-15
7.669851763e-15
6.637856437e-15
6.492433909e-15
6.10995889e-15
6.670146762e-15
5.9046778e-15
6.519951373e-15
6.37030681e-15
6.120545532e-15
6.780678913e-15
5.708608467e-15
7.83052828e-15
7.714289637e-15
5.908451756e-15
5.891839094e-15
5.299929572e-15
5.325318236e-15
5.069028389e-15
5.749981062e-15
5.982536037e-15
5.979621843e-15
5.895709925e-15
6.161235941e-15
6.239572554e-15
5.579861482e-15
7.080436526e-15
7.815675751e-15
7.489865857e-15
7.973837241e-15
8.861196325e-15
8.425852765e-15
6.608057708e-15
7.595406916e-15
8.079548428e-15
7.348453542e-15
8.201639963e-15
7.83632576e-15
7.770241798e-15
8.185991432e-15
6.496559185e-15
8.276711976e-15
7.975557335e-15
6.73477423e-15
7.251656029e-15
7.934462463e-15
6.903974943e-15
5.428611744e-15
6.868582816e-15
7.387324882e-15
8.021315254e-15
6.856295526e-15
5.68503282e-15
6.119942618e-15
7.262093604e-15
8.228022465e-15
7.129885208e-15
6.467635029e-15
6.232720702e-15
6.865622304e-15
7.780771281e-15
8.088802205e-15
6.759733494e-15
5.435076531e-15
5.898710726e-15
5.925752564e-15
6.771124928e-15
6.071507422e-15
6.259838262e-15
5.720561179e-15
5.972482032e-15
6.270705637e-15
5.581638676e-15
6.206270291e-15
6.697371448e-15
6.649927267e-15
5.01141378e-15
4.146884222e-15
4.584462437e-15
3.629185551e-15
2.282915832e-15
2.069897353e-15
3.625189793e-15
5.110574796e-15
4.880720366e-15
3.201899183e-15
2.58373945e-15
4.995605367e-15
5.036561469e-15
4.066480617e-15
4.468223445e-15
4.666072735e-15
3.139810881e-15
1.745464159e-15
2.563047222e-15
2.496034771e-15
2.118359057e-15
2.308623177e-15
5.620617169e-16
1.409135011e-15
2.245988549e-15
2.594974296e-15
3.808694439e-15
3.199477607e-15
4.157065121e-15
2.736866152e-15
2.27266194e-15
1.930265569e-15
2.128066736e-15
9.985767705e-16
-8.094519688e-16
-1.095743948e-15
5.825182042e-17
2.814086014e-15
1.189941968e-15
-2.054309909e-15
-4.392709766e-16
4.602370465e-16
-2.366581784e-16
1.272603098e-16
1.082569633e-16
2.077983787e-15
-5.636800887e-16
-2.87644044e-15
-1.203848447e-16
-8.288426246e-16
-2.068116495e-15
3.708959064e-16
1.043179852e-15
2.005878644e-15
-2.494905472e-16
-4.008173877e-16
1.480212652e-16
5.562816731e-17
5.238283362e-16
-6.707010274e-16
-3.478873386e-16
-6.369581828e-16
1.647694317e-15
1.196067694e-15
-4.590008743e-16
2.498474282e-15
2.314189378e-16
-1.406851251e-15
9.050906989e-17
7.819851802e-16
3.922242638e-15
6.969336115e-16
-1.05023057e-15
3.402744146e-15
1.301914942e-15
-4.597713388e-16
2.160220419e-15
2.079233428e-15
3.949178771e-15
1.578866998e-15
4.683547159e-16
2.701633211e-15
3.761398779e-15
1.922237056e-15
5.407574932e-17
1.052265976e-15
9.774240664e-16
2.361795713e-15
1.067818566e-15
6.61141463e-16
1.835455762e-15
5.471499251e-16
1.293626614e-16
9.999242263e-16
-5.178499452e-17
1.051483583e-15
2.152215815e-15
3.208571819e-15
3.055264219e-15
4.036303589e-15
4.20906868e-15
4.020412396e-15
4.753332192e-15
5.226896602e-15
4.487088868e-15
4.871805594e-15
5.867998809e-15
5.761877458e-15
4.958929109e-15
5.831397693e-15
5.22962464e-15
4.500118223e-15
5.149593749e-15
4.860611321e-15
5.529496598e-15
5.884902959e-15
4.279879504e-15
4.328154189e-15
4.687375272e-15
5.089826566e-15
5.694781694e-15
5.849844614e-15
5.36216377e-15
6.121466513e-15
7.420665e-15
7.447877916e-15
6.622576467e-15
6.373312421e-15
5.682974421e-15
6.740596212e-15
5.832210659e-15
6.560788904e-15
6.6589946e-15
6.181318816e-15
6.830437927e-15
6.195438933e-15
7.236383517e-15
7.161417516e-15
6.190172741e-15
5.822258593e-15
5.722905532e-15
5.720672767e-15
5.067893056e-15
5.634990541e-15
5.684255798e-15
5.941479264e-15
5.328577896e-15
6.256286747e-15
6.929716297e-15
6.089397716e-15
6.219783908e-15
7.610244668e-15
7.925549413e-15
7.674052217e-15
8.91112332e-15
8.47293214e-15
6.483652268e-15
7.764348877e-15
7.91584858e-15
7.37752845e-15
8.286384605e-15
7.95746008e-15
8.11199067e-15
8.171087178e-15
6.170800155e-15
7.949165638e-15
7.705672916e-15
6.956892196e-15
7.693299668e-15
8.009288455e-15
7.005884413e-15
5.39773194e-15
6.618691511e-15
7.595664843e-15
7.621841024e-15
6.553119021e-15
6.104046861e-15
6.269074644e-15
6.767853526e-15
8.44186083e-15
7.252038245e-15
6.917571802e-15
6.722488778e-15
6.670328072e-15
7.242078524e-15
8.056574464e-15
6.872500776e-15
5.541869336e-15
5.633175757e-15
5.313222558e-15
6.607820388e-15
6.701990871e-15
6.600195384e-15
5.362707223e-15
5.814649116e-15
6.327090119e-15
5.901490597e-15
6.441328073e-15
6.47174293e-15
6.264396474e-15
4.996742812e-15
4.225642703e-15
4.47515931e-15
3.711527882e-15
2.798868138e-15
2.450107516e-15
3.234584186e-15
4.69976833e-15
4.796705012e-15
3.511417077e-15
2.798798421e-15
4.378282327e-15
4.878198415e-15
4.508300052e-15
4.577239951e-15
4.887982378e-15
3.057781427e-15
1.306177109e-15
2.491733563e-15
2.249829296e-15
2.354087568e-15
2.839022888e-15
8.283053911e-16
1.389873431e-15
2.165860199e-15
2.396416265e-15
3.663639e-15
3.670092599e-15
3.864389565e-15
2.143896034e-15
2.524945458e-15
2.225575105e-15
1.856794972e-15
7.933096368e-16
-6.052241072e-16
-6.468335182e-16
1.468421739e-17
2.343818976e-15
1.085953889e-15
-1.525685337e-15
-6.2238598e-16
-1.218282077e-16
-3.872223016e-16
3.220114826e-16
2.673608168e-16
1.395100076e-15
-4.783486113e-16
-2.246390312e-15
-2.569953208e-16
-9.929551346e-16
-1.594297583e-15
5.471051032e-16
1.022107052e-15
1.427060103e-15
-1.0735155e-16
-1.488349695e-16
-1.754688014e-17
1.035976062e-16
6.535152533e-16
-4.799709829e-16
-2.649341789e-16
-6.691911923e-16
1.50590299e-15
8.814250504e-16
-1.207491693e-16
2.762208245e-15
3.417852739e-16
-1.400276997e-15
2.769581197e-16
1.06328262e-15
3.183135662e-15
3.802965171e-16
-6.136782917e-16
2.865504879e-15
1.048201659e-15
-1.756630659e-16
2.129148152e-15
2.078875087e-15
3.966019338e-15
2.049086019e-15
4.606277928e-16
2.767632874e-15
3.673254652e-15
1.493635393e-15
1.956153115e-16
9.636661555e-16
6.337315132e-16
2.408583485e-15
1.638785901e-15
1.217928862e-15
1.265198971e-15
8.606573234e-17
1.135667394e-15
1.117423153e-15
6.135802456e-16
1.26166449e-15
1.888210486e-15
3.453450547e-15
3.198206008e-15
3.94611059e-15
4.23884575e-15
4.410056628e-15
4.766889047e-15
4.774115926e-15
4.503535567e-15
5.200475616e-15
5.715491287e-15
5.058440171e-15
4.95607655e-15
6.315196974e-15
5.362753535e-15
4.263930908e-15
5.099735382e-15
4.814064757e-15
5.826924457e-15
6.230040731e-15
4.095235425e-15
3.793995277e-15
4.385635002e-15
5.55158773e-15
5.97965463e-15
5.737062034e-15
5.476296332e-15
6.205459113e-15
7.260306411e-15
7.42398454e-15
6.928243891e-15
6.196908587e-15
5.687194129e-15
6.337058971e-15
5.703315884e-15
6.651726252e-15
7.289040231e-15
6.773130829e-15
6.102059403e-15
6.132324072e-15
7.270209619e-15
6.695193318e-15
6.001539389e-15
5.679393349e-15
6.126643745e-15
6.070956703e-15
5.060546869e-15
5.53348737e-15
5.847361932e-15
6.053370958e-15
5.262231874e-15
6.1042411e-15
6.952736792e-15
5.81902128e-15
6.292686545e-15
8.272860818e-15
8.094077274e-15
7.780971656e-15
8.348006553e-15
8.600321823e-15
6.799342055e-15
7.323107169e-15
8.025874558e-15
7.513696634e-15
8.2002434e-15
7.453421819e-15
8.084466046e-15
8.194225507e-15
5.923305096e-15
7.913691095e-15
8.123228774e-15
7.436314111e-15
6.977539437e-15
7.36612935e-15
7.521683372e-15
5.816337891e-15
6.47028714e-15
7.885974558e-15
7.51841597e-15
6.433659472e-15
6.349712613e-15
5.842656795e-15
6.850009626e-15
8.692717969e-15
7.54363861e-15
7.240537362e-15
6.69161852e-15
6.77348633e-15
7.191650507e-15
7.144274248e-15
5.971141957e-15
5.836466334e-15
6.373070968e-15
5.24268146e-15
6.795226577e-15
7.047258596e-15
5.877344831e-15
5.210479432e-15
6.430603523e-15
6.236679185e-15
5.68152264e-15
6.26922898e-15
6.741609611e-15
6.546238826e-15
4.84064392e-15
4.105593148e-15
4.576568918e-15
3.585807105e-15
2.54353516e-15
2.581506357e-15
3.633832674e-15
4.685799829e-15
4.488018361e-15
3.131207656e-15
2.987676506e-15
4.886836253e-15
4.797996215e-15
3.860263353e-15
4.353016024e-15
5.125735637e-15
3.572406006e-15
1.751743264e-15
2.262429393e-15
2.443544078e-15
1.87502028e-15
2.423010386e-15
1.161533853e-15
1.649198464e-15
2.305301024e-15
2.237190799e-15
3.438711864e-15
3.977045915e-15
3.804512468e-15
1.182653625e-15
2.029511387e-15
2.839963001e-15
2.145535338e-15
1.16831577e-15
-4.725966222e-16
-6.588859898e-16
6.70265509e-16
1.646089098e-15
-5.860106882e-17
-1.280106107e-15
1.051244501e-16
6.784032531e-17
4.503652296e-16
-1.765575333e-16
-5.442675812e-16
1.714488716e-15
-8.289402346e-16
-2.178465426e-15
3.526134163e-16
-8.938655997e-16
-1.44279166e-15
5.472366616e-16
1.103975247e-15
9.432087192e-16
-8.1285615e-16
-1.483756649e-16
2.913497517e-16
1.596204526e-16
1.047504793e-15
-6.289294635e-16
-6.41620482e-16
4.285874175e-16
1.677345216e-15
1.522744823e-16
-4.013411839e-16
2.201978184e-15
3.510936219e-16
-5.636957889e-16
7.685831882e-16
1.289473721e-15
2.714417203e-15
-3.11763437e-16
-7.040102506e-16
2.588029402e-15
9.641750111e-16
1.284798184e-16
2.516005451e-15
2.530767842e-15
2.955453526e-15
1.745499512e-15
1.326704327e-15
2.944352937e-15
3.42112153e-15
2.004889351e-15
1.466483013e-16
6.620095285e-16
1.06289416e-15
2.218926962e-15
1.257674434e-15
2.56560082e-16
1.683927148e-15
1.254664699e-15
5.323082151e-16
1.255642159e-16
1.916084846e-15
9.848390282e-16
1.599270839e-15
3.450642523e-15
3.567324365e-15
4.361697431e-15
4.010370606e-15
4.996657476e-15
5.336737899e-15
4.258606715e-15
4.681559251e-15
4.607299469e-15
4.833837802e-15
5.052854452e-15
5.308963814e-15
6.529757114e-15
5.121330106e-15
4.52643715e-15
5.189937915e-15
4.67393718e-15
5.395750417e-15
6.282006805e-15
4.210432414e-15
4.132738464e-15
4.864449812e-15
5.186295897e-15
5.116297421e-15
5.406978132e-15
6.018719172e-15
6.404163032e-15
7.058628433e-15
7.214818129e-15
6.953054532e-15
6.153017871e-15
6.178240103e-15
5.858438956e-15
5.542835809e-15
6.891785718e-15
7.40469637e-15
6.809855611e-15
6.439887947e-15
5.968489903e-15
6.038910421e-15
6.699776448e-15
6.628260843e-15
5.957249848e-15
5.826006447e-15
6.147862908e-15
5.337313833e-15
5.374881782e-15
6.50838228e-15
6.310151323e-15
4.999077254e-15
5.860997273e-15
6.872767636e-15
5.762965595e-15
6.395547918e-15
8.955314384e-15
8.075840041e-15
7.716437777e-15
7.967585806e-15
7.797789126e-15
7.264005749e-15
7.689447176e-15
7.906837715e-15
7.959028753e-15
7.818835324e-15
6.805992499e-15
7.99606723e-15
8.275159198e-15
6.321192794e-15
7.904848639e-15
8.187952799e-15
7.217777407e-15
7.004600985e-15
7.298141391e-15
6.97592882e-15
6.325143231e-15
6.613814046e-15
7.916614489e-15
7.237498869e-15
6.360823611e-15
6.712161553e-15
6.175196042e-15
7.128141068e-15
7.905047101e-15
6.94272666e-15
7.05391856e-15
6.780762665e-15
6.859477349e-15
7.312361118e-15
6.936080138e-15
6.095296233e-15
6.233659384e-15
6.587455213e-15
5.963811056e-15
6.876215382e-15
6.501562912e-15
5.650951447e-15
4.75090126e-15
6.229225859e-15
6.968620083e-15
5.598373224e-15
5.277995288e-15
7.002730768e-15
6.790710943e-15
4.61718692e-15
3.802340317e-15
4.85603554e-15
4.253475888e-15
2.531542791e-15
2.524114584e-15
3.102332724e-15
4.865331983e-15
4.924255719e-15
3.160503348e-15
2.390829546e-15
4.803958704e-15
5.76881808e-15
3.975817356e-15
3.166790785e-15
4.75862029e-15
4.079372003e-15
2.170049504e-15
1.781238016e-15
2.663774308e-15
2.657245858e-15
1.838247946e-15
3.314476887e-16
1.847299169e-15
3.354605005e-15
2.796526161e-15
2.496855561e-15
3.797935161e-15
4.390073481e-15
1.231379937e-15
1.735605662e-15
2.19385148e-15
2.365563416e-15
1.295022113e-15
-6.917602089e-16
-2.128968201e-16
1.27585502e-15
1.020575502e-15
-1.066104038e-15
-5.435389068e-16
8.252403817e-16
-2.699495385e-16
1.26140614e-19
6.403371133e-16
7.099752748e-16
7.446441401e-16
-2.151381426e-15
-2.48788884e-15
5.04944318e-16
6.546524862e-17
-7.119841395e-16
-4.867187107e-16
9.1133257e-16
1.137401833e-15
-8.787905085e-16
-6.747946476e-16
-3.144894406e-16
9.776902173e-16
1.568608783e-15
-3.172839367e-16
-7.085494039e-16
6.015417026e-16
1.54100343e-15
-4.010950756e-16
1.25614268e-16
1.832626095e-15
-1.830884788e-17
1.158419832e-16
4.060144574e-16
1.612033645e-15
2.553883304e-15
1.518448768e-16
1.315757079e-16
1.538456625e-15
8.841831518e-16
8.593631056e-16
1.692954459e-15
2.641833673e-15
2.981056501e-15
1.10247135e-15
1.824781015e-15
2.152507861e-15
3.348827481e-15
2.725898762e-15
4.955258836e-16
-5.281400917e-17
1.716506936e-15
2.506319015e-15
3.749469413e-16
6.216205375e-18
1.657212222e-15
1.620427134e-15
1.794977049e-17
3.03266777e-16
2.311430691e-15
1.606109117e-15
1.115494337e-15
2.898988965e-15
3.797232964e-15
4.819158948e-15
3.382270835e-15
3.865355618e-15
6.013314001e-15
4.470694677e-15
4.452356779e-15
5.399030116e-15
4.94781514e-15
4.514800948e-15
5.280913159e-15
6.444547997e-15
4.313873261e-15
5.516359765e-15
5.78871543e-15
4.085010271e-15
5.462169014e-15
6.45187116e-15
3.378364595e-15
4.196132715e-15
5.93971821e-15
5.220702777e-15
5.000576856e-15
4.885753588e-15
6.499845991e-15
6.887422716e-15
7.030586678e-15
7.176224085e-15
5.97596414e-15
5.669489237e-15
6.847965608e-15
6.422333847e-15
5.829277802e-15
6.621201149e-15
6.341860646e-15
6.247542197e-15
7.58980516e-15
6.585547723e-15
5.234376682e-15
7.088128348e-15
6.706830194e-15
5.455261297e-15
5.432676967e-15
6.37840781e-15
5.77196614e-15
5.308039526e-15
6.578931345e-15
6.197298155e-15
4.96247671e-15
5.707764892e-15
6.885157861e-15
5.587649145e-15
6.715317651e-15
9.070370358e-15
8.027269954e-15
7.69277233e-15
7.91652251e-15
7.434692179e-15
7.54671235e-15
8.160411075e-15
7.873826806e-15
7.787859033e-15
7.295781023e-15
6.434333582e-15
8.295921344e-15
8.573739971e-15
6.740443102e-15
7.625192207e-15
7.748453541e-15
7.372831833e-15
7.87321866e-15
6.643115175e-15
5.862101719e-15
7.869308372e-15
7.769754117e-15
7.219843727e-15
5.81610116e-15
6.345715469e-15
8.018437458e-15
6.82662754e-15
6.70694583e-15
6.908970119e-15
6.424688529e-15
7.041146149e-15
7.269139226e-15
6.586756768e-15
6.825155485e-15
7.353954975e-15
6.785417466e-15
6.168074351e-15
6.312639924e-15
6.72032213e-15
6.611499124e-15
5.990917092e-15
5.953010188e-15
4.908362091e-15
5.498995221e-15
6.80942191e-15
6.528444692e-15
5.506631027e-15
6.215458247e-15
5.992191326e-15
5.312770273e-15
4.304203558e-15
4.147771253e-15
4.327798751e-15
3.422258527e-15
2.472306738e-15
2.601080747e-15
4.932949717e-15
5.033623248e-15
4.050614938e-15
2.416920123e-15
3.677291032e-15
6.192967925e-15
5.193244672e-15
2.678474253e-15
3.694470137e-15
4.3177242e-15
2.395057579e-15
1.286293886e-15
2.454059555e-15
3.262930445e-15
1.211124439e-15
1.737736073e-16
2.561150714e-15
3.622838559e-15
3.401887197e-15
2.254341027e-15
3.737199016e-15
3.75320526e-15
1.306118947e-15
1.164674909e-15
1.926577269e-15
3.148456208e-15
9.18071252e-16
6.405787455e-17
4.478301918e-16
1.276327083e-15
3.570684089e-16
-1.391426983e-15
1.402484483e-16
3.16227448e-16
4.435643954e-17
-7.464298708e-18
8.560093684e-16
1.701381312e-15
-7.714921788e-16
-2.553798398e-15
-1.745244215e-15
-1.124786113e-16
7.204910044e-16
3.419788083e-17
-1.266059545e-15
4.745985611e-16
1.051897354e-15
-4.945330436e-16
-1.640103562e-15
-6.900781996e-16
1.695185477e-15
1.823034634e-15
-2.468557946e-16
-6.199252192e-16
1.513253595e-15
7.29157233e-16
-3.128425698e-16
6.722555018e-16
1.142058901e-16
2.2974975e-16
5.336937009e-16
1.16364939e-16
3.024416058e-15
1.158949189e-15
-4.377922028e-16
1.423352931e-15
3.883355698e-16
1.056856136e-15
1.783063924e-15
1.406489176e-15
3.752527699e-15
2.339821104e-15
6.758249249e-16
1.999177163e-15
1.723359878e-15
3.138367365e-15
2.247383823e-15
1.383349938e-15
9.553777126e-16
1.286746046e-15
1.747785936e-15
4.642228639e-16
4.044223255e-16
1.454665453e-15
1.893415587e-15
4.302759894e-17
-3.855830725e-16
2.388625848e-15
1.496736744e-15
1.551896803e-15
3.832813277e-15
4.436705404e-15
5.792504743e-15
3.157384804e-15
2.627783504e-15
5.886722526e-15
4.446731637e-15
3.676599245e-15
5.981931776e-15
5.196737807e-15
3.640079859e-15
6.350976777e-15
6.604293873e-15
4.437148224e-15
5.932726698e-15
5.516985891e-15
3.432101716e-15
4.691080456e-15
6.747206646e-15
3.221652302e-15
3.648249687e-15
6.165435373e-15
5.908516573e-15
5.730809666e-15
5.002628002e-15
6.356698716e-15
7.521754421e-15
7.784680609e-15
6.307375233e-15
5.14525981e-15
5.349903855e-15
7.174029311e-15
7.652086115e-15
5.871713827e-15
5.243109474e-15
6.402686753e-15
6.301571058e-15
7.273784692e-15
7.683489224e-15
5.48768332e-15
6.669572781e-15
7.096372378e-15
5.110126115e-15
4.754889603e-15
6.568438185e-15
5.879160506e-15
5.983351109e-15
6.261914542e-15
5.328965357e-15
5.387002481e-15
5.629789908e-15
6.168877547e-15
6.358770108e-15
7.286828872e-15
8.197874703e-15
7.881321354e-15
7.631036733e-15
7.683217161e-15
8.231770862e-15
7.997183605e-15
7.542392033e-15
7.814275749e-15
7.61959427e-15
6.321435384e-15
7.180094328e-15
9.052670507e-15
8.441436482e-15
8.192308697e-15
7.490639743e-15
5.999643306e-15
7.792603278e-15
9.031405139e-15
6.385102627e-15
4.321179935e-15
7.198874535e-15
9.359288751e-15
6.768953566e-15
4.571887946e-15
6.956785629e-15
8.334812801e-15
6.399811824e-15
7.90438289e-15
6.21137557e-15
6.051281294e-15
7.916545901e-15
7.1447646e-15
5.929455894e-15
6.984597307e-15
8.702136896e-15
6.85732122e-15
4.437716856e-15
5.348747963e-15
8.280282244e-15
6.227127821e-15
5.261448947e-15
6.996012441e-15
5.154174351e-15
4.289802745e-15
6.270706882e-15
8.462998301e-15
6.842454859e-15
4.30241853e-15
3.997691338e-15
7.128920747e-15
6.278057833e-15
2.402760247e-15
3.55142204e-15
3.546921835e-15
3.654985702e-15
3.775025519e-15
3.271783619e-15
4.130117353e-15
4.799055732e-15
3.312211154e-15
2.94321093e-15
5.326337747e-15
5.982184137e-15
3.490355269e-15
2.841849227e-15
4.558561788e-15
4.231689291e-15
1.141421086e-15
6.408917239e-16
2.288416954e-15
7.675225365e-16
1.691681256e-15
3.101412285e-15
3.263029181e-15
4.111624537e-15
2.092041801e-15
3.767879296e-15
2.309463238e-15
1.591240233e-15
1.832640857e-15
1.411559476e-15
1.462318597e-15
1.207171758e-15
2.174345146e-15
1.391232113e-15
1.416547213e-15
-1.665678931e-15
-1.8337565e-15
9.985670057e-16
-2.428793308e-16
7.03783428e-16
1.005067302e-15
3.662501952e-16
3.607817858e-16
-3.014519342e-15
-1.541685806e-15
1.248136518e-15
-1.75052268e-15
-8.784868737e-17
1.939578324e-15
-2.251143587e-16
-3.916401272e-16
-7.902995857e-16
6.388596514e-16
-1.14328309e-15
-1.154965583e-15
1.27163281e-15
1.89846094e-15
-2.705895947e-16
-6.260747279e-16
2.329251695e-15
-5.773094833e-16
3.766759907e-16
1.77899818e-15
-2.602718514e-15
7.420442837e-16
1.491958478e-15
8.590065478e-16
4.092071599e-15
-1.118255706e-15
-3.381002556e-16
2.161568918e-15
-2.828941581e-15
1.652500159e-15
4.089384487e-15
2.420546262e-15
4.699154738e-15
-1.056076076e-15
9.909788107e-16
5.398516538e-15
1.584223283e-15
-4.53296657e-17
2.138179926e-15
3.506623156e-15
1.936635202e-15
2.833375633e-16
-7.904785625e-16
1.715251995e-15
2.178699256e-15
1.423927301e-15
1.811256243e-15
-1.502675498e-15
-1.505314682e-15
)
;

boundaryField
{
    inlet
    {
        type            cyclic;
    }
    outlet
    {
        type            cyclic;
    }
    topWall
    {
        type            zeroGradient;
    }
    bottomWall
    {
        type            zeroGradient;
    }
    frontAndBack
    {
        type            empty;
    }
}


// ************************************************************************* //
