/*--------------------------------*- C++ -*----------------------------------*\
  =========                 |
  \\      /  F ield         | OpenFOAM: The Open Source CFD Toolbox
   \\    /   O peration     | Website:  https://openfoam.org
    \\  /    A nd           | Version:  10
     \\/     M anipulation  |
\*---------------------------------------------------------------------------*/
FoamFile
{
    format      ascii;
    class       volScalarField;
    location    "500";
    object      p;
}
// * * * * * * * * * * * * * * * * * * * * * * * * * * * * * * * * * * * * * //

dimensions      [0 2 -2 0 0 0 0];

internalField   nonuniform List<scalar> 
4000
(
-1.359760845e-15
-1.537565446e-15
-7.841929785e-16
-2.319474442e-16
5.441599363e-16
6.618185905e-16
3.955198087e-16
1.038881957e-16
3.902931995e-16
4.649351762e-16
1.866766967e-16
2.328578727e-17
-8.683716899e-17
-8.320841939e-16
-1.313166119e-15
-1.155273488e-15
-1.086220722e-15
-1.408777323e-15
-1.570732159e-15
-1.689990671e-15
-2.188355607e-15
-1.76990687e-15
-1.88546335e-15
-3.316362255e-15
-3.893992786e-15
-3.597918884e-15
-3.396649299e-15
-3.837686869e-15
-3.956090121e-15
-3.459545534e-15
-3.793757334e-15
-3.456028895e-15
-3.40908858e-15
-3.962476858e-15
-3.643056209e-15
-4.363077126e-15
-4.216212126e-15
-5.022690273e-15
-5.890319894e-15
-6.305485405e-15
-6.811286851e-15
-6.420924633e-15
-6.321971843e-15
-5.58242873e-15
-6.64513509e-15
-6.646648367e-15
-6.578996983e-15
-7.55435041e-15
-7.299306801e-15
-7.934392173e-15
-8.020872396e-15
-7.130373804e-15
-7.638461936e-15
-8.207442392e-15
-7.772151254e-15
-7.720541061e-15
-8.350178625e-15
-7.633434732e-15
-8.225249588e-15
-8.263029304e-15
-7.577521022e-15
-8.233664174e-15
-8.073491532e-15
-7.511743678e-15
-7.885302299e-15
-8.8288932e-15
-8.522553561e-15
-8.87470854e-15
-9.598032294e-15
-8.288103356e-15
-6.984106961e-15
-8.633801625e-15
-9.60096186e-15
-7.542673846e-15
-7.619711406e-15
-1.003978101e-14
-1.054276652e-14
-9.334898941e-15
-7.80866343e-15
-9.752681597e-15
-1.06170084e-14
-9.329959623e-15
-9.848359858e-15
-1.075067779e-14
-1.103157413e-14
-1.090187037e-14
-9.803050338e-15
-9.229813244e-15
-9.617374254e-15
-1.114749879e-14
-1.142864184e-14
-9.268834293e-15
-9.355391855e-15
-1.135724992e-14
-1.077854067e-14
-9.881088512e-15
-1.15302917e-14
-1.067841325e-14
-8.087177103e-15
-8.386700316e-15
-1.088529692e-14
-1.12779275e-14
-9.958071109e-15
-9.954618935e-15
-1.074742164e-14
-1.158378638e-14
-1.02507385e-14
-1.013158094e-14
-1.229902705e-14
-1.342039692e-14
-1.096388004e-14
-1.045167399e-14
-1.288319423e-14
-1.290038395e-14
-1.23838286e-14
-1.129901373e-14
-1.050767114e-14
-1.296563027e-14
-1.385668207e-14
-1.114259493e-14
-1.015347453e-14
-1.233453141e-14
-1.394605778e-14
-1.314267074e-14
-1.343424165e-14
-1.326223958e-14
-1.304305767e-14
-1.190924463e-14
-1.129817237e-14
-1.395946001e-14
-1.267224199e-14
-1.09949442e-14
-1.167116458e-14
-1.036094497e-14
-1.113494248e-14
-1.14769721e-14
-1.05018518e-14
-1.127882841e-14
-1.205228586e-14
-1.097408012e-14
-9.177533925e-15
-9.754219349e-15
-1.117069917e-14
-1.221712877e-14
-1.184235636e-14
-1.159038267e-14
-1.294446735e-14
-1.109941862e-14
-9.73046831e-15
-1.181942083e-14
-1.259115908e-14
-1.348824559e-14
-1.111613349e-14
-9.259583359e-15
-1.264287347e-14
-1.100961988e-14
-7.629198809e-15
-8.110706181e-15
-9.087195938e-15
-1.141146394e-14
-1.01872493e-14
-7.375243827e-15
-8.059321222e-15
-8.865664578e-15
-7.535507959e-15
-6.483078769e-15
-7.347406223e-15
-7.639343555e-15
-9.13596052e-15
-9.042530622e-15
-6.46796709e-15
-7.244752251e-15
-8.276658247e-15
-4.374970809e-15
-6.223838561e-15
-5.210420566e-15
-4.662179793e-15
-5.641467877e-15
-2.201876604e-15
-5.95879402e-15
-4.822665313e-15
-1.700601785e-15
-4.087908435e-15
-2.601783278e-15
-4.213133226e-15
-5.506783726e-15
-1.539927446e-15
-4.107220324e-15
-5.109921669e-15
-1.235310878e-15
-1.095293728e-15
-2.973049801e-15
-2.055877475e-15
-2.992262239e-15
-4.671089414e-15
-2.66838032e-15
-2.601621173e-15
-1.354029469e-15
1.565240136e-15
-3.227968241e-16
-1.514407878e-15
-1.469964158e-15
-6.31830326e-16
-1.621367682e-16
6.363628316e-16
8.863882904e-16
4.149177254e-16
4.911624553e-17
3.871400076e-16
7.258811994e-16
2.143912489e-16
-8.558010104e-17
-7.880137406e-18
-8.613529583e-16
-1.375206148e-15
-1.261784689e-15
-1.165711785e-15
-1.535564775e-15
-1.62083469e-15
-1.554285542e-15
-2.027457324e-15
-1.791946486e-15
-2.150149833e-15
-3.430452406e-15
-3.536686839e-15
-3.431463222e-15
-3.638680276e-15
-3.796362224e-15
-3.731077014e-15
-3.623317575e-15
-3.912953895e-15
-3.602690599e-15
-3.351719746e-15
-3.906011334e-15
-3.77344545e-15
-4.032154655e-15
-4.472762549e-15
-5.186819975e-15
-5.986604888e-15
-6.329878608e-15
-6.3243261e-15
-6.449855803e-15
-6.362329879e-15
-5.93665134e-15
-6.409484087e-15
-6.677299071e-15
-6.810149223e-15
-7.118228264e-15
-7.547627206e-15
-7.915766017e-15
-7.788588928e-15
-7.22718743e-15
-7.648423697e-15
-8.477734453e-15
-8.115957221e-15
-7.462352548e-15
-7.810077211e-15
-7.969361866e-15
-8.09658522e-15
-8.09459664e-15
-7.836510294e-15
-8.264796044e-15
-8.066468699e-15
-7.687989124e-15
-8.004831463e-15
-8.119411355e-15
-8.575814101e-15
-9.210542874e-15
-9.363977021e-15
-8.026822563e-15
-7.709320103e-15
-8.724436272e-15
-8.60033925e-15
-8.257322518e-15
-8.313734052e-15
-9.19879947e-15
-1.021181851e-14
-9.593699368e-15
-8.881432653e-15
-9.106014057e-15
-9.996461685e-15
-9.515733561e-15
-9.947716098e-15
-1.124631391e-14
-1.050973808e-14
-1.018681895e-14
-1.028101299e-14
-9.891960419e-15
-1.018155691e-14
-1.070955071e-14
-1.010766444e-14
-9.842779345e-15
-1.038649732e-14
-1.044003433e-14
-1.061803183e-14
-1.053955184e-14
-1.101429666e-14
-1.04146224e-14
-9.102956904e-15
-8.735752938e-15
-9.692945507e-15
-1.076127883e-14
-1.067746619e-14
-1.081043012e-14
-1.002262489e-14
-1.072241708e-14
-1.066921543e-14
-1.083627989e-14
-1.235183368e-14
-1.250275153e-14
-1.211543679e-14
-1.12207431e-14
-1.154109215e-14
-1.229635278e-14
-1.216015092e-14
-1.212399416e-14
-1.115026898e-14
-1.219067199e-14
-1.308767889e-14
-1.155887961e-14
-1.081981672e-14
-1.241777603e-14
-1.333863326e-14
-1.374475625e-14
-1.323173533e-14
-1.259644347e-14
-1.323231018e-14
-1.207335897e-14
-1.230341344e-14
-1.32541971e-14
-1.258555136e-14
-1.159914005e-14
-1.072872015e-14
-1.105526565e-14
-1.093271807e-14
-1.111040759e-14
-1.119258716e-14
-1.087789452e-14
-1.15544769e-14
-1.072572954e-14
-9.720118679e-15
-1.102856908e-14
-1.118378608e-14
-1.137542207e-14
-1.152312484e-14
-1.073429894e-14
-1.197386507e-14
-1.260459542e-14
-1.183339124e-14
-1.118720484e-14
-1.158392665e-14
-1.26282155e-14
-1.187282263e-14
-1.051212681e-14
-1.048045391e-14
-1.018434506e-14
-9.24215164e-15
-9.192682017e-15
-9.78610748e-15
-9.795506555e-15
-8.734845457e-15
-8.131436544e-15
-8.908468552e-15
-8.800839192e-15
-6.578105847e-15
-7.33827875e-15
-7.940837052e-15
-7.942532441e-15
-8.406038205e-15
-7.057921068e-15
-7.387893949e-15
-7.826103983e-15
-7.853720595e-15
-6.646844641e-15
-5.50696419e-15
-4.179378436e-15
-4.787928759e-15
-5.562948744e-15
-3.725229148e-15
-3.789571204e-15
-4.640057931e-15
-2.732577564e-15
-3.109924634e-15
-4.14616785e-15
-4.149219759e-15
-4.575757317e-15
-2.687868966e-15
-2.702382755e-15
-3.899850139e-15
-2.453592998e-15
-2.487126541e-15
-2.340160727e-15
-2.007836832e-15
-3.714528977e-15
-3.520828227e-15
-2.18991149e-15
-2.426270403e-15
-1.801417753e-15
2.533161672e-17
-4.714253143e-16
-6.788209844e-16
-1.331879155e-15
-5.973113179e-16
-1.69753341e-16
8.852469933e-16
1.150134485e-15
4.512152249e-16
-5.079811041e-17
3.120298626e-16
7.696613794e-16
2.027016744e-16
-9.614884753e-17
1.760869129e-16
-7.540494591e-16
-1.550099692e-15
-1.337571393e-15
-1.192186284e-15
-1.637720536e-15
-1.608160901e-15
-1.618611104e-15
-1.89647315e-15
-1.622890852e-15
-2.347824508e-15
-3.796046646e-15
-3.426145342e-15
-3.308074926e-15
-3.633228714e-15
-3.678000686e-15
-3.68950556e-15
-3.626913225e-15
-4.013056218e-15
-3.704447102e-15
-3.431153981e-15
-3.70930237e-15
-3.790341059e-15
-4.218155155e-15
-4.527805522e-15
-5.065254272e-15
-5.972363606e-15
-6.308013012e-15
-6.318108636e-15
-6.598750248e-15
-6.281746031e-15
-6.06548499e-15
-6.164702498e-15
-6.653878357e-15
-6.983638268e-15
-6.881806144e-15
-7.54875257e-15
-8.096862445e-15
-7.751237745e-15
-7.238722932e-15
-7.681833825e-15
-8.416863319e-15
-8.129521971e-15
-7.465508741e-15
-7.853458977e-15
-8.232904755e-15
-7.663957365e-15
-7.965482434e-15
-8.179238162e-15
-8.032728827e-15
-8.00026057e-15
-8.009106934e-15
-7.860855092e-15
-7.794322618e-15
-8.920061048e-15
-9.316346795e-15
-8.829548812e-15
-8.192781963e-15
-8.36125022e-15
-8.437771265e-15
-8.032756483e-15
-8.839634169e-15
-9.124729319e-15
-8.493279347e-15
-9.643098888e-15
-1.005799861e-14
-9.386982505e-15
-8.44146474e-15
-9.728168055e-15
-1.003584193e-14
-1.017503542e-14
-1.08434111e-14
-1.0009923e-14
-9.706499869e-15
-1.092986778e-14
-1.074792595e-14
-9.933845497e-15
-1.021631536e-14
-9.658525911e-15
-1.040709548e-14
-1.071205954e-14
-1.007238231e-14
-1.08172454e-14
-1.091462282e-14
-1.069182381e-14
-1.000271992e-14
-9.604915411e-15
-9.188379545e-15
-9.101083246e-15
-1.027856588e-14
-1.070579189e-14
-1.117808286e-14
-1.035124275e-14
-1.008199395e-14
-1.08636025e-14
-1.112591068e-14
-1.218602196e-14
-1.181773835e-14
-1.270814234e-14
-1.235457111e-14
-1.071798895e-14
-1.181872263e-14
-1.230776585e-14
-1.188826503e-14
-1.20366226e-14
-1.197210277e-14
-1.171446726e-14
-1.200897703e-14
-1.158806075e-14
-1.260852472e-14
-1.295418752e-14
-1.36662083e-14
-1.30044251e-14
-1.286512673e-14
-1.336691968e-14
-1.210127231e-14
-1.303180784e-14
-1.276047955e-14
-1.192602431e-14
-1.179002327e-14
-1.099762372e-14
-1.133987613e-14
-1.081891066e-14
-1.048652876e-14
-1.16412143e-14
-1.073501353e-14
-1.058821442e-14
-1.142216436e-14
-1.067334233e-14
-1.12313765e-14
-1.086630582e-14
-1.102531118e-14
-1.094088099e-14
-1.041609807e-14
-1.177674808e-14
-1.314919881e-14
-1.294696518e-14
-1.124921227e-14
-1.151245804e-14
-1.159193257e-14
-1.152006089e-14
-1.124052371e-14
-9.978402149e-15
-9.801435966e-15
-1.016088455e-14
-9.752170646e-15
-9.948530534e-15
-8.78716563e-15
-7.807414858e-15
-8.948042228e-15
-8.95023497e-15
-8.413748688e-15
-7.347670915e-15
-7.898224148e-15
-8.147799376e-15
-7.643586818e-15
-7.024214539e-15
-6.606230925e-15
-8.407018317e-15
-8.12867081e-15
-6.464586994e-15
-7.714126055e-15
-6.974685105e-15
-3.927965928e-15
-4.229654405e-15
-4.881420329e-15
-4.571888142e-15
-3.181389674e-15
-4.004031444e-15
-3.669075778e-15
-2.260599455e-15
-4.515532895e-15
-4.683756742e-15
-3.183794998e-15
-3.628946754e-15
-3.571367813e-15
-2.974158575e-15
-2.419221149e-15
-3.020024511e-15
-2.414931736e-15
-2.103323731e-15
-3.687471744e-15
-2.533827789e-15
-1.694333928e-15
-3.159634722e-15
-2.401844892e-15
-1.292807741e-15
-5.551863233e-16
-4.066586988e-16
-1.353302545e-15
-5.857834458e-16
-2.736007805e-17
9.038193653e-16
1.155036004e-15
7.486707423e-16
-2.616841715e-17
3.498814522e-16
7.711256957e-16
1.583555633e-16
-1.192927962e-16
7.611780729e-17
-5.509841497e-16
-1.437610231e-15
-1.541675538e-15
-1.107251732e-15
-1.61216041e-15
-1.624557607e-15
-1.718086831e-15
-1.836402111e-15
-1.658305324e-15
-2.144823659e-15
-3.956720327e-15
-3.517504965e-15
-3.332853334e-15
-3.612981003e-15
-3.57369324e-15
-3.785554106e-15
-3.515912091e-15
-4.057415368e-15
-3.95189481e-15
-3.731640497e-15
-3.47391348e-15
-3.61499019e-15
-4.44431272e-15
-4.386717983e-15
-4.786505183e-15
-5.883910669e-15
-6.606213928e-15
-6.599353643e-15
-6.41280911e-15
-6.08196888e-15
-6.478709606e-15
-6.058505027e-15
-6.36893639e-15
-6.900295659e-15
-7.057015619e-15
-7.713833974e-15
-8.295034863e-15
-7.665524021e-15
-7.180104242e-15
-7.449151151e-15
-8.226352632e-15
-8.045841621e-15
-7.48733895e-15
-8.223588892e-15
-8.205403711e-15
-7.593096506e-15
-7.892979487e-15
-8.058308781e-15
-7.560990041e-15
-8.032607815e-15
-8.471731413e-15
-7.794804455e-15
-7.915125523e-15
-9.114235087e-15
-8.823606877e-15
-8.709487152e-15
-8.93465174e-15
-8.180198161e-15
-7.710671469e-15
-8.226582933e-15
-9.170872114e-15
-9.42029922e-15
-8.452980246e-15
-9.097549639e-15
-1.047710834e-14
-9.367854425e-15
-8.072238556e-15
-9.52042275e-15
-1.054682253e-14
-1.042749903e-14
-1.01455122e-14
-9.933624434e-15
-1.004978513e-14
-1.083945932e-14
-1.100147849e-14
-9.846499417e-15
-9.851617821e-15
-1.00013699e-14
-1.052511869e-14
-1.037783635e-14
-1.050973803e-14
-1.114622741e-14
-1.105981263e-14
-1.000084214e-14
-9.670850768e-15
-1.010818425e-14
-9.567870015e-15
-8.79758636e-15
-1.015365806e-14
-1.068382635e-14
-1.094448049e-14
-1.093577522e-14
-9.952689778e-15
-1.069152616e-14
-1.131849194e-14
-1.185770873e-14
-1.165764343e-14
-1.277464236e-14
-1.263798509e-14
-1.087782792e-14
-1.151447232e-14
-1.235157188e-14
-1.180601793e-14
-1.242229723e-14
-1.170151348e-14
-1.084233813e-14
-1.254207798e-14
-1.233729968e-14
-1.246747353e-14
-1.250313904e-14
-1.366954739e-14
-1.329327179e-14
-1.318296749e-14
-1.300267463e-14
-1.269775882e-14
-1.296562426e-14
-1.203639187e-14
-1.184657011e-14
-1.201559436e-14
-1.167495414e-14
-1.103136103e-14
-1.045069695e-14
-1.026064615e-14
-1.166101207e-14
-1.103234239e-14
-1.030251189e-14
-1.187311384e-14
-1.178781904e-14
-1.072786442e-14
-1.02866325e-14
-1.076273502e-14
-1.032841529e-14
-1.114928368e-14
-1.20836455e-14
-1.253889928e-14
-1.29066071e-14
-1.195626238e-14
-1.171491574e-14
-1.081955643e-14
-1.133090098e-14
-1.143476983e-14
-9.840546192e-15
-1.003890155e-14
-1.090708838e-14
-9.79981262e-15
-9.330311274e-15
-8.266317521e-15
-7.903655791e-15
-9.248561355e-15
-8.516959323e-15
-8.495554417e-15
-8.889839101e-15
-7.96194102e-15
-6.821571909e-15
-7.095840662e-15
-6.614283398e-15
-7.533496653e-15
-8.539244099e-15
-7.91164323e-15
-6.427142251e-15
-7.440341293e-15
-7.445043022e-15
-4.965339138e-15
-4.001094693e-15
-3.676565017e-15
-4.912095175e-15
-3.380291932e-15
-3.373056001e-15
-4.434097282e-15
-2.772390779e-15
-3.338817056e-15
-4.5757277e-15
-3.103588102e-15
-3.953576227e-15
-4.291323392e-15
-2.923397162e-15
-2.939581305e-15
-2.707492996e-15
-1.97865139e-15
-2.256128707e-15
-2.888781679e-15
-2.005046976e-15
-2.532162742e-15
-3.417125902e-15
-2.415371847e-15
-2.580720202e-15
-5.854827283e-16
-4.631647991e-16
-1.503932504e-15
-6.467671636e-16
2.264965346e-17
1.114451523e-15
1.292569848e-15
5.443386122e-16
2.087058437e-17
5.24393748e-16
9.078648387e-16
3.807255055e-16
6.307775001e-17
-1.309994078e-16
-6.321949719e-16
-1.404674833e-15
-1.544057583e-15
-1.354331212e-15
-1.497829208e-15
-1.590615553e-15
-1.736899575e-15
-1.638803664e-15
-1.750905253e-15
-2.24774479e-15
-4.032165848e-15
-3.658556434e-15
-3.321730337e-15
-3.817249906e-15
-3.513785217e-15
-3.773584435e-15
-3.21877161e-15
-3.942111767e-15
-4.07268221e-15
-3.654142039e-15
-3.356104596e-15
-3.741129522e-15
-4.472644383e-15
-4.235384022e-15
-4.72989581e-15
-6.022095637e-15
-6.807422836e-15
-6.416244431e-15
-6.419895028e-15
-6.133822328e-15
-6.724493199e-15
-6.459865626e-15
-6.063802123e-15
-6.624608999e-15
-6.963271363e-15
-7.780623914e-15
-8.665117472e-15
-7.823583727e-15
-7.258434154e-15
-7.2117917e-15
-8.101247047e-15
-7.929420694e-15
-7.578238669e-15
-8.304410327e-15
-8.0584656e-15
-7.480016572e-15
-7.703628928e-15
-8.132940044e-15
-7.558490436e-15
-8.297768721e-15
-8.323477494e-15
-7.803025234e-15
-8.041891034e-15
-9.207237726e-15
-8.45146823e-15
-8.785212374e-15
-9.54480419e-15
-7.702871388e-15
-7.203704405e-15
-8.422992843e-15
-9.158782624e-15
-9.435027659e-15
-8.723171591e-15
-8.782470249e-15
-1.046739788e-14
-9.606004381e-15
-8.195609712e-15
-9.138549524e-15
-1.053827333e-14
-1.062906522e-14
-9.951905115e-15
-1.032104931e-14
-1.071037805e-14
-1.016840373e-14
-1.093083301e-14
-1.017070488e-14
-9.439597074e-15
-1.027218585e-14
-1.07116906e-14
-1.005686568e-14
-1.065532473e-14
-1.135550344e-14
-1.131428149e-14
-9.265503098e-15
-9.242450829e-15
-1.051435554e-14
-1.024456203e-14
-8.552042358e-15
-9.970796045e-15
-1.096847447e-14
-1.069442917e-14
-1.147372473e-14
-9.928611493e-15
-9.994148269e-15
-1.14098546e-14
-1.222817617e-14
-1.182884091e-14
-1.258749743e-14
-1.221440634e-14
-1.171496808e-14
-1.109457942e-14
-1.183865679e-14
-1.238732001e-14
-1.231056748e-14
-1.117032624e-14
-1.093269512e-14
-1.277885038e-14
-1.263766538e-14
-1.203281753e-14
-1.228879936e-14
-1.393232486e-14
-1.375816715e-14
-1.301803765e-14
-1.268002164e-14
-1.372701115e-14
-1.240902632e-14
-1.086900416e-14
-1.226219158e-14
-1.278060293e-14
-1.184558593e-14
-1.10513449e-14
-1.025900073e-14
-1.003343347e-14
-1.081462714e-14
-1.147167216e-14
-1.081092835e-14
-1.163557559e-14
-1.265528896e-14
-1.053157194e-14
-9.509953259e-15
-9.99273839e-15
-1.021610505e-14
-1.228414824e-14
-1.25060327e-14
-1.197928258e-14
-1.223092365e-14
-1.275493205e-14
-1.189333618e-14
-1.019311574e-14
-1.208444156e-14
-1.136045396e-14
-9.163479655e-15
-1.037774513e-14
-1.14297413e-14
-9.945464007e-15
-9.222324501e-15
-7.596902233e-15
-7.863873288e-15
-9.300374821e-15
-8.632942261e-15
-9.121370552e-15
-9.272314574e-15
-7.779670704e-15
-5.611603878e-15
-6.517432053e-15
-7.178787252e-15
-8.490555143e-15
-8.116173642e-15
-7.548830637e-15
-7.408322054e-15
-7.041598232e-15
-6.482798626e-15
-6.118877414e-15
-4.252848607e-15
-2.241030367e-15
-5.058342605e-15
-3.545692374e-15
-3.077739981e-15
-5.148456974e-15
-3.865507303e-15
-2.904724691e-15
-3.470646852e-15
-3.157128644e-15
-4.352658322e-15
-3.646936123e-15
-2.965797781e-15
-4.299769736e-15
-2.704039489e-15
-1.532044322e-15
-2.587927854e-15
-1.986775709e-15
-1.317555154e-15
-3.649736769e-15
-2.99806806e-15
-2.250641293e-15
-3.456537307e-15
-5.011166407e-16
-9.613417804e-16
-1.776450877e-15
-5.580323135e-16
-3.861256709e-17
1.28991424e-15
1.497017126e-15
2.539106255e-16
3.40308857e-17
8.795065135e-16
8.431020409e-16
4.249923788e-16
3.544631466e-16
-2.308257952e-17
-8.754792565e-16
-1.49682927e-15
-1.500182917e-15
-1.421851031e-15
-1.320809904e-15
-1.462634162e-15
-2.152255043e-15
-1.520316913e-15
-1.333626441e-15
-2.44252113e-15
-3.908366474e-15
-3.861885494e-15
-3.63954698e-15
-3.892575914e-15
-3.63412126e-15
-3.414936191e-15
-2.950363066e-15
-4.105301621e-15
-4.126886426e-15
-3.463104181e-15
-3.349210654e-15
-3.863282527e-15
-4.401358396e-15
-4.205310019e-15
-4.588766383e-15
-6.093574552e-15
-6.916373619e-15
-6.35196168e-15
-6.32111197e-15
-6.039387934e-15
-6.792266743e-15
-6.631984735e-15
-6.488988644e-15
-6.45040244e-15
-6.645485816e-15
-7.893543206e-15
-8.527636485e-15
-7.701305578e-15
-7.599413836e-15
-7.627960466e-15
-7.842091177e-15
-7.648037394e-15
-8.143711423e-15
-8.217985436e-15
-7.628554257e-15
-7.71849224e-15
-7.683046744e-15
-7.749687237e-15
-7.77719787e-15
-8.575645751e-15
-8.375965509e-15
-7.626487661e-15
-8.274730802e-15
-9.364617444e-15
-8.437143533e-15
-8.815861495e-15
-9.343465175e-15
-7.813939388e-15
-6.866602351e-15
-8.183074761e-15
-9.235137165e-15
-9.364274681e-15
-8.783535526e-15
-8.745871968e-15
-1.054668924e-14
-9.646242135e-15
-8.127631217e-15
-8.776955115e-15
-1.045716102e-14
-1.106804886e-14
-1.008702154e-14
-1.028121406e-14
-1.082106865e-14
-1.012102512e-14
-1.095996207e-14
-1.007836677e-14
-9.15813127e-15
-1.031360125e-14
-1.06059316e-14
-1.01351427e-14
-1.098618566e-14
-1.14361565e-14
-1.134243154e-14
-9.193204412e-15
-8.91553948e-15
-1.062440695e-14
-1.062771394e-14
-8.376620185e-15
-9.784953387e-15
-1.105232788e-14
-1.09687958e-14
-1.114302145e-14
-9.766822923e-15
-9.883542866e-15
-1.174377261e-14
-1.233017122e-14
-1.19416686e-14
-1.234824073e-14
-1.223540371e-14
-1.221075866e-14
-1.079691867e-14
-1.127861605e-14
-1.280250476e-14
-1.261436499e-14
-1.100231212e-14
-1.13546492e-14
-1.218789472e-14
-1.211186516e-14
-1.217028056e-14
-1.247022785e-14
-1.405295046e-14
-1.422345055e-14
-1.298320809e-14
-1.266293273e-14
-1.374206952e-14
-1.240246557e-14
-1.048029477e-14
-1.243913399e-14
-1.291159392e-14
-1.218606698e-14
-1.079924821e-14
-9.883829379e-15
-1.027633889e-14
-1.063998078e-14
-1.136324146e-14
-1.079585708e-14
-1.144912127e-14
-1.297767266e-14
-1.102561009e-14
-9.097749397e-15
-9.527437318e-15
-1.087483615e-14
-1.250619771e-14
-1.201827104e-14
-1.175494072e-14
-1.224887785e-14
-1.318559523e-14
-1.124715439e-14
-1.056295648e-14
-1.236572904e-14
-1.129658762e-14
-8.897653721e-15
-1.035708258e-14
-1.17084114e-14
-9.675670455e-15
-9.210829753e-15
-7.101787817e-15
-8.281387632e-15
-9.315607997e-15
-8.77331535e-15
-9.393594947e-15
-9.409626344e-15
-7.346167312e-15
-5.329558504e-15
-6.579447126e-15
-7.329796612e-15
-9.087906244e-15
-7.729297749e-15
-7.09124061e-15
-7.867280345e-15
-7.25573944e-15
-5.924279189e-15
-6.336987473e-15
-4.675029295e-15
-1.801944264e-15
-4.252683379e-15
-3.750118511e-15
-3.608980094e-15
-5.49253108e-15
-3.863096163e-15
-2.509859986e-15
-3.026955628e-15
-3.797273165e-15
-4.912656258e-15
-2.569711386e-15
-2.690524815e-15
-4.983794867e-15
-2.726765437e-15
-1.132203469e-15
-2.776194298e-15
-1.967173251e-15
-1.865835428e-15
-3.838194266e-15
-1.923468306e-15
-2.076235831e-15
-3.751499756e-15
-1.050053421e-15
-1.572194904e-15
-1.762439437e-15
-4.81999059e-16
1.695715122e-16
1.119027019e-15
1.365069388e-15
4.05898116e-16
1.31007328e-16
1.102273187e-15
7.808356707e-16
5.66746815e-16
2.959593086e-16
1.021676413e-16
-9.377623899e-16
-1.091457987e-15
-1.639132351e-15
-1.303862751e-15
-1.370447093e-15
-1.533987042e-15
-2.267221176e-15
-1.200667092e-15
-1.066566211e-15
-2.837956086e-15
-4.084217718e-15
-3.841011564e-15
-4.048346281e-15
-3.959466753e-15
-3.577711696e-15
-3.27213375e-15
-2.763493431e-15
-4.34071013e-15
-4.083104868e-15
-3.063146659e-15
-3.648141799e-15
-4.318576535e-15
-4.00272694e-15
-4.337086049e-15
-4.812779724e-15
-5.904079118e-15
-6.82127876e-15
-6.433277396e-15
-6.252942702e-15
-5.783889772e-15
-6.417474454e-15
-6.414479341e-15
-6.909242454e-15
-6.805970112e-15
-6.240391793e-15
-8.23073199e-15
-8.596971854e-15
-7.240411201e-15
-7.420869076e-15
-7.904859555e-15
-7.772888878e-15
-7.469780125e-15
-8.376381418e-15
-8.367819389e-15
-7.868073224e-15
-7.826165105e-15
-7.439889826e-15
-7.228309673e-15
-8.218576057e-15
-8.915149658e-15
-8.307224537e-15
-7.579023738e-15
-8.468944734e-15
-9.049955595e-15
-8.673671295e-15
-9.000159439e-15
-8.697963628e-15
-7.9724668e-15
-7.003376914e-15
-7.965826573e-15
-9.485150759e-15
-9.472395917e-15
-8.359474209e-15
-8.71074183e-15
-1.0415551e-14
-9.599423115e-15
-8.638134424e-15
-9.026114644e-15
-9.911731168e-15
-1.105896004e-14
-1.021747559e-14
-1.001607852e-14
-1.072027357e-14
-1.028787182e-14
-1.056476507e-14
-1.029480746e-14
-9.466482185e-15
-1.006625145e-14
-1.030285687e-14
-1.022807772e-14
-1.093187184e-14
-1.137842604e-14
-1.164521308e-14
-9.816709802e-15
-9.162070064e-15
-9.859240851e-15
-1.044219477e-14
-9.277571063e-15
-9.678797979e-15
-1.105266989e-14
-1.1134224e-14
-1.056887113e-14
-9.597807595e-15
-1.027668739e-14
-1.146919579e-14
-1.236023744e-14
-1.230414979e-14
-1.222695671e-14
-1.256499649e-14
-1.24823399e-14
-1.072730432e-14
-1.105694844e-14
-1.266705144e-14
-1.289701802e-14
-1.116718121e-14
-1.149428806e-14
-1.178464057e-14
-1.144011884e-14
-1.211573906e-14
-1.289274668e-14
-1.443457456e-14
-1.410993869e-14
-1.303683239e-14
-1.258921439e-14
-1.29093377e-14
-1.310933548e-14
-1.143248997e-14
-1.220623923e-14
-1.269049011e-14
-1.196915607e-14
-1.078197795e-14
-9.655136058e-15
-1.020497891e-14
-1.120846566e-14
-1.054965589e-14
-1.013344159e-14
-1.171634432e-14
-1.330327009e-14
-1.116603446e-14
-9.640514428e-15
-9.102212122e-15
-1.123915721e-14
-1.292001265e-14
-1.158707415e-14
-1.165493605e-14
-1.275208022e-14
-1.292709781e-14
-1.057896212e-14
-1.057298551e-14
-1.206193433e-14
-1.160333658e-14
-9.363738382e-15
-1.043568254e-14
-1.169946226e-14
-9.086946047e-15
-9.336628821e-15
-7.425272148e-15
-8.682887062e-15
-9.238919711e-15
-8.459205015e-15
-9.010112045e-15
-9.282507281e-15
-7.2511029e-15
-5.906856909e-15
-7.764492332e-15
-6.920936799e-15
-8.844900084e-15
-7.67268249e-15
-6.235370015e-15
-7.571233472e-15
-7.84175204e-15
-6.011808266e-15
-6.316224925e-15
-4.73001376e-15
-2.172766594e-15
-3.638282638e-15
-3.399716937e-15
-4.344629023e-15
-5.754563315e-15
-3.179001225e-15
-2.521737082e-15
-3.031903062e-15
-4.200699573e-15
-5.212713441e-15
-1.988525786e-15
-2.142123578e-15
-4.822648416e-15
-3.076052384e-15
-1.195286203e-15
-2.804115756e-15
-2.163061114e-15
-2.372071933e-15
-3.226049509e-15
-1.181495115e-15
-2.536785567e-15
-3.754894032e-15
-1.432099557e-15
-2.102529994e-15
-2.231472825e-15
-3.71284507e-16
5.581215349e-16
1.034979722e-15
1.278020793e-15
6.039176903e-16
1.462539401e-16
8.894177599e-16
8.464879378e-16
5.128866521e-16
4.256564154e-16
-6.598773883e-17
-9.122469833e-16
-7.562236185e-16
-1.311517314e-15
-1.323416147e-15
-1.315531909e-15
-1.603834422e-15
-2.085577039e-15
-1.082027326e-15
-1.464865779e-15
-2.966176576e-15
-4.223789602e-15
-3.825505921e-15
-4.099619656e-15
-4.134342699e-15
-3.455132495e-15
-2.834788698e-15
-3.154762043e-15
-4.422382038e-15
-3.795638556e-15
-3.068013357e-15
-3.978530543e-15
-4.21496223e-15
-3.907438961e-15
-4.811151743e-15
-5.072800417e-15
-5.829404747e-15
-6.752300032e-15
-5.994763804e-15
-6.016161038e-15
-5.914440055e-15
-6.554936118e-15
-6.563619726e-15
-6.788408591e-15
-6.597472947e-15
-6.045131695e-15
-8.373687044e-15
-8.943177369e-15
-7.13500677e-15
-7.308419911e-15
-8.045213049e-15
-7.725064693e-15
-7.374864418e-15
-7.952565902e-15
-8.266216874e-15
-8.495441519e-15
-7.92439673e-15
-6.700029842e-15
-7.133796831e-15
-8.564602677e-15
-9.21457625e-15
-8.49535231e-15
-7.522189071e-15
-8.56939237e-15
-8.869958058e-15
-8.933578658e-15
-8.685020375e-15
-7.781509707e-15
-8.145487587e-15
-7.140665728e-15
-7.879963757e-15
-9.456629669e-15
-9.579295397e-15
-8.202578085e-15
-8.882324969e-15
-1.019455744e-14
-9.476753162e-15
-9.404983139e-15
-9.097302317e-15
-9.754927323e-15
-1.097729179e-14
-1.013475888e-14
-1.017057244e-14
-1.063763293e-14
-1.058280167e-14
-1.052497409e-14
-1.013445195e-14
-9.462887145e-15
-9.859407268e-15
-1.008476566e-14
-1.048227717e-14
-1.063982558e-14
-1.119419026e-14
-1.173315759e-14
-1.025159093e-14
-9.352547448e-15
-9.420732325e-15
-1.052470736e-14
-1.003349491e-14
-9.755116408e-15
-1.089813526e-14
-1.118036765e-14
-1.051957189e-14
-9.584710728e-15
-9.9219438e-15
-1.118958548e-14
-1.298845927e-14
-1.258337655e-14
-1.23825874e-14
-1.237702602e-14
-1.250892722e-14
-1.096421658e-14
-1.063510781e-14
-1.247991428e-14
-1.336432325e-14
-1.15929271e-14
-1.131545708e-14
-1.150781269e-14
-1.145958388e-14
-1.178119097e-14
-1.316129035e-14
-1.484679956e-14
-1.397074873e-14
-1.291963219e-14
-1.206499608e-14
-1.234055682e-14
-1.373484923e-14
-1.230058583e-14
-1.174719171e-14
-1.245916513e-14
-1.20815135e-14
-1.097692772e-14
-9.643503877e-15
-9.976551663e-15
-1.115899766e-14
-1.029462462e-14
-9.506432674e-15
-1.164328959e-14
-1.380181594e-14
-1.126638809e-14
-1.010457019e-14
-9.122226633e-15
-1.117365002e-14
-1.349292967e-14
-1.11834554e-14
-1.12611744e-14
-1.290920569e-14
-1.291665862e-14
-1.050457849e-14
-1.041532523e-14
-1.216575784e-14
-1.173121391e-14
-9.037167351e-15
-1.078736448e-14
-1.207188141e-14
-9.260714515e-15
-9.302784059e-15
-7.698935988e-15
-8.65353484e-15
-8.933148279e-15
-8.408904553e-15
-8.457920065e-15
-8.731707211e-15
-7.156676202e-15
-6.688277143e-15
-8.684190953e-15
-6.259278431e-15
-8.595069086e-15
-7.62659688e-15
-5.586768707e-15
-7.510476783e-15
-8.50738665e-15
-6.52337952e-15
-5.910818578e-15
-4.472357179e-15
-2.916312509e-15
-3.69496416e-15
-2.748036893e-15
-4.442161771e-15
-6.197701772e-15
-3.04021982e-15
-3.100032146e-15
-2.321807162e-15
-3.693852438e-15
-5.556013755e-15
-1.862622035e-15
-1.520957778e-15
-4.376829489e-15
-3.72440792e-15
-1.580443662e-15
-2.733772731e-15
-1.544850575e-15
-2.594833273e-15
-3.364683801e-15
-1.091295795e-15
-2.689903748e-15
-3.52478133e-15
-1.642589475e-15
-2.256819784e-15
-2.03381182e-15
-1.821604029e-16
2.448801829e-16
9.940002343e-16
1.152226551e-15
3.273965813e-16
1.309205333e-16
1.012278109e-15
9.947625115e-16
5.986499521e-16
4.892299895e-16
-3.126686536e-16
-6.314925732e-16
-5.834812192e-16
-1.180090051e-15
-1.271749428e-15
-1.501989186e-15
-1.891165131e-15
-1.652890706e-15
-1.182053225e-15
-1.871795785e-15
-2.907409934e-15
-3.954266698e-15
-4.044185098e-15
-4.260830732e-15
-4.13544352e-15
-2.96692992e-15
-2.626145483e-15
-3.300645883e-15
-4.260689701e-15
-3.775167241e-15
-3.302142319e-15
-3.748257863e-15
-4.21805048e-15
-4.117928294e-15
-4.996947288e-15
-5.433898184e-15
-6.018059358e-15
-6.648902258e-15
-5.072616947e-15
-5.691118908e-15
-6.350068612e-15
-6.80907155e-15
-6.677004212e-15
-6.606023074e-15
-6.533795786e-15
-6.471785005e-15
-8.221056755e-15
-8.774066681e-15
-7.384048978e-15
-7.363721508e-15
-8.041747001e-15
-8.032183586e-15
-7.434815908e-15
-7.43511441e-15
-8.126936149e-15
-8.91195145e-15
-8.154072024e-15
-6.516160275e-15
-6.574251396e-15
-8.64522045e-15
-9.548954458e-15
-8.528660578e-15
-7.775027757e-15
-8.470295969e-15
-8.596889474e-15
-8.640993317e-15
-8.334502832e-15
-7.692727241e-15
-8.692526941e-15
-7.063964766e-15
-7.780452227e-15
-9.34160225e-15
-9.511756347e-15
-8.446643827e-15
-9.039658609e-15
-1.034422271e-14
-9.523508319e-15
-9.351873763e-15
-9.261685087e-15
-9.968998655e-15
-1.095230054e-14
-1.023066519e-14
-9.961470774e-15
-1.038119424e-14
-1.099781532e-14
-1.090595682e-14
-9.948473121e-15
-9.486876149e-15
-9.808324661e-15
-9.658532924e-15
-1.035454102e-14
-1.036050736e-14
-1.130912892e-14
-1.160921877e-14
-9.823776098e-15
-9.878356188e-15
-9.962224602e-15
-1.061100635e-14
-1.015945165e-14
-9.821086076e-15
-1.082708556e-14
-1.100107843e-14
-1.032049563e-14
-9.680116592e-15
-9.695439265e-15
-1.133744979e-14
-1.323621312e-14
-1.251663034e-14
-1.211758555e-14
-1.238127958e-14
-1.270886657e-14
-1.112453941e-14
-1.054763964e-14
-1.237290243e-14
-1.345609667e-14
-1.170677402e-14
-1.13733721e-14
-1.192693614e-14
-1.132174882e-14
-1.144813256e-14
-1.319011805e-14
-1.483334401e-14
-1.351495923e-14
-1.283184043e-14
-1.204106449e-14
-1.230809605e-14
-1.441165045e-14
-1.279462521e-14
-1.163605072e-14
-1.223996855e-14
-1.187680086e-14
-1.107965831e-14
-9.611235849e-15
-9.954807321e-15
-1.121584547e-14
-1.062162826e-14
-9.38388865e-15
-1.148619186e-14
-1.398924371e-14
-1.143652887e-14
-1.049775225e-14
-9.018896653e-15
-1.098127605e-14
-1.38836925e-14
-1.072326325e-14
-1.083812618e-14
-1.308316046e-14
-1.298221862e-14
-1.015437323e-14
-1.053398212e-14
-1.175759284e-14
-1.195565104e-14
-9.328756952e-15
-1.098806092e-14
-1.222108892e-14
-9.025166102e-15
-9.320049881e-15
-7.98010835e-15
-8.551000551e-15
-8.833833226e-15
-8.475182495e-15
-8.418211687e-15
-7.860910735e-15
-7.335514396e-15
-7.298445516e-15
-8.917333712e-15
-5.838238235e-15
-8.204589601e-15
-7.22267783e-15
-5.630676628e-15
-7.913863667e-15
-8.886148647e-15
-7.235013731e-15
-5.359427939e-15
-3.665847258e-15
-3.301923926e-15
-4.090548581e-15
-2.784411109e-15
-4.5021116e-15
-6.226347882e-15
-2.994052921e-15
-3.626112979e-15
-2.219733412e-15
-3.246169346e-15
-5.549178064e-15
-2.18600533e-15
-1.115835496e-15
-3.478444829e-15
-3.81257215e-15
-2.267368843e-15
-2.69863315e-15
-1.353851983e-15
-2.452331237e-15
-3.594294522e-15
-1.098055294e-15
-2.5356254e-15
-3.759343626e-15
-1.868925436e-15
-2.487692631e-15
-1.554561794e-15
-4.439054743e-16
-1.624050963e-17
9.286432212e-16
7.421239991e-16
2.762596075e-16
-6.4838746e-17
8.554115585e-16
1.086327702e-15
1.061767155e-15
3.242168447e-16
-5.00892737e-16
-1.701538441e-16
-1.776295865e-16
-8.251025647e-16
-1.033296664e-15
-1.756966846e-15
-2.240768548e-15
-1.617284236e-15
-1.481152525e-15
-1.834171549e-15
-2.850268279e-15
-3.733188163e-15
-4.244803637e-15
-4.129055719e-15
-3.747292095e-15
-2.863952823e-15
-2.644694918e-15
-3.463653261e-15
-4.024570128e-15
-3.74575862e-15
-3.034880197e-15
-3.808128498e-15
-4.548384034e-15
-4.298241722e-15
-4.9608913e-15
-5.54009282e-15
-5.897536945e-15
-6.566059291e-15
-4.903655101e-15
-5.607666346e-15
-6.229088254e-15
-6.928043394e-15
-6.770590296e-15
-6.564245533e-15
-6.710309212e-15
-6.884555586e-15
-7.99136333e-15
-8.480284282e-15
-7.360783638e-15
-7.172885177e-15
-8.18039549e-15
-8.329868912e-15
-7.370812955e-15
-7.473842101e-15
-8.133819308e-15
-8.514427496e-15
-8.39243192e-15
-6.796623028e-15
-6.596944019e-15
-8.637052108e-15
-9.281452719e-15
-8.324726646e-15
-7.920054424e-15
-8.416905628e-15
-8.369029017e-15
-8.70678331e-15
-8.312522839e-15
-8.007063699e-15
-8.952789835e-15
-6.886922615e-15
-7.673814076e-15
-9.531907472e-15
-9.453421455e-15
-8.198273415e-15
-9.169866691e-15
-1.049841922e-14
-9.694775987e-15
-9.472604675e-15
-9.284656124e-15
-9.930801505e-15
-1.086879556e-14
-1.050696303e-14
-9.984523645e-15
-9.746042522e-15
-1.054673699e-14
-1.113954365e-14
-1.016857407e-14
-9.435866286e-15
-9.996655471e-15
-9.89429779e-15
-1.010440065e-14
-1.050591839e-14
-1.115879274e-14
-1.103242107e-14
-9.762103219e-15
-1.044587877e-14
-1.005171936e-14
-1.029692638e-14
-1.026057641e-14
-1.021553577e-14
-1.090041935e-14
-1.046093514e-14
-1.009364544e-14
-9.48886894e-15
-9.742332524e-15
-1.16814599e-14
-1.325296595e-14
-1.252856494e-14
-1.205624591e-14
-1.262470284e-14
-1.283374325e-14
-1.114440856e-14
-1.082008635e-14
-1.237014368e-14
-1.320913202e-14
-1.138479217e-14
-1.14108266e-14
-1.200265637e-14
-1.161499498e-14
-1.145317371e-14
-1.279053922e-14
-1.445032443e-14
-1.31481974e-14
-1.237263602e-14
-1.261620459e-14
-1.274136231e-14
-1.455405757e-14
-1.300398396e-14
-1.19028647e-14
-1.210230296e-14
-1.15798337e-14
-1.082875112e-14
-9.696213951e-15
-9.94469563e-15
-1.127305656e-14
-1.078107055e-14
-9.596553948e-15
-1.175297568e-14
-1.39213496e-14
-1.177905175e-14
-1.071918061e-14
-8.851072495e-15
-1.072617302e-14
-1.390583446e-14
-1.104450057e-14
-1.04852508e-14
-1.268019386e-14
-1.24823019e-14
-1.014621195e-14
-1.051576137e-14
-1.146088386e-14
-1.240255209e-14
-9.724874252e-15
-1.10753287e-14
-1.235572446e-14
-8.794860792e-15
-9.071652831e-15
-7.775647533e-15
-8.66549059e-15
-8.87022105e-15
-8.397149084e-15
-8.271660493e-15
-7.666331571e-15
-7.800470069e-15
-7.455062695e-15
-8.894879366e-15
-5.998707112e-15
-7.436175492e-15
-7.34895884e-15
-5.93034532e-15
-7.948438791e-15
-8.690824766e-15
-7.551829034e-15
-5.421456636e-15
-2.962726675e-15
-3.436624792e-15
-4.497473712e-15
-2.90344254e-15
-4.521957935e-15
-6.311042792e-15
-3.118508663e-15
-3.579151909e-15
-2.435132426e-15
-3.007564618e-15
-5.051472641e-15
-2.248925286e-15
-1.112355875e-15
-3.028229831e-15
-3.899157032e-15
-2.509074635e-15
-2.638649408e-15
-1.502994647e-15
-2.830136351e-15
-3.401538754e-15
-8.00631282e-16
-2.817085442e-15
-3.838900547e-15
-1.682848183e-15
-2.256928178e-15
-1.741639528e-15
-7.101102819e-16
-6.363120154e-17
8.728501084e-16
6.336218689e-16
4.795366542e-16
6.330386351e-17
5.330556287e-16
1.109859022e-15
1.052522635e-15
1.202243857e-16
-4.508030416e-16
2.353831327e-16
1.170078061e-16
-5.645151829e-16
-1.189976269e-15
-1.940009683e-15
-2.410348538e-15
-1.813726579e-15
-1.692152042e-15
-1.748926221e-15
-2.631354979e-15
-3.82685906e-15
-4.311513188e-15
-3.836660325e-15
-3.413378371e-15
-3.181369361e-15
-2.942713498e-15
-3.199163018e-15
-3.624082481e-15
-3.55164658e-15
-3.00844619e-15
-3.672345522e-15
-4.791375321e-15
-4.242825413e-15
-4.923334277e-15
-5.592330402e-15
-5.827013075e-15
-6.423233435e-15
-4.684353142e-15
-5.797059181e-15
-6.158235452e-15
-6.774579684e-15
-6.921755603e-15
-6.780376005e-15
-6.671688472e-15
-6.828496955e-15
-7.809035356e-15
-8.09020027e-15
-7.383793236e-15
-7.506086917e-15
-8.675515829e-15
-8.615064071e-15
-7.147776471e-15
-7.610557254e-15
-8.120104045e-15
-8.092419742e-15
-8.388379332e-15
-6.927041628e-15
-7.010814592e-15
-8.459971614e-15
-8.936554695e-15
-8.28657886e-15
-7.861923086e-15
-8.434085894e-15
-8.547537827e-15
-8.610703847e-15
-8.374339782e-15
-8.099055336e-15
-8.985102639e-15
-7.081332005e-15
-7.687763498e-15
-9.900919439e-15
-9.420600749e-15
-8.051235044e-15
-9.137236602e-15
-1.049379438e-14
-9.662381299e-15
-9.50541792e-15
-8.908865873e-15
-1.017342914e-14
-1.077357597e-14
-1.037290108e-14
-9.730251976e-15
-9.119920104e-15
-1.058221648e-14
-1.135046134e-14
-1.023828564e-14
-9.492196873e-15
-1.039631838e-14
-9.653277837e-15
-9.976277241e-15
-1.067588739e-14
-1.098350756e-14
-1.058703498e-14
-1.01286271e-14
-1.050281603e-14
-9.82502238e-15
-1.018808804e-14
-1.080630589e-14
-1.015343059e-14
-1.080253267e-14
-1.064209111e-14
-9.616005279e-15
-9.234813827e-15
-9.896008192e-15
-1.180765424e-14
-1.32719824e-14
-1.279119773e-14
-1.209060168e-14
-1.262991309e-14
-1.276154139e-14
-1.111366987e-14
-1.10870842e-14
-1.264204914e-14
-1.311627568e-14
-1.091378454e-14
-1.141079537e-14
-1.19465317e-14
-1.186267783e-14
-1.162822539e-14
-1.239388683e-14
-1.433617774e-14
-1.288630938e-14
-1.209755368e-14
-1.272118325e-14
-1.319981988e-14
-1.469333788e-14
-1.312876333e-14
-1.207411276e-14
-1.220239737e-14
-1.110609282e-14
-1.071234648e-14
-9.832036273e-15
-9.781014084e-15
-1.132799568e-14
-1.052828557e-14
-1.024025844e-14
-1.199113389e-14
-1.342936315e-14
-1.206012627e-14
-1.09581591e-14
-8.786738874e-15
-1.06817181e-14
-1.403924733e-14
-1.140013639e-14
-1.039893032e-14
-1.225067706e-14
-1.220498825e-14
-1.044456468e-14
-9.958036067e-15
-1.097177073e-14
-1.247129421e-14
-1.006235227e-14
-1.118896168e-14
-1.26782565e-14
-9.048085857e-15
-8.583109911e-15
-7.456401071e-15
-8.95948574e-15
-8.986945774e-15
-8.011385357e-15
-8.01395603e-15
-7.866599367e-15
-8.313832947e-15
-7.617839657e-15
-9.058578901e-15
-6.203462845e-15
-6.672328645e-15
-7.132439084e-15
-5.728317939e-15
-8.085665753e-15
-8.683397025e-15
-7.768076388e-15
-5.684259929e-15
-2.603281184e-15
-3.533744409e-15
-4.684622571e-15
-3.02369679e-15
-4.674023554e-15
-6.410459818e-15
-3.227314916e-15
-3.614110321e-15
-2.077690414e-15
-3.071875493e-15
-4.818997524e-15
-1.892938239e-15
-9.747333283e-16
-2.90789546e-15
-3.982621274e-15
-2.817255069e-15
-2.855701113e-15
-1.847429736e-15
-2.954634267e-15
-3.115176038e-15
-5.681476573e-16
-2.91399593e-15
-3.690459589e-15
-1.734471501e-15
-2.360748607e-15
-1.948961545e-15
-1.137576929e-15
-3.07313721e-16
6.791832108e-16
5.590623538e-16
6.25696121e-16
3.887050771e-16
8.741533345e-16
1.099420157e-15
8.467132159e-16
9.127797496e-17
-6.113392111e-16
3.206292864e-16
2.538151184e-16
-6.621739644e-16
-9.731270794e-16
-1.860336683e-15
-2.610237551e-15
-2.039851546e-15
-1.659918531e-15
-1.654162531e-15
-2.510817348e-15
-3.836715892e-15
-4.451984731e-15
-3.619034756e-15
-3.085074138e-15
-3.552171369e-15
-3.291647599e-15
-2.940906703e-15
-3.413638583e-15
-3.330038309e-15
-3.070413191e-15
-3.719325457e-15
-4.724515246e-15
-4.327652482e-15
-5.136994719e-15
-5.322045158e-15
-5.881222484e-15
-5.906333327e-15
-5.019388281e-15
-5.868901441e-15
-5.738916252e-15
-6.650082264e-15
-6.944968186e-15
-6.826816036e-15
-6.586708597e-15
-7.340030593e-15
-7.743018869e-15
-7.834346038e-15
-7.690812269e-15
-7.888180673e-15
-8.75892142e-15
-8.450938933e-15
-7.519242572e-15
-7.764431861e-15
-7.907786615e-15
-7.714045884e-15
-8.328065639e-15
-6.867608037e-15
-6.940579114e-15
-8.640805019e-15
-9.400804802e-15
-8.175679671e-15
-7.450468334e-15
-8.433224434e-15
-8.343590976e-15
-8.689716452e-15
-8.409226351e-15
-8.086413563e-15
-9.486760861e-15
-7.442046575e-15
-7.349135445e-15
-9.656299776e-15
-9.560617701e-15
-7.877450161e-15
-8.972278779e-15
-1.083744297e-14
-9.896694967e-15
-9.263712673e-15
-8.514083742e-15
-1.047313661e-14
-1.065632967e-14
-1.037151833e-14
-9.780392439e-15
-8.42934681e-15
-1.043558304e-14
-1.135644073e-14
-1.068105987e-14
-9.47058999e-15
-1.047690168e-14
-9.538319676e-15
-9.902192585e-15
-1.05657536e-14
-1.094569235e-14
-1.064023777e-14
-1.019513261e-14
-1.039721164e-14
-9.756652119e-15
-1.030902093e-14
-1.067374993e-14
-1.027449211e-14
-1.087059456e-14
-1.027080439e-14
-9.799298161e-15
-9.519301336e-15
-1.00833324e-14
-1.163749346e-14
-1.281321202e-14
-1.306409251e-14
-1.264661429e-14
-1.287334785e-14
-1.24381053e-14
-1.073567419e-14
-1.142648149e-14
-1.301074171e-14
-1.257921127e-14
-1.058274108e-14
-1.175774406e-14
-1.211660045e-14
-1.173840056e-14
-1.185819918e-14
-1.260077617e-14
-1.404047361e-14
-1.230456632e-14
-1.188196709e-14
-1.311841139e-14
-1.33243498e-14
-1.501349655e-14
-1.292466581e-14
-1.236644194e-14
-1.260362755e-14
-1.044413974e-14
-1.030855093e-14
-9.654326376e-15
-9.535635255e-15
-1.151002878e-14
-1.088091176e-14
-1.062301514e-14
-1.207698233e-14
-1.32769049e-14
-1.226256527e-14
-1.122328645e-14
-8.836958523e-15
-1.067264824e-14
-1.368721834e-14
-1.155710325e-14
-1.07513499e-14
-1.223975814e-14
-1.127293137e-14
-1.032318146e-14
-9.48275674e-15
-1.088477364e-14
-1.299554839e-14
-9.737475424e-15
-1.134101464e-14
-1.317682638e-14
-9.510878731e-15
-8.145449937e-15
-7.340494461e-15
-9.049781513e-15
-8.639837094e-15
-7.999465908e-15
-7.971217532e-15
-8.223033236e-15
-8.544929563e-15
-7.610091534e-15
-9.469679016e-15
-6.18225527e-15
-6.095452593e-15
-6.999292918e-15
-5.702413035e-15
-7.715764463e-15
-8.67511499e-15
-7.608526071e-15
-5.700198065e-15
-2.623051491e-15
-3.867773736e-15
-5.202990992e-15
-2.683080817e-15
-4.766098511e-15
-6.371627114e-15
-3.700704336e-15
-3.864526563e-15
-1.339519233e-15
-3.096454971e-15
-4.688940265e-15
-1.916888151e-15
-1.094569089e-15
-2.924388221e-15
-3.849258476e-15
-2.72164738e-15
-3.153198849e-15
-1.881755534e-15
-3.111776977e-15
-3.050389552e-15
-5.934294369e-16
-2.648075347e-15
-3.498107419e-15
-1.910870677e-15
-2.528523157e-15
-1.876442919e-15
-1.430884133e-15
-2.794896815e-16
6.94492923e-16
6.312590725e-16
6.096624237e-16
5.36686959e-16
1.052223018e-15
9.977548971e-16
8.625800612e-16
3.551826529e-16
-5.071793087e-16
1.605114507e-16
1.360174774e-16
-6.099146238e-16
-8.930481555e-16
-1.790526358e-15
-2.317716297e-15
-2.567388102e-15
-1.669474741e-15
-1.115658571e-15
-2.472511957e-15
-3.816506591e-15
-4.787702131e-15
-3.481324407e-15
-2.667476633e-15
-3.697125675e-15
-3.620943145e-15
-3.177119167e-15
-3.188620438e-15
-2.865946524e-15
-3.316949721e-15
-3.979246069e-15
-4.965803507e-15
-4.488460828e-15
-5.193158737e-15
-5.436370569e-15
-5.362384411e-15
-5.480220015e-15
-5.606878714e-15
-6.314045911e-15
-5.134191825e-15
-6.227512975e-15
-6.989684514e-15
-6.706250548e-15
-7.108439338e-15
-7.698630361e-15
-7.854723856e-15
-7.955516688e-15
-7.517589739e-15
-7.905498138e-15
-8.665004468e-15
-8.496931149e-15
-7.530745245e-15
-8.030994637e-15
-8.102578572e-15
-7.234286242e-15
-7.961529049e-15
-7.068781143e-15
-7.184915492e-15
-8.303187622e-15
-9.364118113e-15
-8.347596882e-15
-7.721756961e-15
-8.35443593e-15
-8.151616262e-15
-8.687193125e-15
-8.394703151e-15
-8.13335985e-15
-9.573684131e-15
-7.985285323e-15
-7.351033082e-15
-9.385977339e-15
-9.291190653e-15
-8.04398196e-15
-9.019198703e-15
-1.106105103e-14
-9.965806103e-15
-8.975329358e-15
-8.36054632e-15
-1.016138855e-14
-1.06776719e-14
-1.063360328e-14
-9.934919688e-15
-7.951453417e-15
-1.025048526e-14
-1.160017424e-14
-1.114437322e-14
-9.642295587e-15
-1.002623561e-14
-9.469027887e-15
-9.836654187e-15
-1.096245465e-14
-1.097943811e-14
-1.054703356e-14
-9.828308689e-15
-1.020470006e-14
-1.020067831e-14
-1.018424108e-14
-1.023989822e-14
-1.036828976e-14
-1.098355848e-14
-1.011600921e-14
-9.996505721e-15
-9.81457436e-15
-1.054298175e-14
-1.153369855e-14
-1.23588495e-14
-1.292593563e-14
-1.29552719e-14
-1.322800609e-14
-1.238592881e-14
-1.050055692e-14
-1.156278746e-14
-1.299087759e-14
-1.218051676e-14
-1.060297256e-14
-1.161914761e-14
-1.250862494e-14
-1.196403453e-14
-1.191477765e-14
-1.268956075e-14
-1.356587739e-14
-1.178033024e-14
-1.217564764e-14
-1.311586714e-14
-1.329571005e-14
-1.498199718e-14
-1.307161629e-14
-1.257612092e-14
-1.284180191e-14
-9.828574522e-15
-1.033721134e-14
-9.577653593e-15
-9.5415801e-15
-1.118465684e-14
-1.110049524e-14
-1.087077861e-14
-1.204097545e-14
-1.331767846e-14
-1.287593345e-14
-1.161955672e-14
-8.914984338e-15
-1.023364735e-14
-1.357138879e-14
-1.16953107e-14
-1.085416097e-14
-1.20318274e-14
-1.074913342e-14
-1.056962054e-14
-8.89868349e-15
-1.09871603e-14
-1.334919429e-14
-9.646004403e-15
-1.121519194e-14
-1.29313235e-14
-9.642088676e-15
-8.172872307e-15
-7.258136084e-15
-8.792696853e-15
-8.484317347e-15
-8.230928828e-15
-8.2425236e-15
-8.166030755e-15
-8.878789379e-15
-7.821016183e-15
-9.050414812e-15
-6.09254838e-15
-5.938980886e-15
-7.32208094e-15
-5.585330097e-15
-7.113521935e-15
-8.528254858e-15
-7.527945445e-15
-5.926774745e-15
-2.660062306e-15
-4.265992035e-15
-5.802024355e-15
-2.311592346e-15
-4.658407103e-15
-6.408934632e-15
-4.004272567e-15
-3.812810308e-15
-8.456507184e-16
-3.250607037e-15
-4.712301921e-15
-2.014007337e-15
-7.8672126e-16
-2.528469564e-15
-4.195895924e-15
-2.953481733e-15
-3.321445533e-15
-1.833681573e-15
-2.757901678e-15
-3.367123275e-15
-1.126002886e-15
-1.885298056e-15
-3.288644584e-15
-2.247246879e-15
-2.026006486e-15
-1.781133917e-15
-1.240207243e-15
5.447661147e-17
5.801379075e-16
4.648372068e-16
4.385301092e-16
7.683352753e-16
1.014936306e-15
1.033219814e-15
1.041167717e-15
3.005958798e-16
-5.112758714e-16
4.416988205e-16
1.279951355e-17
-1.472327576e-16
-8.798435401e-16
-2.196108743e-15
-2.151290142e-15
-2.43369674e-15
-1.86785636e-15
-1.333872128e-15
-2.69462391e-15
-3.585999526e-15
-4.191704575e-15
-3.730359472e-15
-2.906622889e-15
-3.571139217e-15
-3.598620751e-15
-3.559566497e-15
-3.276319768e-15
-2.63013817e-15
-3.282565219e-15
-4.266573163e-15
-5.30898274e-15
-4.610975333e-15
-5.26618826e-15
-5.108823945e-15
-5.092246205e-15
-5.40817984e-15
-5.804722784e-15
-6.848454836e-15
-4.630792575e-15
-5.646681183e-15
-7.098362351e-15
-6.82964754e-15
-7.485394212e-15
-7.761820279e-15
-8.347626596e-15
-7.877554208e-15
-7.274825358e-15
-7.656558212e-15
-8.571448386e-15
-8.460786421e-15
-7.950767752e-15
-8.253466379e-15
-7.906526874e-15
-6.965744491e-15
-7.862532206e-15
-7.537013162e-15
-7.302896487e-15
-7.714391444e-15
-9.308295036e-15
-8.418306038e-15
-8.042835645e-15
-8.51474559e-15
-7.859222402e-15
-8.524873505e-15
-8.589171933e-15
-8.019653668e-15
-9.433300773e-15
-8.042783553e-15
-7.957060603e-15
-9.364107537e-15
-9.042270161e-15
-8.329830012e-15
-8.881029126e-15
-1.097284823e-14
-9.595407742e-15
-8.970083341e-15
-8.502142316e-15
-9.78390195e-15
-1.083604004e-14
-1.081642144e-14
-9.649287859e-15
-8.585799849e-15
-9.897117067e-15
-1.130226845e-14
-1.148076864e-14
-1.008692886e-14
-9.416377894e-15
-9.452469986e-15
-1.007133681e-14
-1.133976267e-14
-1.061099592e-14
-1.005140969e-14
-9.608780691e-15
-1.020291155e-14
-1.039008762e-14
-1.00453262e-14
-1.002699249e-14
-1.037878769e-14
-1.102071806e-14
-1.023617971e-14
-9.888373964e-15
-9.538946027e-15
-1.085067897e-14
-1.177757782e-14
-1.195863024e-14
-1.253575554e-14
-1.345550336e-14
-1.405954823e-14
-1.2179776e-14
-1.041574138e-14
-1.102155071e-14
-1.261771255e-14
-1.288546664e-14
-1.081009244e-14
-1.127889045e-14
-1.254871552e-14
-1.233523387e-14
-1.169223931e-14
-1.215455064e-14
-1.310098011e-14
-1.228166762e-14
-1.259836888e-14
-1.289741493e-14
-1.306913475e-14
-1.480939349e-14
-1.31404782e-14
-1.233621302e-14
-1.247036835e-14
-1.035195373e-14
-1.083630211e-14
-9.208668101e-15
-9.967149964e-15
-1.128595993e-14
-1.089564627e-14
-1.053511432e-14
-1.139697785e-14
-1.347412657e-14
-1.356556083e-14
-1.1607825e-14
-8.612449496e-15
-1.027470059e-14
-1.391220237e-14
-1.193059679e-14
-1.066886606e-14
-1.169420957e-14
-1.103250104e-14
-1.120736241e-14
-8.397143558e-15
-1.109729839e-14
-1.349875227e-14
-9.79196369e-15
-1.092952365e-14
-1.253082779e-14
-9.247096149e-15
-8.48382212e-15
-7.156914012e-15
-8.804100977e-15
-8.846135077e-15
-8.527921853e-15
-8.30686921e-15
-7.859278171e-15
-9.138379493e-15
-8.150231482e-15
-7.859211789e-15
-5.942139485e-15
-5.960042028e-15
-7.694569167e-15
-5.356889327e-15
-7.287120239e-15
-8.468893423e-15
-7.285822584e-15
-5.779176508e-15
-2.356178998e-15
-5.035804912e-15
-6.614035294e-15
-2.118980166e-15
-4.389091526e-15
-6.705886411e-15
-3.967278622e-15
-3.365008491e-15
-1.123475365e-15
-3.230271763e-15
-4.494346927e-15
-2.202752462e-15
-5.616187565e-16
-2.230268957e-15
-4.695254364e-15
-3.154758738e-15
-3.280765508e-15
-1.742197288e-15
-2.531318668e-15
-3.219786784e-15
-1.30549693e-15
-1.917791165e-15
-3.99091843e-15
-2.636183423e-15
-2.636661775e-15
-1.81311526e-15
-1.031706558e-15
3.170640161e-16
2.137560092e-16
5.074427877e-16
6.549102903e-16
9.499932132e-16
9.641636888e-16
9.155806863e-16
5.10825133e-16
1.687569512e-16
-3.294896906e-17
6.287008977e-16
-9.834534315e-18
5.173067661e-17
-9.441335503e-16
-2.306632601e-15
-1.935237299e-15
-2.444985367e-15
-2.043793979e-15
-1.650025909e-15
-2.707399625e-15
-3.329294662e-15
-4.013328771e-15
-3.569557156e-15
-2.963351672e-15
-3.35723452e-15
-3.857145515e-15
-3.863471877e-15
-3.181610977e-15
-2.776286598e-15
-3.567186572e-15
-4.253664107e-15
-5.140010167e-15
-4.666986803e-15
-5.22909198e-15
-5.156794228e-15
-5.52307523e-15
-5.671455558e-15
-5.233984763e-15
-6.846724891e-15
-4.642744706e-15
-4.97448521e-15
-6.888237929e-15
-7.113547956e-15
-7.964309371e-15
-8.053122013e-15
-8.282016012e-15
-7.725522641e-15
-7.584840014e-15
-7.827722734e-15
-8.255871159e-15
-7.980495699e-15
-7.990839439e-15
-8.678684879e-15
-7.709430882e-15
-7.203735369e-15
-7.849913186e-15
-7.793105616e-15
-6.999117729e-15
-7.336159302e-15
-9.502673514e-15
-8.456878563e-15
-7.840811103e-15
-8.794172669e-15
-7.876819953e-15
-8.322111144e-15
-8.469985424e-15
-7.826298506e-15
-9.562054266e-15
-7.990194751e-15
-8.150232112e-15
-9.467569922e-15
-8.861549524e-15
-8.207609167e-15
-9.181860696e-15
-1.070333872e-14
-9.472638115e-15
-9.036366311e-15
-8.415221929e-15
-9.704239053e-15
-1.09727042e-14
-1.061828283e-14
-9.588086033e-15
-9.154193516e-15
-1.024288501e-14
-1.106543127e-14
-1.13019858e-14
-1.028532845e-14
-9.313832898e-15
-9.01435752e-15
-1.006043516e-14
-1.124012158e-14
-1.06266862e-14
-1.039545857e-14
-9.440064465e-15
-1.004891981e-14
-1.030164035e-14
-1.079235613e-14
-1.023767116e-14
-1.014489416e-14
-1.087407084e-14
-1.013385883e-14
-9.522802605e-15
-9.67465346e-15
-1.106988796e-14
-1.194378422e-14
-1.149730812e-14
-1.238084506e-14
-1.353829385e-14
-1.397565569e-14
-1.238842426e-14
-1.074112157e-14
-1.090601309e-14
-1.246904556e-14
-1.311120593e-14
-1.113064277e-14
-1.147413539e-14
-1.245519386e-14
-1.159687053e-14
-1.128976564e-14
-1.217411861e-14
-1.342532459e-14
-1.279811404e-14
-1.266712471e-14
-1.289026227e-14
-1.272973156e-14
-1.447630561e-14
-1.35377805e-14
-1.250117312e-14
-1.218736265e-14
-1.034465343e-14
-1.076530669e-14
-9.4660715e-15
-1.049419056e-14
-1.082313841e-14
-1.066229363e-14
-1.046681561e-14
-1.148917645e-14
-1.331145093e-14
-1.316479105e-14
-1.172665412e-14
-9.012917817e-15
-1.059390263e-14
-1.378153772e-14
-1.216592024e-14
-1.103073225e-14
-1.148323374e-14
-1.082237692e-14
-1.108793646e-14
-8.843236085e-15
-1.116090314e-14
-1.311529742e-14
-1.012603561e-14
-1.060816795e-14
-1.182519083e-14
-9.172887775e-15
-8.493224747e-15
-7.158649377e-15
-9.113282113e-15
-9.151631344e-15
-8.499751582e-15
-8.193857857e-15
-7.644975859e-15
-8.934318243e-15
-8.365344484e-15
-8.147024189e-15
-5.726591955e-15
-6.256889882e-15
-8.03331786e-15
-5.031521038e-15
-7.038983876e-15
-8.407816509e-15
-6.669723382e-15
-5.683344124e-15
-2.363306363e-15
-5.336213017e-15
-6.884259634e-15
-2.481686186e-15
-4.556759316e-15
-6.17953808e-15
-3.648733426e-15
-3.459866881e-15
-1.163867409e-15
-3.512416712e-15
-4.574211474e-15
-1.932727111e-15
-9.075888693e-16
-2.56664819e-15
-4.542740112e-15
-3.252370737e-15
-3.168182273e-15
-1.508317075e-15
-2.541972398e-15
-2.84025359e-15
-1.671825703e-15
-2.487533749e-15
-2.988558245e-15
-2.237240875e-15
-3.289442145e-15
-1.970376339e-15
-9.672670453e-16
8.35306226e-17
-1.303032334e-16
6.283592949e-16
8.945620116e-16
3.712403245e-16
1.012326155e-15
1.084634218e-15
2.618969888e-16
3.161296173e-16
6.808292851e-16
3.105063334e-16
-6.052173583e-16
1.465388213e-16
-8.008875919e-16
-2.204708085e-15
-1.812185335e-15
-2.359514634e-15
-1.842827569e-15
-1.553251455e-15
-3.144491822e-15
-3.368768009e-15
-3.691562082e-15
-3.403878978e-15
-3.086873117e-15
-3.355333762e-15
-4.086550988e-15
-3.699596239e-15
-2.834649516e-15
-2.945418747e-15
-3.630794017e-15
-4.345610775e-15
-5.530491988e-15
-4.591187201e-15
-5.312491547e-15
-5.060191735e-15
-5.140414276e-15
-5.62855782e-15
-5.255206637e-15
-6.235105002e-15
-5.243452253e-15
-5.424197088e-15
-6.595622222e-15
-7.163494644e-15
-7.543575247e-15
-7.652028444e-15
-8.257620791e-15
-7.834040988e-15
-7.930336511e-15
-7.972799098e-15
-8.763149502e-15
-8.036895087e-15
-7.2805889e-15
-8.205003461e-15
-8.498397136e-15
-7.491358143e-15
-7.397414742e-15
-8.018389983e-15
-6.905881139e-15
-7.360460803e-15
-9.583507741e-15
-8.312055678e-15
-8.020575284e-15
-8.688006587e-15
-7.742824773e-15
-8.225616789e-15
-8.048887637e-15
-7.873066138e-15
-1.009015982e-14
-8.282942915e-15
-8.393775173e-15
-9.127006944e-15
-8.485675333e-15
-8.13941945e-15
-9.152683512e-15
-1.077035929e-14
-9.708472027e-15
-8.808341735e-15
-8.770661726e-15
-9.933804365e-15
-1.047463616e-14
-1.060135394e-14
-1.02208671e-14
-8.937434392e-15
-1.018450327e-14
-1.061974481e-14
-1.074449979e-14
-1.057181693e-14
-9.776303293e-15
-8.971792562e-15
-9.888751975e-15
-1.103423803e-14
-1.085677493e-14
-1.114418943e-14
-9.522018238e-15
-9.421697837e-15
-9.911887418e-15
-1.113548224e-14
-1.061383e-14
-9.993632505e-15
-1.039214932e-14
-9.908594068e-15
-9.823899562e-15
-1.015483273e-14
-1.112955705e-14
-1.179640587e-14
-1.159830451e-14
-1.225416153e-14
-1.298308783e-14
-1.374671181e-14
-1.281062998e-14
-1.103016629e-14
-1.089834204e-14
-1.214739208e-14
-1.296021709e-14
-1.169838775e-14
-1.158381556e-14
-1.18564364e-14
-1.150641048e-14
-1.103196149e-14
-1.232950601e-14
-1.400270909e-14
-1.291611387e-14
-1.29046269e-14
-1.2626415e-14
-1.22972128e-14
-1.408458683e-14
-1.37655296e-14
-1.259424298e-14
-1.226143799e-14
-1.050848112e-14
-1.027110656e-14
-9.835635455e-15
-1.105468007e-14
-1.047279022e-14
-1.048619048e-14
-1.077593908e-14
-1.150080971e-14
-1.30155372e-14
-1.270653459e-14
-1.174629082e-14
-9.574154913e-15
-1.071659413e-14
-1.325737973e-14
-1.223663404e-14
-1.1599245e-14
-1.17211798e-14
-1.061111712e-14
-1.082288928e-14
-9.574418686e-15
-1.115783535e-14
-1.246034546e-14
-1.027693666e-14
-1.092105564e-14
-1.1348914e-14
-8.820242474e-15
-8.360504459e-15
-7.774669142e-15
-9.045672771e-15
-8.934701052e-15
-8.761794863e-15
-8.186104492e-15
-7.536603052e-15
-8.668617949e-15
-8.208215213e-15
-8.26532753e-15
-5.86829034e-15
-6.599312706e-15
-7.669530623e-15
-4.740035317e-15
-6.941834046e-15
-8.420050962e-15
-6.488722888e-15
-5.429310749e-15
-3.039043954e-15
-5.665181916e-15
-6.575479414e-15
-2.965618242e-15
-4.805742515e-15
-5.888786884e-15
-3.557651228e-15
-3.423090065e-15
-1.133181378e-15
-3.163291376e-15
-4.522454145e-15
-1.899921339e-15
-9.510311759e-16
-2.969970196e-15
-4.382954319e-15
-3.22270296e-15
-3.537324978e-15
-1.642070149e-15
-1.938554696e-15
-2.406262058e-15
-2.076559313e-15
-2.968725466e-15
-2.013775328e-15
-2.081654092e-15
-2.60876079e-15
-1.867229477e-15
-1.195797284e-15
2.955591032e-16
-6.276420027e-18
5.976899522e-16
8.943010264e-16
7.446082743e-16
9.906919488e-16
6.167144178e-16
1.821272304e-16
7.466927076e-16
6.092426334e-16
-3.484494245e-16
-6.221667517e-16
5.158932605e-16
-7.180265253e-16
-2.429062787e-15
-1.780762973e-15
-2.345106331e-15
-1.564909964e-15
-1.173848972e-15
-3.28444118e-15
-3.945289294e-15
-3.924409965e-15
-2.996371675e-15
-2.973925786e-15
-3.529565314e-15
-4.027597499e-15
-3.582334022e-15
-2.947282697e-15
-2.920759829e-15
-3.434900263e-15
-4.428918964e-15
-5.373880059e-15
-4.969205229e-15
-5.552624967e-15
-4.927965378e-15
-4.48186178e-15
-5.050397508e-15
-5.950672309e-15
-6.264080476e-15
-5.185868503e-15
-5.895475484e-15
-6.699863112e-15
-7.35090685e-15
-7.180564979e-15
-7.22728585e-15
-8.294983766e-15
-7.873470515e-15
-7.806083609e-15
-7.877210483e-15
-8.75897762e-15
-8.13154429e-15
-7.277504451e-15
-8.589863153e-15
-8.421662458e-15
-6.77496149e-15
-7.246986698e-15
-7.921904365e-15
-7.501004138e-15
-7.25913217e-15
-9.176597975e-15
-8.69749552e-15
-8.002634992e-15
-8.611414901e-15
-7.829317208e-15
-8.676322914e-15
-7.994107424e-15
-7.851795982e-15
-1.02511934e-14
-8.325340236e-15
-8.030250081e-15
-8.612069109e-15
-9.249784621e-15
-8.889359505e-15
-8.587617031e-15
-1.037329418e-14
-9.83863899e-15
-8.505213192e-15
-8.837403041e-15
-1.000398073e-14
-1.035360725e-14
-1.10815629e-14
-1.017442659e-14
-8.633057262e-15
-9.83754959e-15
-1.028830503e-14
-1.07917866e-14
-1.037858798e-14
-9.858200952e-15
-9.836721343e-15
-1.079944915e-14
-1.062755365e-14
-1.018827486e-14
-1.12613013e-14
-9.331069697e-15
-9.061281772e-15
-1.055619411e-14
-1.131828329e-14
-1.006236436e-14
-1.003933149e-14
-1.059387681e-14
-1.010426791e-14
-9.646902044e-15
-9.836364326e-15
-1.129047859e-14
-1.190865286e-14
-1.150187145e-14
-1.231743537e-14
-1.329971321e-14
-1.358602887e-14
-1.240895812e-14
-1.103701201e-14
-1.116697026e-14
-1.263674863e-14
-1.280981645e-14
-1.114167166e-14
-1.157977027e-14
-1.254945805e-14
-1.175164649e-14
-1.075943097e-14
-1.187205591e-14
-1.369235267e-14
-1.310545596e-14
-1.274930947e-14
-1.30927215e-14
-1.26801835e-14
-1.376612793e-14
-1.354214632e-14
-1.248278588e-14
-1.233951791e-14
-1.068311528e-14
-9.912230996e-15
-9.98383672e-15
-1.212310805e-14
-1.090838261e-14
-9.815241405e-15
-1.04913412e-14
-1.107259753e-14
-1.283219105e-14
-1.275000728e-14
-1.117465514e-14
-1.023125948e-14
-1.184337923e-14
-1.300296304e-14
-1.145880793e-14
-1.136948413e-14
-1.094345705e-14
-1.120684004e-14
-1.154367468e-14
-9.350404422e-15
-1.15705477e-14
-1.246363408e-14
-9.713871231e-15
-1.07690677e-14
-1.118773242e-14
-8.650581058e-15
-8.213868144e-15
-8.355795573e-15
-9.781736758e-15
-8.982228656e-15
-8.424659207e-15
-8.202549264e-15
-7.220567725e-15
-8.836927545e-15
-8.430580734e-15
-7.210254988e-15
-5.781052868e-15
-7.35901597e-15
-7.942405158e-15
-5.192599908e-15
-6.948193436e-15
-7.620658526e-15
-5.960938117e-15
-5.262983242e-15
-3.499500636e-15
-6.385372871e-15
-6.727445097e-15
-3.322651269e-15
-4.866179076e-15
-5.580752069e-15
-3.038407681e-15
-2.927238836e-15
-2.155319359e-15
-3.545409367e-15
-3.580666708e-15
-1.805628266e-15
-1.171312776e-15
-2.504228453e-15
-4.431264381e-15
-3.544629661e-15
-3.061270356e-15
-1.898558924e-15
-2.450205137e-15
-3.300333991e-15
-1.556236691e-15
-1.769094931e-15
-2.591554215e-15
-3.071945472e-15
-1.278950788e-15
-2.194129602e-15
-1.509346196e-15
2.324844542e-16
3.421963401e-16
9.937720231e-16
6.373241991e-16
1.352079977e-15
1.533537233e-15
1.57448202e-16
3.348484e-16
1.463356019e-16
-2.320109998e-16
-2.784118706e-16
-2.530641545e-16
6.445012324e-16
-1.049381492e-15
-2.035767422e-15
-1.628263533e-15
-2.439401158e-15
-1.909422364e-15
-1.209254101e-15
-3.197424597e-15
-3.678469479e-15
-3.432525931e-15
-3.340807265e-15
-3.8546889e-15
-3.89101493e-15
-3.47978817e-15
-3.39749131e-15
-3.163721849e-15
-3.032997222e-15
-3.459263493e-15
-4.453749053e-15
-4.760333548e-15
-5.406791678e-15
-5.763265732e-15
-4.649033323e-15
-4.330398099e-15
-5.07839621e-15
-5.612179124e-15
-6.48300222e-15
-6.355670647e-15
-5.919112736e-15
-6.125868275e-15
-7.089599257e-15
-7.456321619e-15
-7.151721408e-15
-7.981643881e-15
-8.068367926e-15
-7.158786534e-15
-7.584792043e-15
-9.001315094e-15
-8.285479721e-15
-7.329127816e-15
-8.743026994e-15
-8.322524905e-15
-6.105934186e-15
-7.222734118e-15
-7.976709064e-15
-7.839562556e-15
-8.031816157e-15
-8.674590264e-15
-8.281182854e-15
-8.127315867e-15
-8.215555969e-15
-8.227081122e-15
-9.284682988e-15
-8.123561462e-15
-7.778304202e-15
-9.849000502e-15
-8.253889087e-15
-8.019686194e-15
-8.82099739e-15
-9.223597528e-15
-8.980812295e-15
-9.109579494e-15
-9.881073659e-15
-9.707744999e-15
-8.501628067e-15
-9.03483747e-15
-1.01352783e-14
-1.009043184e-14
-1.08795366e-14
-9.85939185e-15
-9.360585781e-15
-1.033870971e-14
-1.044505527e-14
-1.072798367e-14
-1.03301314e-14
-9.807709764e-15
-1.003326322e-14
-1.066478224e-14
-1.01891591e-14
-9.911745141e-15
-1.053349284e-14
-9.322343204e-15
-9.602947671e-15
-1.077008618e-14
-1.176546675e-14
-1.015437925e-14
-9.363230803e-15
-1.074873154e-14
-1.102482108e-14
-9.422326648e-15
-9.547011912e-15
-1.153458096e-14
-1.227287688e-14
-1.127474533e-14
-1.156469431e-14
-1.335385497e-14
-1.362685374e-14
-1.291353241e-14
-1.088703758e-14
-1.066822358e-14
-1.262949579e-14
-1.356623091e-14
-1.12129834e-14
-1.05171916e-14
-1.246664601e-14
-1.288659311e-14
-1.112353381e-14
-1.138321748e-14
-1.324206188e-14
-1.358135961e-14
-1.250486787e-14
-1.235180597e-14
-1.325236783e-14
-1.462039401e-14
-1.319098898e-14
-1.16099483e-14
-1.179922906e-14
-1.154377535e-14
-1.007458416e-14
-9.471457564e-15
-1.19984202e-14
-1.120188846e-14
-1.046969505e-14
-1.028403596e-14
-1.103785101e-14
-1.282465327e-14
-1.235708561e-14
-1.058765582e-14
-1.078722028e-14
-1.28295889e-14
-1.222293695e-14
-1.07672498e-14
-1.170835531e-14
-1.134385872e-14
-1.044766919e-14
-1.020774498e-14
-1.032951688e-14
-1.28911166e-14
-1.276936984e-14
-9.654770787e-15
-9.696503132e-15
-1.031744117e-14
-9.697986114e-15
-8.393313081e-15
-8.237799242e-15
-9.844343404e-15
-9.525166236e-15
-8.944952064e-15
-7.44253721e-15
-6.852667827e-15
-8.483463288e-15
-8.429012774e-15
-7.127283398e-15
-5.889888622e-15
-7.936483217e-15
-7.466435329e-15
-5.603487687e-15
-7.254909763e-15
-6.956527232e-15
-6.401974154e-15
-4.946087114e-15
-3.670360788e-15
-6.028141505e-15
-5.86601862e-15
-4.394515037e-15
-4.89095189e-15
-4.908172546e-15
-3.919447857e-15
-2.650608856e-15
-2.153991094e-15
-4.194750844e-15
-3.06012893e-15
-2.623977459e-15
-1.28557826e-15
-1.817609273e-15
-4.141649781e-15
-4.242157047e-15
-2.420753935e-15
-1.604957974e-15
-3.323059688e-15
-3.594667866e-15
-1.48572942e-15
-1.371104324e-15
-3.135347675e-15
-2.904702317e-15
-8.572838495e-16
-1.597351996e-15
-1.997354722e-15
-3.554145297e-16
5.457965939e-16
1.460368999e-15
3.801444383e-18
2.82462101e-16
2.223710302e-15
3.379721623e-16
1.538452177e-16
8.990957311e-16
-1.111559153e-16
-8.262741648e-16
-2.693815392e-16
5.858832416e-16
-1.852852338e-15
-1.062780803e-15
-1.072493577e-15
-3.010197769e-15
-1.836526453e-15
-1.013759959e-15
-4.103288635e-15
-3.649474379e-15
-2.34787321e-15
-3.320913744e-15
-3.930595093e-15
-4.379766125e-15
-2.984713571e-15
-2.910268889e-15
-3.125430048e-15
-3.091831218e-15
-4.480866891e-15
-4.99079789e-15
-4.065373328e-15
-4.791928187e-15
-5.450842848e-15
-4.889102225e-15
-5.345343153e-15
-5.660397102e-15
-4.455827636e-15
-5.805189591e-15
-7.189041467e-15
-5.562818835e-15
-6.095241558e-15
-7.558087129e-15
-7.856997169e-15
-6.937426218e-15
-7.563200087e-15
-8.101629836e-15
-7.101731088e-15
-7.618503254e-15
-9.099535625e-15
-8.418435914e-15
-7.305285377e-15
-8.891515417e-15
-7.990104182e-15
-6.011010735e-15
-7.342122268e-15
-7.892700462e-15
-7.878345493e-15
-8.395584535e-15
-8.388960871e-15
-7.776506355e-15
-8.218591814e-15
-8.360961723e-15
-8.746657826e-15
-9.706975798e-15
-7.900792811e-15
-7.488472297e-15
-9.381101417e-15
-8.502103997e-15
-8.467865481e-15
-8.723809912e-15
-8.325831988e-15
-9.616530267e-15
-1.02579188e-14
-8.332604031e-15
-8.534237599e-15
-9.188977395e-15
-1.050739619e-14
-1.018486832e-14
-8.767015058e-15
-1.015978449e-14
-1.034772969e-14
-1.036337416e-14
-1.082940547e-14
-1.037652911e-14
-1.019278114e-14
-1.061158859e-14
-1.031061899e-14
-9.643727422e-15
-9.889984954e-15
-1.035807532e-14
-1.019399264e-14
-9.753320484e-15
-9.584594574e-15
-1.012875211e-14
-1.04878452e-14
-1.161533799e-14
-1.085731606e-14
-9.560451447e-15
-9.867231312e-15
-1.079848177e-14
-1.015355464e-14
-1.029357573e-14
-1.090766267e-14
-1.180328022e-14
-1.190981516e-14
-1.153217021e-14
-1.248310929e-14
-1.364948083e-14
-1.346664213e-14
-1.086803783e-14
-1.052521374e-14
-1.172495031e-14
-1.365036986e-14
-1.239988627e-14
-1.006196203e-14
-1.119742308e-14
-1.341350616e-14
-1.210708636e-14
-1.12185292e-14
-1.301736533e-14
-1.405108663e-14
-1.273851438e-14
-1.177001238e-14
-1.387993634e-14
-1.480300507e-14
-1.247859326e-14
-1.134959074e-14
-1.119269679e-14
-1.184472968e-14
-1.016418018e-14
-9.977714965e-15
-1.194634662e-14
-1.176579336e-14
-1.076088633e-14
-9.463666147e-15
-1.145460163e-14
-1.209366781e-14
-1.164807733e-14
-1.054877737e-14
-1.148701177e-14
-1.31378828e-14
-1.157334328e-14
-1.127276628e-14
-1.136911044e-14
-1.132519598e-14
-1.02583181e-14
-9.287577366e-15
-1.179593951e-14
-1.318374673e-14
-1.204555874e-14
-1.022390518e-14
-9.064410757e-15
-9.50036833e-15
-1.052044902e-14
-8.87945754e-15
-8.295328009e-15
-9.504452242e-15
-1.044254866e-14
-9.31834112e-15
-6.762423764e-15
-6.522540574e-15
-8.381414714e-15
-8.452635858e-15
-6.130787018e-15
-6.753320906e-15
-7.805006549e-15
-6.884690983e-15
-7.298726559e-15
-7.014089819e-15
-6.558993197e-15
-6.722107559e-15
-3.526634397e-15
-5.098396403e-15
-6.61158269e-15
-4.570395546e-15
-5.553095611e-15
-4.714347207e-15
-3.921283204e-15
-4.209848576e-15
-1.524335902e-15
-2.891375868e-15
-4.60886792e-15
-2.933631548e-15
-3.028979603e-15
-1.496770484e-15
-2.365333772e-15
-3.127940089e-15
-3.301268062e-15
-2.86677239e-15
-2.337456309e-15
-3.285535129e-15
-3.150852707e-15
-1.686714769e-15
-1.105141466e-15
-3.106876303e-15
-3.57973311e-15
-8.035326145e-16
-1.691241523e-15
-1.547546126e-15
6.297162994e-16
1.200341278e-15
2.43852202e-15
-1.930328837e-16
-9.216021858e-16
2.106990666e-15
3.705790019e-16
-5.927513034e-16
1.427087586e-15
1.149190212e-16
-1.713113821e-15
8.170229742e-16
7.469258234e-16
-1.733063907e-15
-5.985163751e-16
-1.36137426e-15
-3.661176663e-15
-2.603240492e-15
-7.241499143e-16
-4.322792662e-15
-4.249873665e-15
-2.107375622e-15
-2.644464186e-15
-3.146764213e-15
-4.267921704e-15
-3.110082939e-15
-2.258157128e-15
-2.355983671e-15
-3.979725244e-15
-5.312227998e-15
-5.352172819e-15
-3.76379848e-15
-3.524169933e-15
-5.413442784e-15
-6.260741801e-15
-5.278994761e-15
-5.613699504e-15
-4.758837812e-15
-4.685774031e-15
-6.951686102e-15
-5.972888506e-15
-5.727076046e-15
-7.929555794e-15
-8.540466201e-15
-6.748339827e-15
-7.464212411e-15
-7.411389354e-15
-7.410303385e-15
-8.477498831e-15
-8.674610258e-15
-8.494837367e-15
-7.996159111e-15
-8.077536587e-15
-7.406921145e-15
-6.839572746e-15
-7.478924612e-15
-7.930174413e-15
-8.111575271e-15
-7.621392211e-15
-7.952802865e-15
-8.374403728e-15
-8.296902477e-15
-8.559126915e-15
-9.699461223e-15
-8.931326118e-15
-7.163077167e-15
-7.624054567e-15
-7.934864764e-15
-8.648042428e-15
-1.021895421e-14
-8.308492243e-15
-7.181528859e-15
-9.837047805e-15
-1.182194985e-14
-9.034270156e-15
-6.943605934e-15
-9.616571357e-15
-1.177565192e-14
-9.602197921e-15
-8.416314004e-15
-1.053309041e-14
-9.148027923e-15
-1.111472332e-14
-1.116116515e-14
-9.417668368e-15
-1.030587003e-14
-1.12466551e-14
-1.013881703e-14
-8.33996325e-15
-9.790491083e-15
-1.20631232e-14
-1.115224959e-14
-8.224273951e-15
-9.935504924e-15
-1.08890428e-14
-9.463953866e-15
-1.135054553e-14
-1.203836731e-14
-1.013353708e-14
-7.916606934e-15
-9.476112106e-15
-1.206114657e-14
-1.225805141e-14
-9.057499618e-15
-9.833222831e-15
-1.359450721e-14
-1.232439595e-14
-1.234181793e-14
-1.239644161e-14
-1.233456198e-14
-1.258509689e-14
-1.145266968e-14
-1.100352186e-14
-1.273159236e-14
-1.316389387e-14
-1.094087281e-14
-1.039737043e-14
-1.263785258e-14
-1.295574614e-14
-1.095201053e-14
-1.113292258e-14
-1.415970555e-14
-1.457886956e-14
-1.277764586e-14
-1.429724674e-14
-1.33186182e-14
-1.199316894e-14
-1.172701469e-14
-1.04838453e-14
-1.201398671e-14
-1.011156648e-14
-1.140777715e-14
-1.167511278e-14
-1.105848831e-14
-1.128150151e-14
-1.11420784e-14
-1.120926383e-14
-9.984649548e-15
-1.064120403e-14
-1.041622989e-14
-1.351973271e-14
-1.358254083e-14
-1.070436324e-14
-1.181190051e-14
-1.064401184e-14
-1.026692883e-14
-1.077538994e-14
-1.065575687e-14
-1.399661304e-14
-1.216192253e-14
-9.049999285e-15
-1.186272814e-14
-9.883702514e-15
-7.592656884e-15
-9.494141626e-15
-9.791343222e-15
-1.011782204e-14
-8.37918307e-15
-9.965886956e-15
-9.820622591e-15
-7.179981394e-15
-6.421081154e-15
-8.408276229e-15
-8.484938641e-15
-5.278910916e-15
-8.036497483e-15
-7.071553566e-15
-5.736873747e-15
-1.003490137e-14
-6.500301926e-15
-5.582974217e-15
-5.950244796e-15
-2.492263772e-15
-7.3413501e-15
-6.516877203e-15
-3.838583107e-15
-8.771575829e-15
-4.108505947e-15
-1.591873229e-15
-3.237181027e-15
-6.481634128e-16
-6.311741542e-15
-4.336856622e-15
4.343391849e-16
-3.11831775e-15
-4.659671078e-15
-2.486474639e-15
-1.004511281e-15
-2.316773241e-15
-3.829681253e-15
-4.876476074e-15
-2.035026043e-15
-1.373893382e-15
-1.735606788e-15
-1.237581024e-15
-4.559691903e-15
-4.66563537e-15
)
;

boundaryField
{
    inlet
    {
        type            cyclic;
    }
    outlet
    {
        type            cyclic;
    }
    topWall
    {
        type            zeroGradient;
    }
    bottomWall
    {
        type            zeroGradient;
    }
    frontAndBack
    {
        type            empty;
    }
}


// ************************************************************************* //
