/*--------------------------------*- C++ -*----------------------------------*\
  =========                 |
  \\      /  F ield         | OpenFOAM: The Open Source CFD Toolbox
   \\    /   O peration     | Website:  https://openfoam.org
    \\  /    A nd           | Version:  10
     \\/     M anipulation  |
\*---------------------------------------------------------------------------*/
FoamFile
{
    format      ascii;
    class       volScalarField;
    location    "2000";
    object      p;
}
// * * * * * * * * * * * * * * * * * * * * * * * * * * * * * * * * * * * * * //

dimensions      [0 2 -2 0 0 0 0];

internalField   nonuniform List<scalar> 
4000
(
-1.548427529e-15
-6.372930472e-15
-5.036826422e-15
-4.033754405e-15
-2.875558818e-15
-2.435238296e-15
-2.454584381e-15
-2.549445463e-15
-1.982800079e-15
-1.844807276e-15
-2.261293641e-15
-2.429377063e-15
-2.484299999e-15
-2.996177942e-15
-3.219211988e-15
-2.902434423e-15
-2.814605163e-15
-2.985758219e-15
-2.939457832e-15
-3.065581884e-15
-3.693036548e-15
-3.26771314e-15
-3.324376028e-15
-4.632253107e-15
-5.115427908e-15
-4.744799315e-15
-4.484225435e-15
-4.828831802e-15
-4.77049748e-15
-4.026303067e-15
-4.352318774e-15
-4.046643857e-15
-4.134942657e-15
-4.382241268e-15
-3.877724989e-15
-4.450869572e-15
-4.184588591e-15
-4.849356392e-15
-5.690571058e-15
-6.090490922e-15
-6.422410807e-15
-5.917408496e-15
-5.7555174e-15
-4.811350786e-15
-5.869820538e-15
-5.894877333e-15
-5.791511144e-15
-6.79017465e-15
-6.407234658e-15
-6.790010851e-15
-6.796818868e-15
-5.825652173e-15
-6.195092268e-15
-6.616446057e-15
-6.049153736e-15
-5.811742718e-15
-6.240277994e-15
-5.262635184e-15
-5.758642471e-15
-5.664208097e-15
-4.700007683e-15
-5.173514225e-15
-5.024178572e-15
-4.3395691e-15
-4.780100221e-15
-5.739665971e-15
-5.490143424e-15
-6.05955423e-15
-6.945568762e-15
-5.809635234e-15
-4.483733323e-15
-6.162781225e-15
-7.213899099e-15
-5.189929272e-15
-5.411456617e-15
-7.920889271e-15
-8.567604211e-15
-7.464231972e-15
-5.997140348e-15
-8.053857831e-15
-8.7414845e-15
-7.299262342e-15
-7.903574725e-15
-8.891891254e-15
-9.077528674e-15
-8.742014599e-15
-7.641825775e-15
-7.136070739e-15
-7.578355181e-15
-9.268880708e-15
-9.608569597e-15
-7.410679387e-15
-7.644553764e-15
-9.777880894e-15
-9.315023392e-15
-8.461162814e-15
-1.015925697e-14
-9.399792505e-15
-7.01167185e-15
-7.478207366e-15
-9.90495098e-15
-1.025355933e-14
-8.923792984e-15
-9.032921003e-15
-9.945221876e-15
-1.076653339e-14
-9.644674818e-15
-9.555447805e-15
-1.205667036e-14
-1.343916889e-14
-1.113777832e-14
-1.056002335e-14
-1.282622475e-14
-1.282959561e-14
-1.225737372e-14
-1.099331446e-14
-1.007902051e-14
-1.285248175e-14
-1.37655599e-14
-1.113133731e-14
-1.018031345e-14
-1.248629936e-14
-1.411722374e-14
-1.336428422e-14
-1.385998376e-14
-1.37680346e-14
-1.374836566e-14
-1.263364184e-14
-1.208899624e-14
-1.496558238e-14
-1.397732465e-14
-1.262101733e-14
-1.352089241e-14
-1.235897426e-14
-1.321111599e-14
-1.349249779e-14
-1.276690331e-14
-1.388525363e-14
-1.510004908e-14
-1.408793099e-14
-1.230522742e-14
-1.294961783e-14
-1.451094158e-14
-1.578408945e-14
-1.541740668e-14
-1.518443848e-14
-1.661815136e-14
-1.47993443e-14
-1.344933225e-14
-1.551614996e-14
-1.620941147e-14
-1.734642656e-14
-1.518123352e-14
-1.340310594e-14
-1.695243287e-14
-1.538298601e-14
-1.212520409e-14
-1.260114695e-14
-1.350642041e-14
-1.573598186e-14
-1.414345934e-14
-1.131986285e-14
-1.195985836e-14
-1.272483465e-14
-1.143616667e-14
-1.051991554e-14
-1.138384034e-14
-1.16466669e-14
-1.307712382e-14
-1.291183853e-14
-1.027514474e-14
-1.121593865e-14
-1.217270966e-14
-8.333810211e-15
-9.908587547e-15
-8.878754673e-15
-8.483152839e-15
-9.361064953e-15
-5.897344663e-15
-9.596629196e-15
-8.308207251e-15
-5.089205931e-15
-7.569577503e-15
-6.247845832e-15
-8.044423461e-15
-9.569492378e-15
-5.405217347e-15
-8.048750018e-15
-8.92303562e-15
-4.987288506e-15
-4.707234122e-15
-6.536179404e-15
-5.873843591e-15
-6.775524029e-15
-8.399258301e-15
-6.24371145e-15
-6.180135574e-15
-5.060339019e-15
-2.260817046e-15
-4.274082907e-15
-4.596919228e-15
-6.049970713e-15
-4.822093263e-15
-3.956494832e-15
-2.768861234e-15
-2.260575741e-15
-2.45033457e-15
-2.628446389e-15
-2.03119777e-15
-1.591993114e-15
-2.194158547e-15
-2.524833896e-15
-2.404929507e-15
-3.036408172e-15
-3.274305357e-15
-2.998934871e-15
-2.857210058e-15
-3.106941389e-15
-2.973996959e-15
-2.925142445e-15
-3.529600588e-15
-3.33737356e-15
-3.599882142e-15
-4.735274778e-15
-4.740300959e-15
-4.586697736e-15
-4.742164222e-15
-4.801530457e-15
-4.517992142e-15
-4.205302184e-15
-4.448603656e-15
-4.225471848e-15
-4.086994676e-15
-4.331274972e-15
-3.978035788e-15
-4.128545303e-15
-4.431297895e-15
-5.034203569e-15
-5.755017578e-15
-6.110195007e-15
-5.910303325e-15
-5.962379177e-15
-5.781628231e-15
-5.127296504e-15
-5.597744469e-15
-5.969261755e-15
-6.035736315e-15
-6.305161842e-15
-6.667056907e-15
-6.793374397e-15
-6.595118594e-15
-5.896533564e-15
-6.186945825e-15
-6.870535563e-15
-6.37677525e-15
-5.518324705e-15
-5.717447666e-15
-5.61748524e-15
-5.667270116e-15
-5.509261377e-15
-4.943985574e-15
-5.233183042e-15
-5.019716878e-15
-4.534535568e-15
-4.914824827e-15
-5.06557016e-15
-5.513653159e-15
-6.345674269e-15
-6.696584956e-15
-5.52932363e-15
-5.155965062e-15
-6.25266202e-15
-6.165960141e-15
-5.912052752e-15
-6.098212038e-15
-7.10945193e-15
-8.218579637e-15
-7.699408555e-15
-7.070790082e-15
-7.403721916e-15
-8.148088175e-15
-7.445267045e-15
-8.015655361e-15
-9.392758448e-15
-8.544854122e-15
-8.020297297e-15
-8.079332272e-15
-7.793402464e-15
-8.107052357e-15
-8.84237513e-15
-8.334928057e-15
-7.971507679e-15
-8.652722188e-15
-8.923285621e-15
-9.165821836e-15
-9.065961447e-15
-9.645353816e-15
-9.135875994e-15
-8.034147638e-15
-7.801166575e-15
-8.677036937e-15
-9.781918959e-15
-9.66048743e-15
-9.934376365e-15
-9.243950344e-15
-9.91364382e-15
-1.013080894e-14
-1.028928742e-14
-1.20274113e-14
-1.249397476e-14
-1.228122209e-14
-1.127487455e-14
-1.147347724e-14
-1.226456472e-14
-1.204022609e-14
-1.180230787e-14
-1.073496694e-14
-1.206132762e-14
-1.299270509e-14
-1.152341864e-14
-1.088803424e-14
-1.259653426e-14
-1.349151985e-14
-1.397289832e-14
-1.366121393e-14
-1.306253194e-14
-1.395399001e-14
-1.284986e-14
-1.317931028e-14
-1.426697775e-14
-1.385422294e-14
-1.323236151e-14
-1.258340497e-14
-1.301841555e-14
-1.300706291e-14
-1.309879901e-14
-1.343939908e-14
-1.346619691e-14
-1.458369279e-14
-1.38918467e-14
-1.29036547e-14
-1.42152101e-14
-1.447923932e-14
-1.489977728e-14
-1.51388325e-14
-1.43446201e-14
-1.563346875e-14
-1.630066517e-14
-1.551653293e-14
-1.491573852e-14
-1.524757159e-14
-1.647140227e-14
-1.593615112e-14
-1.46769616e-14
-1.476368618e-14
-1.456295453e-14
-1.370048121e-14
-1.37124582e-14
-1.421113373e-14
-1.409940322e-14
-1.27127536e-14
-1.208751021e-14
-1.277099973e-14
-1.264356347e-14
-1.047994534e-14
-1.133953086e-14
-1.204691009e-14
-1.193977582e-14
-1.235059375e-14
-1.090956539e-14
-1.115442181e-14
-1.181948765e-14
-1.177188727e-14
-1.060921063e-14
-9.231452461e-15
-7.819192627e-15
-8.621318545e-15
-9.326485683e-15
-7.428941705e-15
-7.464724833e-15
-8.085453626e-15
-6.12388351e-15
-6.607198884e-15
-7.766031061e-15
-7.947517159e-15
-8.606262067e-15
-6.579937541e-15
-6.654593309e-15
-7.756902012e-15
-6.235946354e-15
-6.131246473e-15
-5.843373493e-15
-5.83672226e-15
-7.527555411e-15
-7.250836178e-15
-5.733590767e-15
-5.994227897e-15
-5.486980954e-15
-3.795633133e-15
-4.3880674e-15
-4.374040958e-15
-5.645942516e-15
-4.71911751e-15
-3.990817563e-15
-2.499802211e-15
-2.054124971e-15
-2.410007562e-15
-2.694948479e-15
-2.084850803e-15
-1.501920539e-15
-2.236031133e-15
-2.519872842e-15
-2.222932376e-15
-2.996167131e-15
-3.457671682e-15
-2.95881537e-15
-2.896475148e-15
-3.193803943e-15
-2.928240091e-15
-3.000822646e-15
-3.402833007e-15
-3.210294705e-15
-3.83977823e-15
-5.088921536e-15
-4.581875042e-15
-4.474613714e-15
-4.734035648e-15
-4.702371575e-15
-4.436455264e-15
-4.213322306e-15
-4.583026418e-15
-4.325454148e-15
-4.18722318e-15
-4.142359858e-15
-4.056979322e-15
-4.275439101e-15
-4.457492649e-15
-4.870174396e-15
-5.686839054e-15
-6.117735135e-15
-5.901749781e-15
-6.162858197e-15
-5.635159162e-15
-5.217666973e-15
-5.387917497e-15
-5.990910221e-15
-6.244380007e-15
-6.08167235e-15
-6.709101761e-15
-7.015470073e-15
-6.537105035e-15
-5.88803306e-15
-6.267977545e-15
-6.814005472e-15
-6.364482924e-15
-5.424695958e-15
-5.731788174e-15
-5.874722969e-15
-5.212722721e-15
-5.381752956e-15
-5.30672634e-15
-4.978156847e-15
-4.959270797e-15
-4.921274465e-15
-4.78136182e-15
-4.782097199e-15
-5.817170269e-15
-6.440270888e-15
-6.182776752e-15
-5.680389479e-15
-5.713684633e-15
-5.938530811e-15
-5.623819646e-15
-6.445017855e-15
-6.818735042e-15
-6.48431231e-15
-7.629049742e-15
-8.128719224e-15
-7.630131297e-15
-6.755532015e-15
-7.799911245e-15
-7.982106792e-15
-8.25661691e-15
-8.968629519e-15
-8.100806391e-15
-7.510195079e-15
-8.71690535e-15
-8.684893932e-15
-7.81449829e-15
-8.370993999e-15
-7.897709529e-15
-8.564895413e-15
-8.941689218e-15
-8.559006503e-15
-9.329730907e-15
-9.409157703e-15
-9.255156198e-15
-8.775385964e-15
-8.55012541e-15
-8.366603762e-15
-8.07021331e-15
-9.304381017e-15
-9.671662324e-15
-1.0373179e-14
-9.514559441e-15
-9.270751629e-15
-1.037008741e-14
-1.06416856e-14
-1.179663862e-14
-1.187973579e-14
-1.284747476e-14
-1.234877906e-14
-1.070908989e-14
-1.181280022e-14
-1.219647432e-14
-1.15277723e-14
-1.16318494e-14
-1.179243138e-14
-1.162023482e-14
-1.187836787e-14
-1.168725417e-14
-1.281464176e-14
-1.313833337e-14
-1.387298534e-14
-1.348222199e-14
-1.329132664e-14
-1.408466673e-14
-1.292090857e-14
-1.386057618e-14
-1.380871279e-14
-1.318302835e-14
-1.345505589e-14
-1.287914685e-14
-1.335164158e-14
-1.285210692e-14
-1.246887376e-14
-1.38426765e-14
-1.328346981e-14
-1.366216158e-14
-1.459921414e-14
-1.390461617e-14
-1.435011447e-14
-1.417890007e-14
-1.449809522e-14
-1.458435654e-14
-1.398738504e-14
-1.545431004e-14
-1.675928524e-14
-1.667740062e-14
-1.500406891e-14
-1.513419226e-14
-1.545112949e-14
-1.55950052e-14
-1.543882407e-14
-1.426456906e-14
-1.422570906e-14
-1.467144907e-14
-1.425872136e-14
-1.427233407e-14
-1.310192641e-14
-1.182707378e-14
-1.284479281e-14
-1.288219062e-14
-1.212201454e-14
-1.122870463e-14
-1.184238274e-14
-1.22538388e-14
-1.169841769e-14
-1.095045512e-14
-1.049333991e-14
-1.216342464e-14
-1.209886769e-14
-1.038013971e-14
-1.168888569e-14
-1.072314571e-14
-7.545678319e-15
-8.019917274e-15
-8.730848752e-15
-8.287714904e-15
-6.862133728e-15
-7.413768274e-15
-7.091344563e-15
-5.781714643e-15
-8.119027872e-15
-8.390626028e-15
-7.126655432e-15
-7.555675045e-15
-7.570670799e-15
-6.843981163e-15
-6.280082547e-15
-6.704189456e-15
-5.849892608e-15
-5.955731025e-15
-7.484799172e-15
-6.236633848e-15
-5.220076662e-15
-6.729750909e-15
-6.052513945e-15
-5.043655056e-15
-4.437383869e-15
-3.935347917e-15
-5.405874626e-15
-4.682651723e-15
-3.844272983e-15
-2.457071197e-15
-1.963354947e-15
-2.185445797e-15
-2.671088811e-15
-1.861524284e-15
-1.512929783e-15
-2.423901389e-15
-2.589694504e-15
-2.362656446e-15
-2.819926778e-15
-3.306937694e-15
-3.073681772e-15
-2.79616291e-15
-3.316594826e-15
-2.872752378e-15
-3.008739971e-15
-3.419975355e-15
-3.226506271e-15
-3.643376697e-15
-5.234550183e-15
-4.754366389e-15
-4.436300375e-15
-4.644520505e-15
-4.688998963e-15
-4.595349014e-15
-4.025592605e-15
-4.606845879e-15
-4.508813883e-15
-4.559413817e-15
-3.947575938e-15
-3.965081642e-15
-4.457823351e-15
-4.330905826e-15
-4.641386206e-15
-5.590336699e-15
-6.425845971e-15
-6.207599452e-15
-6.046169985e-15
-5.486737047e-15
-5.510790469e-15
-5.27388561e-15
-5.652419815e-15
-6.156765833e-15
-6.290184479e-15
-6.924244487e-15
-7.184377095e-15
-6.450188788e-15
-5.849462191e-15
-6.035005992e-15
-6.620965696e-15
-6.213904961e-15
-5.507100931e-15
-6.127539852e-15
-5.841487156e-15
-5.110510674e-15
-5.307838327e-15
-5.195352135e-15
-4.551853132e-15
-4.951093699e-15
-5.310317031e-15
-4.709670164e-15
-4.834274549e-15
-6.073825541e-15
-6.03861203e-15
-6.098660231e-15
-6.433414039e-15
-5.558812196e-15
-5.230785239e-15
-5.893245729e-15
-6.695610111e-15
-7.115251987e-15
-6.441923809e-15
-7.141693665e-15
-8.535572663e-15
-7.611530259e-15
-6.40100464e-15
-7.569246281e-15
-8.506927888e-15
-8.495733147e-15
-8.257209918e-15
-8.068867788e-15
-7.801033246e-15
-8.643519663e-15
-8.862293915e-15
-7.729093398e-15
-8.024681038e-15
-8.201583999e-15
-8.688347962e-15
-8.583629349e-15
-8.957919414e-15
-9.672498462e-15
-9.506875422e-15
-8.614246101e-15
-8.515292198e-15
-9.034277679e-15
-8.74419177e-15
-7.867705496e-15
-9.061665679e-15
-9.73316871e-15
-1.012944335e-14
-1.013430748e-14
-9.166058285e-15
-1.014087137e-14
-1.081707039e-14
-1.16284923e-14
-1.178144754e-14
-1.294378425e-14
-1.275710847e-14
-1.081136027e-14
-1.144633488e-14
-1.221586897e-14
-1.140367793e-14
-1.195960579e-14
-1.159551187e-14
-1.075174615e-14
-1.227393449e-14
-1.240381678e-14
-1.263898218e-14
-1.278478561e-14
-1.384791616e-14
-1.374071069e-14
-1.363822171e-14
-1.369037341e-14
-1.357978527e-14
-1.368220228e-14
-1.309992924e-14
-1.305822305e-14
-1.364824345e-14
-1.358497189e-14
-1.311856255e-14
-1.249185251e-14
-1.219786982e-14
-1.384944584e-14
-1.346087421e-14
-1.330293465e-14
-1.505117519e-14
-1.4978326e-14
-1.380025369e-14
-1.362147169e-14
-1.429642949e-14
-1.383615798e-14
-1.466395552e-14
-1.582806915e-14
-1.619417645e-14
-1.662362247e-14
-1.563697551e-14
-1.530066595e-14
-1.474810411e-14
-1.543450706e-14
-1.56161544e-14
-1.411102782e-14
-1.455583371e-14
-1.540889296e-14
-1.426638745e-14
-1.370606998e-14
-1.256693664e-14
-1.193936384e-14
-1.310322223e-14
-1.246421345e-14
-1.215941295e-14
-1.277790253e-14
-1.191575565e-14
-1.096052516e-14
-1.110009328e-14
-1.061825521e-14
-1.147291462e-14
-1.236688447e-14
-1.167525195e-14
-1.039585399e-14
-1.143528005e-14
-1.112174164e-14
-8.674334651e-15
-7.734570915e-15
-7.424882635e-15
-8.646807879e-15
-7.038503274e-15
-6.789783713e-15
-7.921648754e-15
-6.314901983e-15
-6.885891785e-15
-8.271585278e-15
-7.05562722e-15
-7.906766107e-15
-8.333862004e-15
-6.750985136e-15
-6.722842988e-15
-6.300532728e-15
-5.492512246e-15
-6.140773657e-15
-6.710280358e-15
-5.692307601e-15
-6.124156771e-15
-6.896640327e-15
-6.10022828e-15
-6.277492111e-15
-4.389100154e-15
-3.953503963e-15
-5.255105991e-15
-4.641067933e-15
-3.813546218e-15
-2.233056265e-15
-1.772321394e-15
-2.286564991e-15
-2.654296793e-15
-1.532331249e-15
-1.511743445e-15
-2.298127302e-15
-2.492668397e-15
-2.611541326e-15
-2.907056427e-15
-3.266845349e-15
-3.112084746e-15
-3.003997666e-15
-3.322990141e-15
-2.898683445e-15
-2.952798731e-15
-3.233932654e-15
-3.218526182e-15
-3.701029331e-15
-5.327726567e-15
-4.949746654e-15
-4.489722382e-15
-4.817586181e-15
-4.654446523e-15
-4.667630392e-15
-3.715235034e-15
-4.501731696e-15
-4.523491947e-15
-4.402180854e-15
-3.850816208e-15
-4.177702081e-15
-4.461105508e-15
-4.181216562e-15
-4.568432363e-15
-5.74793466e-15
-6.5685258e-15
-6.092825995e-15
-6.041023008e-15
-5.633342794e-15
-5.742980623e-15
-5.696974076e-15
-5.222913183e-15
-5.871546698e-15
-6.214458474e-15
-6.993994805e-15
-7.488999503e-15
-6.629959635e-15
-6.000984769e-15
-5.786403212e-15
-6.515945666e-15
-6.141892033e-15
-5.5876303e-15
-6.092484566e-15
-5.718368491e-15
-4.970729213e-15
-5.132650868e-15
-5.245804867e-15
-4.558550103e-15
-5.14633018e-15
-5.083555796e-15
-4.736954549e-15
-4.93998636e-15
-6.234928649e-15
-5.634848439e-15
-6.238526496e-15
-7.05164853e-15
-5.055679254e-15
-4.929748006e-15
-6.139022298e-15
-6.628307708e-15
-7.103555494e-15
-6.628268211e-15
-6.75367697e-15
-8.609732964e-15
-7.945223853e-15
-6.416656278e-15
-7.185058458e-15
-8.47866687e-15
-8.706266515e-15
-8.083174467e-15
-8.515563632e-15
-8.471173662e-15
-7.980684792e-15
-8.788472833e-15
-8.058148801e-15
-7.584098717e-15
-8.403111774e-15
-8.915349683e-15
-8.173010182e-15
-9.049889961e-15
-9.908713088e-15
-9.776571077e-15
-7.926052852e-15
-8.05021767e-15
-9.456890633e-15
-9.453774998e-15
-7.598054622e-15
-8.858593614e-15
-9.971011596e-15
-9.840362083e-15
-1.064497943e-14
-9.160159476e-15
-9.485915583e-15
-1.095239292e-14
-1.198739861e-14
-1.199150966e-14
-1.284534756e-14
-1.239234792e-14
-1.161799022e-14
-1.102771282e-14
-1.156525317e-14
-1.204372263e-14
-1.183630714e-14
-1.100261531e-14
-1.09871244e-14
-1.239686139e-14
-1.266621e-14
-1.21961915e-14
-1.254234598e-14
-1.405624707e-14
-1.426560766e-14
-1.341576013e-14
-1.336794797e-14
-1.466262074e-14
-1.310586438e-14
-1.190826385e-14
-1.357562182e-14
-1.428622334e-14
-1.37946273e-14
-1.322857701e-14
-1.233541379e-14
-1.189003623e-14
-1.299350458e-14
-1.394174819e-14
-1.372035672e-14
-1.483299133e-14
-1.582417875e-14
-1.359426212e-14
-1.288043863e-14
-1.363905294e-14
-1.363762695e-14
-1.573599781e-14
-1.6262747e-14
-1.564346263e-14
-1.588187284e-14
-1.632690217e-14
-1.54170319e-14
-1.416037816e-14
-1.616870191e-14
-1.554013599e-14
-1.350811601e-14
-1.478291488e-14
-1.594840441e-14
-1.441725361e-14
-1.357664187e-14
-1.197371439e-14
-1.186446643e-14
-1.312762944e-14
-1.251074215e-14
-1.289727233e-14
-1.321733706e-14
-1.174424131e-14
-9.655935323e-15
-1.053003039e-14
-1.123791795e-14
-1.244886704e-14
-1.191012717e-14
-1.127962357e-14
-1.149340044e-14
-1.099446273e-14
-1.017102177e-14
-9.865606354e-15
-7.92673136e-15
-5.924600861e-15
-8.828713168e-15
-7.216611172e-15
-6.629918279e-15
-8.715423169e-15
-7.327336458e-15
-6.43440141e-15
-7.167269798e-15
-7.021456907e-15
-8.267862614e-15
-7.604967555e-15
-6.870374641e-15
-8.146859828e-15
-6.289860278e-15
-5.01886813e-15
-6.378339937e-15
-5.83861767e-15
-5.013218151e-15
-7.278787411e-15
-6.504886233e-15
-5.982752927e-15
-7.163237191e-15
-4.167444099e-15
-4.496278404e-15
-5.323693782e-15
-4.471308192e-15
-3.804755564e-15
-1.949090629e-15
-1.462663145e-15
-2.494786104e-15
-2.531193883e-15
-1.312340202e-15
-1.713886608e-15
-2.348760082e-15
-2.203012301e-15
-2.454959636e-15
-3.019232539e-15
-3.41419085e-15
-3.225776057e-15
-3.100303705e-15
-3.155008547e-15
-2.768937529e-15
-3.311404605e-15
-3.092403849e-15
-2.86941965e-15
-3.776260068e-15
-5.20168917e-15
-5.160681524e-15
-4.823945599e-15
-4.966069263e-15
-4.815651049e-15
-4.230285882e-15
-3.614081828e-15
-4.603201284e-15
-4.592368749e-15
-4.069957114e-15
-3.897642143e-15
-4.332078693e-15
-4.385941154e-15
-4.160987418e-15
-4.477765546e-15
-5.84683192e-15
-6.705232812e-15
-6.073979449e-15
-6.039657543e-15
-5.527364425e-15
-5.932986916e-15
-5.628713613e-15
-5.62063567e-15
-5.654732083e-15
-5.88883895e-15
-7.069531751e-15
-7.415522531e-15
-6.522312974e-15
-6.321860964e-15
-6.319235996e-15
-6.171311339e-15
-5.935734573e-15
-6.02082359e-15
-5.878932731e-15
-5.381420635e-15
-5.100078819e-15
-5.175288612e-15
-4.899940644e-15
-4.705669454e-15
-5.462372288e-15
-5.010822335e-15
-4.61420153e-15
-5.152426146e-15
-6.310776874e-15
-5.595331017e-15
-6.287837403e-15
-6.948630909e-15
-5.180271644e-15
-4.643337235e-15
-5.879595647e-15
-6.733061226e-15
-7.13095477e-15
-6.676258413e-15
-6.657470219e-15
-8.647494193e-15
-7.987015954e-15
-6.252633232e-15
-6.775557647e-15
-8.479777787e-15
-9.1669295e-15
-8.209114576e-15
-8.398447707e-15
-8.743764689e-15
-7.963922882e-15
-8.868834754e-15
-8.040442987e-15
-7.346403852e-15
-8.416543773e-15
-8.656319164e-15
-8.352916317e-15
-9.379480884e-15
-9.873808912e-15
-9.78775845e-15
-7.876827762e-15
-7.746843396e-15
-9.505395706e-15
-9.889595832e-15
-7.465551702e-15
-8.572793086e-15
-9.913471959e-15
-1.021108562e-14
-1.028224361e-14
-8.979852939e-15
-9.444672755e-15
-1.128626549e-14
-1.215420284e-14
-1.216517452e-14
-1.258266991e-14
-1.229658282e-14
-1.21410092e-14
-1.072264926e-14
-1.091164683e-14
-1.24607645e-14
-1.220613676e-14
-1.075220031e-14
-1.144757058e-14
-1.195268415e-14
-1.209300921e-14
-1.220284003e-14
-1.270775849e-14
-1.426309332e-14
-1.465041985e-14
-1.331177224e-14
-1.337326807e-14
-1.467118541e-14
-1.31046819e-14
-1.147434939e-14
-1.380892086e-14
-1.435055789e-14
-1.40537829e-14
-1.304718005e-14
-1.189085797e-14
-1.218484082e-14
-1.296528307e-14
-1.38700691e-14
-1.363930174e-14
-1.46096757e-14
-1.623306474e-14
-1.408628826e-14
-1.241185481e-14
-1.327447092e-14
-1.418577874e-14
-1.606048913e-14
-1.584507997e-14
-1.541878329e-14
-1.580802508e-14
-1.656728671e-14
-1.466028289e-14
-1.467057992e-14
-1.638656188e-14
-1.547689059e-14
-1.34085968e-14
-1.483922602e-14
-1.619497658e-14
-1.417132799e-14
-1.349055418e-14
-1.149003306e-14
-1.222688835e-14
-1.323736978e-14
-1.262753654e-14
-1.320602543e-14
-1.342769529e-14
-1.128864226e-14
-9.264158637e-15
-1.05956943e-14
-1.140507525e-14
-1.302422406e-14
-1.151288485e-14
-1.094619075e-14
-1.189763208e-14
-1.116412791e-14
-9.680710691e-15
-1.007724787e-14
-8.447944477e-15
-5.50530024e-15
-8.063602216e-15
-7.26301522e-15
-7.190871615e-15
-9.129343811e-15
-7.374275463e-15
-6.145149353e-15
-6.61844054e-15
-7.527739382e-15
-8.815340417e-15
-6.530758037e-15
-6.724232168e-15
-8.833774639e-15
-6.32184018e-15
-4.637846899e-15
-6.567391773e-15
-5.681861283e-15
-5.453103772e-15
-7.489108041e-15
-5.61546827e-15
-5.822797624e-15
-7.494327778e-15
-4.575259159e-15
-5.004559065e-15
-5.377629309e-15
-4.155488629e-15
-3.488727319e-15
-1.984201105e-15
-1.497629527e-15
-2.511564655e-15
-2.288369948e-15
-1.275105062e-15
-1.940337173e-15
-2.274945135e-15
-2.33343665e-15
-2.298552246e-15
-2.868894252e-15
-3.109262615e-15
-3.432426069e-15
-3.038927334e-15
-3.12169695e-15
-2.942265473e-15
-3.382433515e-15
-2.879452353e-15
-2.508283955e-15
-4.062316993e-15
-5.406075429e-15
-5.228852284e-15
-5.248140165e-15
-5.129777233e-15
-4.808972969e-15
-3.907791023e-15
-3.63063002e-15
-4.856306519e-15
-4.535904084e-15
-3.555710792e-15
-4.147666679e-15
-4.713615388e-15
-3.972177138e-15
-4.419468729e-15
-4.790082863e-15
-5.68644108e-15
-6.604874935e-15
-6.219418821e-15
-5.783085711e-15
-5.395042272e-15
-5.64651893e-15
-5.274068419e-15
-5.917644743e-15
-6.017216933e-15
-5.438036853e-15
-7.258259182e-15
-7.597289554e-15
-6.177294938e-15
-6.204454635e-15
-6.58746957e-15
-6.194956352e-15
-5.813453202e-15
-6.308676816e-15
-5.991360906e-15
-5.475587079e-15
-5.29949212e-15
-4.847830515e-15
-4.436427696e-15
-5.130088987e-15
-5.808473879e-15
-4.993317516e-15
-4.464771414e-15
-5.277826524e-15
-6.020198742e-15
-5.80889013e-15
-6.603339967e-15
-6.285510195e-15
-5.30814067e-15
-4.881171449e-15
-5.695890106e-15
-6.951133117e-15
-7.288732809e-15
-6.143216843e-15
-6.65123661e-15
-8.486573305e-15
-7.919632086e-15
-6.772828893e-15
-6.996888755e-15
-7.994191885e-15
-9.168337132e-15
-8.450805428e-15
-8.199913873e-15
-8.670974489e-15
-8.069545182e-15
-8.504046678e-15
-8.337706206e-15
-7.530180308e-15
-8.215916598e-15
-8.25225203e-15
-8.529341081e-15
-9.293607669e-15
-9.65585957e-15
-1.003769456e-14
-8.822324053e-15
-7.904015774e-15
-8.600214137e-15
-9.652074934e-15
-8.374271059e-15
-8.477294564e-15
-9.788675489e-15
-1.047235523e-14
-9.668941997e-15
-8.689365735e-15
-9.849833921e-15
-1.110545052e-14
-1.229340403e-14
-1.237083017e-14
-1.235829257e-14
-1.26486232e-14
-1.240707046e-14
-1.045460429e-14
-1.062743843e-14
-1.229790032e-14
-1.261720878e-14
-1.092669101e-14
-1.152191865e-14
-1.174738514e-14
-1.13852796e-14
-1.219559692e-14
-1.302483384e-14
-1.462926369e-14
-1.464270231e-14
-1.333010083e-14
-1.309306105e-14
-1.385975749e-14
-1.378131457e-14
-1.230092491e-14
-1.354573675e-14
-1.427733498e-14
-1.379776094e-14
-1.283860768e-14
-1.179747402e-14
-1.227093372e-14
-1.355064435e-14
-1.316772737e-14
-1.288134426e-14
-1.481949864e-14
-1.643041423e-14
-1.428146675e-14
-1.300435089e-14
-1.27928462e-14
-1.465158003e-14
-1.664641401e-14
-1.52792003e-14
-1.532070977e-14
-1.604516184e-14
-1.619331913e-14
-1.394470488e-14
-1.470889119e-14
-1.615062253e-14
-1.581690035e-14
-1.372160373e-14
-1.510810567e-14
-1.624826339e-14
-1.367877721e-14
-1.347161492e-14
-1.17560804e-14
-1.260358697e-14
-1.316568418e-14
-1.236255259e-14
-1.296833339e-14
-1.322706231e-14
-1.120362975e-14
-9.678997218e-15
-1.165469031e-14
-1.121797658e-14
-1.274211737e-14
-1.154079101e-14
-1.008258579e-14
-1.165268367e-14
-1.160465572e-14
-9.78849938e-15
-1.01223274e-14
-8.589924242e-15
-5.840698627e-15
-7.486248939e-15
-6.791855332e-15
-7.866837069e-15
-9.398891728e-15
-6.874512662e-15
-6.17136757e-15
-6.602943018e-15
-7.822086994e-15
-9.081831277e-15
-6.006160986e-15
-6.279107994e-15
-8.611718128e-15
-6.750572007e-15
-4.68973662e-15
-6.563611207e-15
-5.731775553e-15
-5.978753439e-15
-6.906712296e-15
-4.960035899e-15
-6.297135119e-15
-7.559601439e-15
-4.875748349e-15
-5.452491578e-15
-5.667728759e-15
-3.903419623e-15
-3.138744124e-15
-2.028465098e-15
-1.422951114e-15
-2.361989455e-15
-2.335584862e-15
-1.543588829e-15
-1.908579852e-15
-2.223239292e-15
-2.193255848e-15
-2.416532518e-15
-2.933580202e-15
-2.904423396e-15
-2.98294732e-15
-3.181567858e-15
-2.931042165e-15
-2.934117692e-15
-3.159579395e-15
-2.827888755e-15
-2.873136988e-15
-4.139905447e-15
-5.454290683e-15
-5.123110429e-15
-5.349054376e-15
-5.427797006e-15
-4.763967325e-15
-3.461826516e-15
-3.885448957e-15
-5.015734478e-15
-4.28595147e-15
-3.428669483e-15
-4.42471179e-15
-4.631582826e-15
-3.804536262e-15
-5.076440818e-15
-5.037596939e-15
-5.553720373e-15
-6.514021016e-15
-5.750650883e-15
-5.496454052e-15
-5.566934298e-15
-5.799230427e-15
-5.439118483e-15
-5.774567276e-15
-5.691965689e-15
-5.124378496e-15
-7.425171433e-15
-7.849475363e-15
-6.131192334e-15
-6.15476819e-15
-6.865825595e-15
-6.248882416e-15
-5.896776747e-15
-5.909234288e-15
-5.934642826e-15
-5.951684556e-15
-5.267875029e-15
-4.087094912e-15
-4.41192031e-15
-5.511950031e-15
-6.139697522e-15
-5.108270507e-15
-4.358829303e-15
-5.39822589e-15
-5.780944906e-15
-6.140415819e-15
-6.448788577e-15
-5.480356582e-15
-5.612954703e-15
-4.999626557e-15
-5.579218342e-15
-6.974533567e-15
-7.312526626e-15
-5.938945163e-15
-6.838622363e-15
-8.309180779e-15
-7.728934177e-15
-7.611035899e-15
-7.121849956e-15
-7.678417233e-15
-9.217395013e-15
-8.394819046e-15
-8.275245199e-15
-8.499910242e-15
-8.523961138e-15
-8.527300177e-15
-8.258764098e-15
-7.46079097e-15
-7.990938071e-15
-8.196696453e-15
-8.716170725e-15
-8.814958196e-15
-9.506853985e-15
-1.027205123e-14
-9.144891573e-15
-8.258580783e-15
-8.35925873e-15
-9.587633038e-15
-9.15898118e-15
-8.416459436e-15
-9.764760631e-15
-1.05068885e-14
-9.530727827e-15
-8.598504184e-15
-9.586062282e-15
-1.088749922e-14
-1.278401168e-14
-1.267204868e-14
-1.226803203e-14
-1.254355997e-14
-1.246873594e-14
-1.066762585e-14
-1.018956661e-14
-1.189607889e-14
-1.325354514e-14
-1.134942771e-14
-1.123430861e-14
-1.151798616e-14
-1.150023053e-14
-1.179603863e-14
-1.322022321e-14
-1.523146066e-14
-1.458794394e-14
-1.31045752e-14
-1.240213998e-14
-1.330678175e-14
-1.458943543e-14
-1.315016434e-14
-1.322083702e-14
-1.409358521e-14
-1.366587723e-14
-1.287868782e-14
-1.191938407e-14
-1.22635307e-14
-1.357574705e-14
-1.276535372e-14
-1.238011821e-14
-1.46239046e-14
-1.696520219e-14
-1.424838239e-14
-1.352660466e-14
-1.280496015e-14
-1.465153721e-14
-1.707604665e-14
-1.491010032e-14
-1.486746853e-14
-1.619560716e-14
-1.614117072e-14
-1.400363355e-14
-1.432692289e-14
-1.593890278e-14
-1.59534192e-14
-1.367589323e-14
-1.542963225e-14
-1.663422329e-14
-1.385484655e-14
-1.329488884e-14
-1.189114662e-14
-1.255582972e-14
-1.283319389e-14
-1.24978788e-14
-1.251920495e-14
-1.258079353e-14
-1.11544888e-14
-1.038140815e-14
-1.262384468e-14
-1.056236367e-14
-1.247326414e-14
-1.14955583e-14
-9.594974909e-15
-1.173962704e-14
-1.207087559e-14
-1.011425194e-14
-9.81700445e-15
-8.418765949e-15
-6.443601106e-15
-7.638655872e-15
-6.203018648e-15
-7.888182364e-15
-9.849929941e-15
-6.762241542e-15
-6.668453788e-15
-5.989860811e-15
-7.269611735e-15
-9.525213712e-15
-5.851489928e-15
-5.551591546e-15
-8.382907056e-15
-7.258371629e-15
-5.121163301e-15
-6.399157431e-15
-4.97045582e-15
-6.265257459e-15
-7.084044213e-15
-4.940450139e-15
-6.62053042e-15
-7.327874968e-15
-5.075420846e-15
-5.706764627e-15
-5.527844258e-15
-3.701769073e-15
-3.385729748e-15
-1.938356541e-15
-1.53405957e-15
-2.365678292e-15
-2.329109666e-15
-1.710331436e-15
-1.670322189e-15
-2.098187189e-15
-2.06520617e-15
-2.600278549e-15
-2.87636878e-15
-2.607114305e-15
-2.732655882e-15
-3.247473873e-15
-3.178228904e-15
-3.126599051e-15
-2.768157232e-15
-2.81954739e-15
-3.286838542e-15
-4.004426416e-15
-5.294612095e-15
-5.346527193e-15
-5.40352439e-15
-5.483127045e-15
-4.231050744e-15
-3.300354091e-15
-3.928720819e-15
-4.908924492e-15
-4.167187592e-15
-3.78179916e-15
-4.161942958e-15
-4.788067423e-15
-4.107883555e-15
-5.130071823e-15
-5.438234829e-15
-5.73906549e-15
-6.268599024e-15
-4.791187352e-15
-5.227284013e-15
-5.914573612e-15
-6.138440948e-15
-5.60110434e-15
-5.625897815e-15
-5.631366976e-15
-5.553635711e-15
-7.145304248e-15
-7.717927588e-15
-6.325850297e-15
-6.160492654e-15
-6.932509057e-15
-6.527469598e-15
-5.979664798e-15
-5.521298173e-15
-5.790090289e-15
-6.462794074e-15
-5.497086067e-15
-3.811717567e-15
-4.030707807e-15
-5.713054752e-15
-6.257663501e-15
-5.12536861e-15
-4.591809973e-15
-5.374504166e-15
-5.503205512e-15
-6.149618558e-15
-6.015274956e-15
-5.246978922e-15
-6.200086935e-15
-4.822807921e-15
-5.439930475e-15
-6.856807461e-15
-7.217322267e-15
-6.138842023e-15
-6.910776848e-15
-8.366949461e-15
-7.755451303e-15
-7.595439728e-15
-7.234011282e-15
-7.776146121e-15
-9.067613712e-15
-8.463374204e-15
-8.111359985e-15
-8.292062628e-15
-9.057291261e-15
-8.814133387e-15
-8.246560393e-15
-7.464178064e-15
-7.821616443e-15
-7.869859513e-15
-8.672549506e-15
-8.383435996e-15
-9.422876573e-15
-1.014658865e-14
-8.708948229e-15
-8.777282366e-15
-9.028410582e-15
-9.729760303e-15
-9.340109296e-15
-8.615547914e-15
-9.592458594e-15
-1.024198153e-14
-9.338038869e-15
-8.633069471e-15
-9.345189386e-15
-1.102737636e-14
-1.301220633e-14
-1.263306542e-14
-1.202815581e-14
-1.267283824e-14
-1.274812143e-14
-1.074381818e-14
-1.00231935e-14
-1.198961354e-14
-1.336145089e-14
-1.141060828e-14
-1.111134225e-14
-1.178707014e-14
-1.14445088e-14
-1.126367038e-14
-1.333589719e-14
-1.524340057e-14
-1.405074581e-14
-1.297215862e-14
-1.244597103e-14
-1.315402089e-14
-1.543048966e-14
-1.361215094e-14
-1.307866085e-14
-1.376918095e-14
-1.343554323e-14
-1.273766874e-14
-1.200305557e-14
-1.232977274e-14
-1.360035189e-14
-1.30891466e-14
-1.231983564e-14
-1.435354733e-14
-1.716879697e-14
-1.428161558e-14
-1.391143853e-14
-1.271491008e-14
-1.440796464e-14
-1.751571119e-14
-1.447460058e-14
-1.438227517e-14
-1.644023387e-14
-1.620622001e-14
-1.374441463e-14
-1.440584636e-14
-1.552038204e-14
-1.615816729e-14
-1.389797574e-14
-1.580309596e-14
-1.679126915e-14
-1.345008927e-14
-1.325679944e-14
-1.215084232e-14
-1.249582572e-14
-1.25796639e-14
-1.276184735e-14
-1.239742632e-14
-1.178986269e-14
-1.136791474e-14
-1.100371229e-14
-1.274013591e-14
-1.021814387e-14
-1.202561493e-14
-1.134988037e-14
-9.72495187e-15
-1.200640592e-14
-1.232133204e-14
-1.086321382e-14
-9.253721969e-15
-7.556769993e-15
-6.799763437e-15
-8.045336381e-15
-6.316734979e-15
-7.941058354e-15
-9.820682715e-15
-6.794327427e-15
-7.112527054e-15
-5.94348622e-15
-6.926926767e-15
-9.326274915e-15
-6.095373846e-15
-5.246119805e-15
-7.493716294e-15
-7.184915385e-15
-5.807998545e-15
-6.404678745e-15
-4.660802947e-15
-6.16118121e-15
-7.449347871e-15
-4.875705763e-15
-6.573987164e-15
-7.599677469e-15
-5.295359834e-15
-5.964865443e-15
-4.973036662e-15
-3.981808813e-15
-3.617417652e-15
-1.917695348e-15
-1.962285844e-15
-2.360776997e-15
-2.463608946e-15
-2.050280777e-15
-1.578831121e-15
-1.598736884e-15
-2.111220309e-15
-2.801947939e-15
-2.338132589e-15
-2.098832201e-15
-2.535932845e-15
-2.985603186e-15
-3.370556264e-15
-3.313707353e-15
-2.898565123e-15
-3.076716488e-15
-3.136102639e-15
-4.03305593e-15
-5.076629774e-15
-5.554680475e-15
-5.258511334e-15
-5.226145982e-15
-4.019436434e-15
-3.420342099e-15
-4.069109609e-15
-4.545963737e-15
-4.162945586e-15
-3.755448263e-15
-4.171699362e-15
-5.104615518e-15
-4.412489541e-15
-5.125593836e-15
-5.384830804e-15
-5.69750805e-15
-6.059855351e-15
-4.707816279e-15
-5.063954899e-15
-5.738418873e-15
-6.359713942e-15
-5.875996476e-15
-5.615347755e-15
-5.714152446e-15
-5.952929552e-15
-6.837517066e-15
-7.423250115e-15
-6.318710874e-15
-6.007064142e-15
-6.979569476e-15
-6.835984899e-15
-6.017989944e-15
-5.619456714e-15
-5.802605693e-15
-6.048891337e-15
-5.628019022e-15
-4.210362656e-15
-4.082782519e-15
-5.654404163e-15
-5.950769861e-15
-4.869773276e-15
-4.751451258e-15
-5.405501374e-15
-5.359281789e-15
-6.40085114e-15
-5.86791727e-15
-5.5853225e-15
-6.422623176e-15
-4.557163095e-15
-5.432511486e-15
-7.046782393e-15
-7.13042933e-15
-5.940846649e-15
-6.782001666e-15
-8.434386872e-15
-7.899128605e-15
-7.758060914e-15
-7.290303235e-15
-7.830387455e-15
-8.949786242e-15
-8.761123763e-15
-8.112894644e-15
-7.601175951e-15
-8.643380824e-15
-9.044223832e-15
-8.457686119e-15
-7.285657218e-15
-7.984953431e-15
-8.057850504e-15
-8.42241815e-15
-8.429982173e-15
-9.285742822e-15
-9.497116353e-15
-8.608418572e-15
-9.386005898e-15
-9.119721643e-15
-9.442190582e-15
-9.447197728e-15
-8.945594058e-15
-9.82362216e-15
-9.625287271e-15
-9.135296692e-15
-8.513482505e-15
-9.378590966e-15
-1.133429616e-14
-1.313375121e-14
-1.2531919e-14
-1.188471124e-14
-1.296773835e-14
-1.299219527e-14
-1.056727347e-14
-1.049185278e-14
-1.218510662e-14
-1.30805249e-14
-1.104291847e-14
-1.120316496e-14
-1.180264451e-14
-1.149375294e-14
-1.126076001e-14
-1.295473372e-14
-1.491135312e-14
-1.370766522e-14
-1.266744403e-14
-1.307239386e-14
-1.344564839e-14
-1.545613541e-14
-1.412514487e-14
-1.315753222e-14
-1.369664575e-14
-1.30561335e-14
-1.235405433e-14
-1.198394553e-14
-1.230702124e-14
-1.364880487e-14
-1.324953e-14
-1.235498398e-14
-1.45564367e-14
-1.697459338e-14
-1.482214525e-14
-1.418254068e-14
-1.250457738e-14
-1.432930038e-14
-1.766057913e-14
-1.459094959e-14
-1.390665719e-14
-1.60994606e-14
-1.595336403e-14
-1.384877013e-14
-1.423181366e-14
-1.52710376e-14
-1.659344356e-14
-1.419535059e-14
-1.587463132e-14
-1.688049102e-14
-1.314344836e-14
-1.31198678e-14
-1.203942301e-14
-1.277487466e-14
-1.269747725e-14
-1.255930496e-14
-1.22432354e-14
-1.16032407e-14
-1.164477993e-14
-1.125425238e-14
-1.283079494e-14
-1.015308001e-14
-1.144542878e-14
-1.137083253e-14
-1.000410619e-14
-1.198342866e-14
-1.229921398e-14
-1.121265768e-14
-9.275917933e-15
-6.843839213e-15
-6.942762871e-15
-8.240698419e-15
-6.48050772e-15
-8.12903685e-15
-9.722579096e-15
-6.956459054e-15
-7.376683508e-15
-6.193235116e-15
-6.74595004e-15
-8.664300982e-15
-6.18636154e-15
-5.101791951e-15
-7.006791991e-15
-7.352810337e-15
-5.835030828e-15
-6.448434137e-15
-5.012780186e-15
-6.529662104e-15
-7.157096719e-15
-4.520726776e-15
-6.883983271e-15
-7.515642344e-15
-5.206893291e-15
-5.825386437e-15
-5.184028949e-15
-4.198284379e-15
-3.633512157e-15
-1.898845138e-15
-2.072615933e-15
-2.192866975e-15
-2.376668766e-15
-2.464955326e-15
-1.55660897e-15
-1.452789137e-15
-2.287577294e-15
-2.844769149e-15
-1.72266231e-15
-1.754158291e-15
-2.484562227e-15
-3.03516894e-15
-3.557715501e-15
-3.502225375e-15
-3.022375309e-15
-3.302255697e-15
-3.05584551e-15
-3.770384234e-15
-5.173431887e-15
-5.599902538e-15
-5.07375816e-15
-5.028715097e-15
-4.312389428e-15
-3.689178349e-15
-3.808811695e-15
-4.106111505e-15
-3.829104572e-15
-3.780328065e-15
-4.177088184e-15
-5.151512024e-15
-4.6064183e-15
-5.228281118e-15
-5.181507154e-15
-5.649275761e-15
-6.017184435e-15
-4.481859371e-15
-5.110389026e-15
-5.603472234e-15
-6.355251311e-15
-6.25700238e-15
-5.687781937e-15
-5.584818455e-15
-5.954567656e-15
-6.588967706e-15
-7.1396733e-15
-6.348152174e-15
-6.347017354e-15
-7.462769189e-15
-7.087203245e-15
-5.725244619e-15
-5.883868845e-15
-5.870757791e-15
-5.663232139e-15
-5.697327896e-15
-4.356815117e-15
-4.431658016e-15
-5.429898631e-15
-5.567641727e-15
-4.858707922e-15
-4.794162566e-15
-5.416427423e-15
-5.568740158e-15
-6.26290721e-15
-5.947587417e-15
-5.675093415e-15
-6.45885113e-15
-4.898281852e-15
-5.509375626e-15
-7.357556721e-15
-7.108048826e-15
-5.760494419e-15
-6.78110258e-15
-8.388996577e-15
-7.855895261e-15
-7.790072077e-15
-7.089815105e-15
-8.037519457e-15
-8.849405272e-15
-8.611208035e-15
-7.850857608e-15
-6.909803511e-15
-8.510964547e-15
-9.495070521e-15
-8.456248029e-15
-7.448066675e-15
-8.137523124e-15
-7.8595931e-15
-8.267084747e-15
-8.712181915e-15
-9.156879924e-15
-9.081009302e-15
-8.928887196e-15
-9.449369613e-15
-8.9006079e-15
-9.391209116e-15
-9.736885872e-15
-9.001744339e-15
-9.742822148e-15
-9.851443834e-15
-8.764340954e-15
-8.347352848e-15
-9.453633852e-15
-1.138477546e-14
-1.307053209e-14
-1.262951818e-14
-1.205775218e-14
-1.292406514e-14
-1.280155693e-14
-1.072816861e-14
-1.084628023e-14
-1.261015107e-14
-1.300954343e-14
-1.040394589e-14
-1.109982553e-14
-1.176423975e-14
-1.171489968e-14
-1.141247875e-14
-1.264881462e-14
-1.47460953e-14
-1.326978161e-14
-1.25013362e-14
-1.331180498e-14
-1.39368644e-14
-1.562233207e-14
-1.404991853e-14
-1.342103281e-14
-1.373039255e-14
-1.247800407e-14
-1.217554159e-14
-1.194457755e-14
-1.217394787e-14
-1.359909831e-14
-1.315382723e-14
-1.281936347e-14
-1.47073012e-14
-1.647170949e-14
-1.508959123e-14
-1.456951922e-14
-1.231811158e-14
-1.439002415e-14
-1.78267759e-14
-1.475786205e-14
-1.392766141e-14
-1.578916671e-14
-1.579274886e-14
-1.402485547e-14
-1.366464055e-14
-1.490806473e-14
-1.667517372e-14
-1.445734321e-14
-1.593142775e-14
-1.716468093e-14
-1.308099932e-14
-1.273293402e-14
-1.174563175e-14
-1.325084368e-14
-1.301379142e-14
-1.208461891e-14
-1.204247025e-14
-1.174402498e-14
-1.199982254e-14
-1.151995368e-14
-1.279204194e-14
-1.026041941e-14
-1.080925243e-14
-1.112419832e-14
-9.708343745e-15
-1.20578377e-14
-1.253038989e-14
-1.161024637e-14
-9.420057615e-15
-6.442771867e-15
-7.041755259e-15
-8.315264207e-15
-6.543107547e-15
-8.441303148e-15
-9.745327176e-15
-7.139050651e-15
-7.362079654e-15
-5.805046352e-15
-6.708714818e-15
-8.619479905e-15
-5.863157996e-15
-4.752242205e-15
-6.816608241e-15
-7.515616151e-15
-6.143715127e-15
-6.598101122e-15
-5.62380696e-15
-6.691170638e-15
-6.690773316e-15
-4.398083993e-15
-6.79924366e-15
-7.22231891e-15
-5.186837701e-15
-5.862098801e-15
-5.539888067e-15
-4.652667159e-15
-3.782368103e-15
-2.075701122e-15
-2.049821059e-15
-2.109111416e-15
-2.147599203e-15
-2.035486637e-15
-1.357345373e-15
-1.64263061e-15
-2.432683946e-15
-2.91251847e-15
-1.775245104e-15
-1.760513991e-15
-2.589822615e-15
-3.030007617e-15
-3.400933145e-15
-3.548037867e-15
-3.206709564e-15
-3.054009962e-15
-2.998012172e-15
-3.758084278e-15
-5.195404953e-15
-5.798533776e-15
-4.928778988e-15
-4.603533766e-15
-4.636640808e-15
-4.06577355e-15
-3.481725949e-15
-3.94055529e-15
-3.60375731e-15
-3.714062364e-15
-4.237515163e-15
-5.091050809e-15
-4.899155005e-15
-5.424027391e-15
-4.948217729e-15
-5.709174572e-15
-5.594804765e-15
-4.600396815e-15
-5.380130084e-15
-5.142917382e-15
-6.066500708e-15
-6.39158515e-15
-5.847790386e-15
-5.537586697e-15
-6.4921821e-15
-6.601490813e-15
-6.881166912e-15
-6.463632365e-15
-6.727023038e-15
-7.472257643e-15
-7.033032804e-15
-6.056396413e-15
-6.274567605e-15
-5.826200335e-15
-5.438340743e-15
-5.571769012e-15
-4.219518458e-15
-4.265976608e-15
-5.598229695e-15
-6.001413737e-15
-4.698028593e-15
-4.594082497e-15
-5.349150678e-15
-5.449094e-15
-6.257701586e-15
-5.939526205e-15
-5.578568637e-15
-7.070115825e-15
-5.352672111e-15
-5.088128648e-15
-7.065280815e-15
-7.226521353e-15
-5.719399114e-15
-6.690665773e-15
-8.752334477e-15
-7.973089514e-15
-7.628093154e-15
-6.924458116e-15
-8.240607136e-15
-8.697322754e-15
-8.523779792e-15
-7.987176291e-15
-6.19259991e-15
-8.330639795e-15
-9.408885976e-15
-8.81294129e-15
-7.542254075e-15
-8.29104873e-15
-7.794871574e-15
-8.233080653e-15
-8.810708511e-15
-9.151701015e-15
-9.153435388e-15
-9.027588657e-15
-9.22804408e-15
-8.689338335e-15
-9.38611905e-15
-9.52868217e-15
-9.264854229e-15
-9.86625125e-15
-9.569634715e-15
-8.81499764e-15
-8.688383291e-15
-9.58754644e-15
-1.111341774e-14
-1.277685374e-14
-1.294169912e-14
-1.266302368e-14
-1.28816656e-14
-1.259860103e-14
-1.037963143e-14
-1.120355138e-14
-1.300020972e-14
-1.24067355e-14
-1.006733369e-14
-1.133485456e-14
-1.195274404e-14
-1.141775049e-14
-1.173261663e-14
-1.282440052e-14
-1.44136141e-14
-1.277757282e-14
-1.23177853e-14
-1.35801288e-14
-1.43069203e-14
-1.585544888e-14
-1.376943266e-14
-1.343946699e-14
-1.39405483e-14
-1.191108974e-14
-1.184086938e-14
-1.182266292e-14
-1.170866226e-14
-1.372077003e-14
-1.343213806e-14
-1.335133959e-14
-1.483442998e-14
-1.626269678e-14
-1.532186377e-14
-1.488740043e-14
-1.253946022e-14
-1.433621248e-14
-1.734400135e-14
-1.490598737e-14
-1.41998683e-14
-1.579521803e-14
-1.519233415e-14
-1.382463051e-14
-1.310204216e-14
-1.481724104e-14
-1.714127844e-14
-1.419397082e-14
-1.602745201e-14
-1.751809562e-14
-1.349635866e-14
-1.222874375e-14
-1.161523826e-14
-1.348572848e-14
-1.286218866e-14
-1.201981899e-14
-1.204076783e-14
-1.199159995e-14
-1.226066895e-14
-1.154272267e-14
-1.296432169e-14
-1.01480972e-14
-1.015761558e-14
-1.112512386e-14
-9.680732649e-15
-1.162829364e-14
-1.257319437e-14
-1.135006604e-14
-9.501866932e-15
-6.482156446e-15
-7.419670247e-15
-8.700800664e-15
-6.394295218e-15
-8.569251708e-15
-9.688249972e-15
-7.468964517e-15
-7.683666624e-15
-5.133560782e-15
-6.759699155e-15
-8.504606629e-15
-5.809603124e-15
-4.746588167e-15
-6.621275771e-15
-7.23011869e-15
-6.273077528e-15
-6.809692264e-15
-5.591229899e-15
-6.952893758e-15
-6.60084757e-15
-4.232076798e-15
-6.442320208e-15
-7.029786391e-15
-5.385978122e-15
-5.872471035e-15
-5.466145356e-15
-4.817915655e-15
-3.681104752e-15
-2.039278662e-15
-2.042280919e-15
-2.17610875e-15
-2.150184089e-15
-1.811985915e-15
-1.329041824e-15
-1.617547002e-15
-2.185043001e-15
-2.681830666e-15
-2.007576572e-15
-1.966953399e-15
-2.724939663e-15
-3.021819523e-15
-3.178621846e-15
-3.39663745e-15
-3.569366666e-15
-2.907553543e-15
-2.391322744e-15
-3.768374489e-15
-5.195883029e-15
-6.15943409e-15
-4.81585778e-15
-4.228416481e-15
-4.783051321e-15
-4.477886871e-15
-3.549393819e-15
-3.796473467e-15
-3.104788294e-15
-3.837052228e-15
-4.471386769e-15
-5.382429339e-15
-4.900216132e-15
-5.46755738e-15
-5.106006325e-15
-5.085537633e-15
-5.168452727e-15
-5.231001174e-15
-5.797961562e-15
-4.540480517e-15
-5.627595069e-15
-6.427643924e-15
-5.734762548e-15
-6.01043424e-15
-6.807441471e-15
-6.853987453e-15
-6.868519371e-15
-6.367009605e-15
-6.672870909e-15
-7.367283075e-15
-7.104558539e-15
-6.158938778e-15
-6.50134381e-15
-6.013923572e-15
-4.975669827e-15
-5.409727296e-15
-4.391955136e-15
-4.406921805e-15
-5.290984275e-15
-5.92348607e-15
-4.938066197e-15
-4.926879994e-15
-5.256107373e-15
-5.286577645e-15
-6.291652279e-15
-5.896839838e-15
-5.707476759e-15
-7.24272528e-15
-5.651430491e-15
-5.035134878e-15
-6.778503584e-15
-6.948398717e-15
-6.028928978e-15
-6.800691185e-15
-8.800373698e-15
-8.057207569e-15
-7.327917678e-15
-6.744843197e-15
-8.061231914e-15
-8.745369075e-15
-8.739529123e-15
-8.042773138e-15
-5.77277673e-15
-8.179013648e-15
-9.601039673e-15
-9.229254189e-15
-7.68921961e-15
-8.185571846e-15
-7.707511405e-15
-8.030403705e-15
-9.317101654e-15
-9.257312874e-15
-8.893010499e-15
-8.569504452e-15
-8.995407721e-15
-8.991590982e-15
-9.383964209e-15
-9.152998544e-15
-9.374188234e-15
-1.011479443e-14
-9.361502256e-15
-9.083124426e-15
-8.995011961e-15
-9.964618905e-15
-1.095545409e-14
-1.224393233e-14
-1.28228068e-14
-1.30246698e-14
-1.302134134e-14
-1.24729464e-14
-1.034423229e-14
-1.123318887e-14
-1.297477972e-14
-1.205324442e-14
-1.020127827e-14
-1.12103376e-14
-1.224086362e-14
-1.174599553e-14
-1.182887059e-14
-1.296003788e-14
-1.393758926e-14
-1.229755072e-14
-1.270533997e-14
-1.374705964e-14
-1.424551278e-14
-1.576113966e-14
-1.37749988e-14
-1.358439046e-14
-1.405165194e-14
-1.14130626e-14
-1.176664367e-14
-1.17299816e-14
-1.173509292e-14
-1.332196461e-14
-1.360817845e-14
-1.359324229e-14
-1.493741496e-14
-1.634519801e-14
-1.600070756e-14
-1.523788442e-14
-1.262345977e-14
-1.39677486e-14
-1.7261142e-14
-1.497914124e-14
-1.424291983e-14
-1.553886962e-14
-1.483283138e-14
-1.419257555e-14
-1.258136611e-14
-1.486563002e-14
-1.755259536e-14
-1.431769931e-14
-1.582695901e-14
-1.72194753e-14
-1.353156322e-14
-1.218961712e-14
-1.15685003e-14
-1.331241706e-14
-1.268357148e-14
-1.226426844e-14
-1.228825598e-14
-1.190056856e-14
-1.273322324e-14
-1.170755103e-14
-1.260950906e-14
-1.014259461e-14
-9.893841274e-15
-1.132117564e-14
-9.493632378e-15
-1.100853532e-14
-1.234515113e-14
-1.136478046e-14
-9.947759972e-15
-6.527133487e-15
-7.803833264e-15
-9.218504364e-15
-6.231777639e-15
-8.332361853e-15
-9.792592744e-15
-7.645890878e-15
-7.572994532e-15
-4.747396025e-15
-7.010241795e-15
-8.429863168e-15
-6.013277177e-15
-4.558032952e-15
-6.021718812e-15
-7.58891832e-15
-6.652969654e-15
-6.921814854e-15
-5.439403563e-15
-6.686599132e-15
-7.130925972e-15
-4.731281087e-15
-5.548725657e-15
-6.796104722e-15
-5.808073527e-15
-5.397477771e-15
-5.419815623e-15
-4.732440496e-15
-3.149487771e-15
-2.245768198e-15
-2.283994044e-15
-2.528400792e-15
-1.831306446e-15
-1.758861012e-15
-1.512402345e-15
-1.295934316e-15
-1.984683508e-15
-2.756638083e-15
-1.761554553e-15
-2.046706288e-15
-2.526504818e-15
-2.932352235e-15
-3.506303354e-15
-3.257251965e-15
-3.379066894e-15
-3.031207168e-15
-2.673808648e-15
-4.033937213e-15
-5.016239775e-15
-5.435418898e-15
-5.130193945e-15
-4.30185039e-15
-4.56783397e-15
-4.426205859e-15
-3.863994363e-15
-3.955866922e-15
-3.02409855e-15
-3.779258693e-15
-4.655525107e-15
-5.621726665e-15
-4.827226232e-15
-5.607396178e-15
-4.920210703e-15
-4.828940047e-15
-5.101323375e-15
-5.51046945e-15
-6.278646552e-15
-4.118111341e-15
-4.957300873e-15
-6.577188538e-15
-6.017279478e-15
-6.321529803e-15
-6.860856316e-15
-7.269892822e-15
-6.691501378e-15
-6.056436276e-15
-6.584291247e-15
-7.128172797e-15
-7.160206312e-15
-6.500637356e-15
-6.707900832e-15
-5.824548141e-15
-4.689635887e-15
-5.453994317e-15
-4.842551577e-15
-4.516682916e-15
-4.810127575e-15
-5.820242528e-15
-5.024155281e-15
-5.16526045e-15
-5.51799874e-15
-4.99678694e-15
-6.133513901e-15
-6.08095964e-15
-5.515869879e-15
-6.97931417e-15
-5.456038756e-15
-5.521526502e-15
-6.889142383e-15
-6.799486105e-15
-6.087882753e-15
-6.805877536e-15
-8.84264205e-15
-7.63934424e-15
-7.177166008e-15
-6.715616123e-15
-7.824623897e-15
-8.936508212e-15
-8.86875868e-15
-7.622507356e-15
-6.455936159e-15
-7.924843966e-15
-9.405325827e-15
-9.527259551e-15
-8.278262536e-15
-7.653093721e-15
-7.64796916e-15
-8.304023264e-15
-9.622789359e-15
-8.963504039e-15
-8.670742324e-15
-8.195308709e-15
-9.060203251e-15
-9.170585795e-15
-9.261415265e-15
-9.006204908e-15
-9.431221651e-15
-1.022025989e-14
-9.370719802e-15
-8.948817405e-15
-8.781840002e-15
-1.021780015e-14
-1.130020361e-14
-1.162958618e-14
-1.241183974e-14
-1.364244095e-14
-1.391247771e-14
-1.220263153e-14
-1.025795226e-14
-1.072174906e-14
-1.249713445e-14
-1.297326602e-14
-1.054114754e-14
-1.078679462e-14
-1.213136733e-14
-1.217126595e-14
-1.175262787e-14
-1.256735555e-14
-1.33629153e-14
-1.269069956e-14
-1.309016404e-14
-1.370741001e-14
-1.40959725e-14
-1.556154426e-14
-1.384729982e-14
-1.328008514e-14
-1.362390528e-14
-1.190777118e-14
-1.22743886e-14
-1.122426546e-14
-1.208713012e-14
-1.356923899e-14
-1.355457915e-14
-1.32740301e-14
-1.435350461e-14
-1.663194989e-14
-1.673410158e-14
-1.52364503e-14
-1.229755426e-14
-1.408345733e-14
-1.738422899e-14
-1.505007641e-14
-1.412257782e-14
-1.516999244e-14
-1.507599807e-14
-1.480584021e-14
-1.227610508e-14
-1.488981707e-14
-1.769726326e-14
-1.426469051e-14
-1.558764329e-14
-1.684156108e-14
-1.328962529e-14
-1.250506958e-14
-1.134546247e-14
-1.32608841e-14
-1.315328004e-14
-1.246752339e-14
-1.234785608e-14
-1.165367482e-14
-1.285910982e-14
-1.212045465e-14
-1.16943635e-14
-9.967619009e-15
-9.853233698e-15
-1.145184086e-14
-9.253768382e-15
-1.104868176e-14
-1.233594965e-14
-1.124149492e-14
-9.824153905e-15
-6.060886343e-15
-8.65386179e-15
-1.02743283e-14
-5.785330779e-15
-8.005878496e-15
-1.01825192e-14
-7.56420394e-15
-7.175939139e-15
-5.036231318e-15
-7.057563361e-15
-8.111633421e-15
-6.084989236e-15
-4.33296124e-15
-5.738298095e-15
-8.083727533e-15
-6.82400736e-15
-6.871346129e-15
-5.469229798e-15
-6.391111789e-15
-7.082718794e-15
-4.905911936e-15
-5.495803702e-15
-7.460041837e-15
-6.268932818e-15
-6.053710759e-15
-5.450637977e-15
-4.397521187e-15
-2.919189946e-15
-2.615524733e-15
-2.34663462e-15
-2.322180139e-15
-1.670732775e-15
-1.503837292e-15
-1.75926812e-15
-2.021373908e-15
-2.180872525e-15
-2.247993144e-15
-1.561633476e-15
-2.140378717e-15
-2.383029817e-15
-2.722144051e-15
-3.681730806e-15
-3.098306327e-15
-3.485213241e-15
-3.241647222e-15
-2.953428999e-15
-4.074587651e-15
-4.768973746e-15
-5.249263013e-15
-5.040685622e-15
-4.266548445e-15
-4.232711375e-15
-4.646100049e-15
-4.335432459e-15
-3.832792694e-15
-3.130580486e-15
-4.189987405e-15
-4.570312138e-15
-5.245331513e-15
-4.652396733e-15
-5.566829264e-15
-5.095823094e-15
-5.314969055e-15
-5.404651353e-15
-4.847949108e-15
-6.288860223e-15
-4.176910881e-15
-4.411311325e-15
-6.40388278e-15
-6.377594004e-15
-6.860374751e-15
-6.991571339e-15
-7.145862961e-15
-6.54584105e-15
-6.390241337e-15
-6.659865004e-15
-6.915755796e-15
-6.715149988e-15
-6.484368755e-15
-7.169412894e-15
-5.734762387e-15
-4.87072805e-15
-5.454921725e-15
-5.20751763e-15
-4.078025333e-15
-4.236767331e-15
-6.186015508e-15
-5.15798906e-15
-4.969953802e-15
-5.847726986e-15
-5.114235911e-15
-5.85884774e-15
-5.922037551e-15
-5.29377957e-15
-6.98040081e-15
-5.250351016e-15
-5.846301313e-15
-6.941291374e-15
-6.632305059e-15
-6.150233416e-15
-7.125230412e-15
-8.737838005e-15
-7.322409589e-15
-7.039321206e-15
-6.699153065e-15
-7.883952445e-15
-8.981667173e-15
-8.548413265e-15
-7.543971473e-15
-7.087999526e-15
-8.31980776e-15
-9.155376051e-15
-9.367108382e-15
-8.561301878e-15
-7.6311354e-15
-7.171079299e-15
-8.27998318e-15
-9.517414264e-15
-9.005063085e-15
-8.860744446e-15
-8.023740936e-15
-8.957202094e-15
-9.200901334e-15
-9.799706275e-15
-9.184111064e-15
-9.283405603e-15
-1.015290903e-14
-9.33438264e-15
-8.687783992e-15
-8.736674043e-15
-1.043481487e-14
-1.151538441e-14
-1.109373145e-14
-1.225007213e-14
-1.371004074e-14
-1.382932058e-14
-1.237181935e-14
-1.070995676e-14
-1.069157961e-14
-1.24385741e-14
-1.310206102e-14
-1.082664176e-14
-1.101173845e-14
-1.212527171e-14
-1.140035711e-14
-1.125489654e-14
-1.259363621e-14
-1.380506055e-14
-1.302046881e-14
-1.317365907e-14
-1.370280465e-14
-1.370578163e-14
-1.515654346e-14
-1.417787064e-14
-1.335597137e-14
-1.342350613e-14
-1.179455739e-14
-1.220510686e-14
-1.13722662e-14
-1.267975672e-14
-1.320708666e-14
-1.340468792e-14
-1.323060308e-14
-1.431068831e-14
-1.643749121e-14
-1.654269998e-14
-1.539231129e-14
-1.265467293e-14
-1.43107964e-14
-1.736653069e-14
-1.521587934e-14
-1.443029057e-14
-1.507052799e-14
-1.477937765e-14
-1.471930025e-14
-1.271521366e-14
-1.51341503e-14
-1.729045112e-14
-1.429336151e-14
-1.513793735e-14
-1.616659074e-14
-1.348490885e-14
-1.260274392e-14
-1.125558298e-14
-1.344345446e-14
-1.346033914e-14
-1.252675682e-14
-1.216724828e-14
-1.153760595e-14
-1.259069805e-14
-1.233508873e-14
-1.198063276e-14
-9.734047403e-15
-1.015846656e-14
-1.16697176e-14
-8.700044384e-15
-1.076503663e-14
-1.231048344e-14
-1.068044186e-14
-9.616416813e-15
-6.138022355e-15
-9.200255215e-15
-1.054773499e-14
-6.048855445e-15
-8.225612781e-15
-9.675343913e-15
-7.293207256e-15
-7.194517777e-15
-5.065084474e-15
-7.280747891e-15
-8.210965172e-15
-5.791984693e-15
-4.634041941e-15
-6.227419895e-15
-7.973818866e-15
-6.896660174e-15
-6.753477031e-15
-5.199167886e-15
-6.425988197e-15
-6.583430981e-15
-5.376225164e-15
-6.010203259e-15
-6.493727358e-15
-5.814158937e-15
-6.698556585e-15
-5.662730941e-15
-4.254983708e-15
-2.989265391e-15
-3.088819281e-15
-2.203879712e-15
-2.051298564e-15
-2.343056296e-15
-1.449602278e-15
-1.443539798e-15
-2.349501059e-15
-2.026843789e-15
-1.709862417e-15
-1.874041104e-15
-2.610435014e-15
-2.238507719e-15
-2.572395371e-15
-3.478358485e-15
-2.928022294e-15
-3.560332301e-15
-2.993033833e-15
-2.886516842e-15
-4.657124529e-15
-4.887628319e-15
-5.00040231e-15
-4.752116468e-15
-4.260839229e-15
-4.134041148e-15
-4.833851677e-15
-4.334062819e-15
-3.343528904e-15
-3.466126208e-15
-4.241909136e-15
-4.646372799e-15
-5.528890418e-15
-4.530231442e-15
-5.615856688e-15
-5.001359718e-15
-5.05259886e-15
-5.307652221e-15
-4.756379023e-15
-5.780410015e-15
-4.855880362e-15
-4.861654797e-15
-6.118106899e-15
-6.584099249e-15
-6.403007864e-15
-6.580369765e-15
-7.099626443e-15
-6.735353022e-15
-6.815142587e-15
-6.626174627e-15
-7.4875666e-15
-6.686361063e-15
-5.781527198e-15
-6.61434047e-15
-6.622899334e-15
-5.125034607e-15
-4.994995802e-15
-5.400790559e-15
-3.998066638e-15
-4.21453684e-15
-6.287234542e-15
-5.096723349e-15
-5.149204196e-15
-5.754465907e-15
-5.045574514e-15
-5.70274954e-15
-5.428292876e-15
-5.301618152e-15
-7.433264078e-15
-5.620569742e-15
-6.081030233e-15
-6.724382166e-15
-6.280003288e-15
-6.142420187e-15
-7.060484368e-15
-8.873854511e-15
-7.471189659e-15
-6.769344524e-15
-6.998567083e-15
-8.10758895e-15
-8.585043382e-15
-8.456066224e-15
-8.185034616e-15
-6.839218926e-15
-8.294184783e-15
-8.794263166e-15
-8.80918225e-15
-8.755587744e-15
-8.067716753e-15
-7.215249772e-15
-8.236931812e-15
-9.32207396e-15
-9.171053584e-15
-9.451715828e-15
-8.225772099e-15
-8.296421389e-15
-8.838742538e-15
-1.016236976e-14
-9.567279504e-15
-9.224368836e-15
-9.770534172e-15
-9.119003702e-15
-8.909700799e-15
-9.191946628e-15
-1.041612074e-14
-1.127602341e-14
-1.12145006e-14
-1.218110861e-14
-1.314511737e-14
-1.347487108e-14
-1.282239713e-14
-1.100814265e-14
-1.080229117e-14
-1.213235415e-14
-1.298849205e-14
-1.145762678e-14
-1.116622579e-14
-1.156625085e-14
-1.126502902e-14
-1.10008936e-14
-1.261497975e-14
-1.439850819e-14
-1.317560102e-14
-1.34074763e-14
-1.345694767e-14
-1.306350496e-14
-1.481343661e-14
-1.427882035e-14
-1.353475013e-14
-1.352238923e-14
-1.189343497e-14
-1.169402444e-14
-1.167786499e-14
-1.327918747e-14
-1.292531278e-14
-1.315638773e-14
-1.34736507e-14
-1.436842033e-14
-1.618257764e-14
-1.614381286e-14
-1.559521189e-14
-1.307968836e-14
-1.439761367e-14
-1.677875101e-14
-1.543659226e-14
-1.50211985e-14
-1.51833673e-14
-1.458575301e-14
-1.449009864e-14
-1.335772337e-14
-1.520727352e-14
-1.660998389e-14
-1.443255072e-14
-1.528284032e-14
-1.568832029e-14
-1.328346075e-14
-1.263958702e-14
-1.176782879e-14
-1.330266865e-14
-1.320301645e-14
-1.278965844e-14
-1.223085347e-14
-1.146649468e-14
-1.233139666e-14
-1.215889298e-14
-1.218709925e-14
-9.718359489e-15
-1.047196696e-14
-1.139146569e-14
-8.336194728e-15
-1.067217785e-14
-1.233936703e-14
-1.046727045e-14
-9.370408762e-15
-6.913536799e-15
-9.450121859e-15
-1.01951893e-14
-6.604167719e-15
-8.474204012e-15
-9.413249417e-15
-7.191956773e-15
-7.215379874e-15
-4.974202847e-15
-6.930955506e-15
-8.185454102e-15
-5.609330226e-15
-4.842319663e-15
-6.701862611e-15
-7.829995238e-15
-6.919695475e-15
-7.082103527e-15
-5.169395713e-15
-5.806559061e-15
-6.106593126e-15
-5.882933261e-15
-6.561095149e-15
-5.48254207e-15
-5.619460145e-15
-6.027466872e-15
-5.403308488e-15
-4.433906119e-15
-2.759115639e-15
-3.078174276e-15
-2.322654702e-15
-1.95038035e-15
-1.926949155e-15
-1.471219406e-15
-1.857307266e-15
-2.260178281e-15
-1.762230739e-15
-1.77697904e-15
-2.551943162e-15
-2.63989619e-15
-1.770416914e-15
-2.608741554e-15
-3.675716459e-15
-2.933984815e-15
-3.530321994e-15
-2.714959827e-15
-2.523529038e-15
-4.873384762e-15
-5.384524235e-15
-5.260763307e-15
-4.311557742e-15
-4.023102341e-15
-4.243941463e-15
-4.728009923e-15
-4.252303336e-15
-3.495015237e-15
-3.424474234e-15
-3.936762467e-15
-4.848476859e-15
-5.456992688e-15
-4.908785375e-15
-5.728336009e-15
-4.904944514e-15
-4.419199131e-15
-4.761356519e-15
-5.549364388e-15
-5.816294211e-15
-4.851706195e-15
-5.31669849e-15
-6.201682033e-15
-6.701303124e-15
-6.050555635e-15
-6.24290968e-15
-7.143145397e-15
-6.764855463e-15
-6.76017767e-15
-6.595855147e-15
-7.473173859e-15
-6.749902871e-15
-5.729131746e-15
-6.921513292e-15
-6.527613858e-15
-4.529435695e-15
-4.928897608e-15
-5.154599549e-15
-4.558594614e-15
-4.17884818e-15
-5.948218745e-15
-5.596281884e-15
-5.00801042e-15
-5.700602514e-15
-5.051600206e-15
-6.097222484e-15
-5.491943185e-15
-5.29101687e-15
-7.572312742e-15
-5.725229715e-15
-5.715228907e-15
-6.307288449e-15
-7.006544141e-15
-6.81808518e-15
-6.597393855e-15
-8.404620999e-15
-7.699908835e-15
-6.363897065e-15
-6.908159049e-15
-8.208576938e-15
-8.472358624e-15
-8.954337724e-15
-8.109880708e-15
-6.588041825e-15
-8.006812647e-15
-8.474692636e-15
-8.840815105e-15
-8.603435536e-15
-8.159202319e-15
-8.088346174e-15
-9.187324368e-15
-8.990002652e-15
-8.37637447e-15
-9.554154851e-15
-8.103480391e-15
-7.901736016e-15
-9.434565547e-15
-1.031925018e-14
-9.035854569e-15
-9.292022084e-15
-9.987122912e-15
-9.295976361e-15
-8.765269619e-15
-8.927024799e-15
-1.057225478e-14
-1.135353073e-14
-1.105118316e-14
-1.225688776e-14
-1.34346513e-14
-1.335304875e-14
-1.242655502e-14
-1.104251394e-14
-1.106812252e-14
-1.257378326e-14
-1.288003444e-14
-1.099683544e-14
-1.109851551e-14
-1.218446385e-14
-1.148731091e-14
-1.074165167e-14
-1.214002691e-14
-1.410960655e-14
-1.339718449e-14
-1.327239995e-14
-1.378142197e-14
-1.344431391e-14
-1.446884954e-14
-1.399997668e-14
-1.33883139e-14
-1.359787186e-14
-1.216921495e-14
-1.130474891e-14
-1.176822517e-14
-1.435014309e-14
-1.334204134e-14
-1.243476991e-14
-1.321058709e-14
-1.39222785e-14
-1.599871454e-14
-1.622601584e-14
-1.495911664e-14
-1.379876006e-14
-1.549137167e-14
-1.646016341e-14
-1.478891998e-14
-1.48628557e-14
-1.426131317e-14
-1.503565682e-14
-1.536659856e-14
-1.319874859e-14
-1.563851169e-14
-1.653225778e-14
-1.38057145e-14
-1.506076344e-14
-1.558452428e-14
-1.321453926e-14
-1.260169725e-14
-1.238108271e-14
-1.391104676e-14
-1.315514591e-14
-1.259512038e-14
-1.222021077e-14
-1.115345947e-14
-1.257442889e-14
-1.243417151e-14
-1.103260956e-14
-9.559228345e-15
-1.128667384e-14
-1.170886583e-14
-8.728209777e-15
-1.061752238e-14
-1.157175111e-14
-9.903084472e-15
-9.205229206e-15
-7.473918117e-15
-1.002918037e-14
-1.037696769e-14
-6.920519188e-15
-8.521782093e-15
-9.106385618e-15
-6.759055086e-15
-6.599799371e-15
-6.007398292e-15
-7.275803696e-15
-7.349688271e-15
-5.402400991e-15
-5.041492878e-15
-6.322777105e-15
-7.87238582e-15
-7.228399558e-15
-6.676389848e-15
-5.338823762e-15
-6.175478195e-15
-7.045455078e-15
-5.436238385e-15
-5.408298914e-15
-6.08960431e-15
-6.616389842e-15
-4.762876708e-15
-5.646424092e-15
-4.699420798e-15
-2.823655861e-15
-2.706477149e-15
-1.870698741e-15
-2.086383265e-15
-1.386650415e-15
-1.050881211e-15
-2.263529143e-15
-2.030068522e-15
-2.396729197e-15
-2.572692298e-15
-2.584570051e-15
-2.355271814e-15
-1.507557836e-15
-2.887821005e-15
-3.459710961e-15
-2.839597598e-15
-3.651570557e-15
-3.084512276e-15
-2.546621014e-15
-4.729919994e-15
-5.044926588e-15
-4.820652155e-15
-4.735721205e-15
-4.839224815e-15
-4.591866219e-15
-4.206455861e-15
-4.022484737e-15
-3.685651344e-15
-3.514611881e-15
-3.913526219e-15
-4.893692019e-15
-4.856613014e-15
-5.373349973e-15
-5.915206039e-15
-4.651761235e-15
-4.232300036e-15
-4.785625845e-15
-5.321366706e-15
-5.876820079e-15
-6.017153554e-15
-5.439414087e-15
-5.525883228e-15
-6.369062357e-15
-6.350394452e-15
-6.167901841e-15
-6.955308955e-15
-6.945710261e-15
-6.113442209e-15
-6.34335358e-15
-7.692292759e-15
-6.924786342e-15
-5.785308665e-15
-7.043977209e-15
-6.419534087e-15
-3.910624749e-15
-4.888493831e-15
-5.146093028e-15
-4.894014381e-15
-5.103522021e-15
-5.528288265e-15
-5.207168845e-15
-5.093379311e-15
-5.344449093e-15
-5.368344843e-15
-6.679816987e-15
-5.613982313e-15
-5.192380828e-15
-7.175861269e-15
-5.71012056e-15
-5.667005515e-15
-6.542742732e-15
-6.968368163e-15
-6.890462989e-15
-7.125387442e-15
-7.887937258e-15
-7.613682619e-15
-6.301004438e-15
-7.144288627e-15
-8.297337166e-15
-8.147485008e-15
-8.699621454e-15
-7.753829452e-15
-7.375466291e-15
-8.523981662e-15
-8.625496456e-15
-8.848559534e-15
-8.563802642e-15
-8.075882759e-15
-8.278709555e-15
-8.987743194e-15
-8.555392219e-15
-8.165621079e-15
-8.808115337e-15
-8.102117577e-15
-8.483700636e-15
-9.534148947e-15
-1.075013654e-14
-9.189892608e-15
-8.578936519e-15
-1.010288225e-14
-1.024986212e-14
-8.595461815e-15
-8.630494803e-15
-1.080313248e-14
-1.169836914e-14
-1.072450797e-14
-1.154373025e-14
-1.343422322e-14
-1.339743863e-14
-1.296103967e-14
-1.087980901e-14
-1.055076731e-14
-1.25908392e-14
-1.351164581e-14
-1.116165399e-14
-1.001493819e-14
-1.201225583e-14
-1.27154561e-14
-1.107300712e-14
-1.171953976e-14
-1.372977718e-14
-1.390402407e-14
-1.28890158e-14
-1.29155533e-14
-1.404510195e-14
-1.531753669e-14
-1.373259629e-14
-1.244154834e-14
-1.299058644e-14
-1.310147896e-14
-1.15646058e-14
-1.120680157e-14
-1.428132697e-14
-1.370106878e-14
-1.309019865e-14
-1.293488699e-14
-1.384907654e-14
-1.606028306e-14
-1.579635028e-14
-1.428143927e-14
-1.447525236e-14
-1.640333014e-14
-1.577313846e-14
-1.40744679e-14
-1.527894138e-14
-1.466878771e-14
-1.42823474e-14
-1.407115689e-14
-1.420833239e-14
-1.694922864e-14
-1.681126761e-14
-1.374624409e-14
-1.406238272e-14
-1.470973576e-14
-1.42733008e-14
-1.285026383e-14
-1.216389082e-14
-1.395144409e-14
-1.365491743e-14
-1.320907098e-14
-1.147405259e-14
-1.066745232e-14
-1.230646614e-14
-1.249550856e-14
-1.084425548e-14
-9.709532605e-15
-1.177639345e-14
-1.124881777e-14
-9.105156278e-15
-1.098206154e-14
-1.090015227e-14
-1.033215496e-14
-8.821307795e-15
-7.602686677e-15
-9.615265721e-15
-9.559932157e-15
-7.897845338e-15
-8.52026213e-15
-8.517019871e-15
-7.634788984e-15
-6.38825784e-15
-6.004708667e-15
-7.951166862e-15
-6.813588193e-15
-6.217435637e-15
-5.197825795e-15
-5.569898873e-15
-7.493800043e-15
-7.935983803e-15
-6.065469691e-15
-5.024423519e-15
-7.005615959e-15
-7.358152087e-15
-5.379989307e-15
-5.073803862e-15
-6.579251019e-15
-6.539982532e-15
-4.376601288e-15
-4.937723615e-15
-5.231954123e-15
-3.414448691e-15
-2.476675992e-15
-1.346112956e-15
-2.710114249e-15
-2.50457416e-15
-3.835499419e-16
-2.046302219e-15
-2.219887157e-15
-1.654872146e-15
-2.464217238e-15
-3.069042077e-15
-2.406795202e-15
-1.489056462e-15
-3.692568023e-15
-2.510219952e-15
-2.279975437e-15
-4.207249009e-15
-3.01078268e-15
-2.379459841e-15
-5.574796023e-15
-5.027768911e-15
-3.684759208e-15
-4.712034328e-15
-4.990329718e-15
-5.103351473e-15
-3.710840603e-15
-3.571902942e-15
-3.63245171e-15
-3.541949312e-15
-4.892401829e-15
-5.350495546e-15
-4.191457046e-15
-4.805026881e-15
-5.600841171e-15
-4.948659108e-15
-5.296539217e-15
-5.374685779e-15
-4.122211579e-15
-5.264322141e-15
-6.795934469e-15
-5.085157176e-15
-5.474222949e-15
-6.841611398e-15
-6.729262323e-15
-5.908130662e-15
-6.568308841e-15
-6.983566589e-15
-5.988947634e-15
-6.445492295e-15
-7.746310921e-15
-7.048559848e-15
-5.794325407e-15
-7.163785181e-15
-6.090204277e-15
-3.780006101e-15
-4.931819042e-15
-5.126560935e-15
-4.944976275e-15
-5.453277521e-15
-5.265214384e-15
-4.703360915e-15
-5.189601879e-15
-5.482722555e-15
-5.894308398e-15
-7.071685919e-15
-5.375489961e-15
-4.940014653e-15
-6.745180076e-15
-5.950812243e-15
-6.116993087e-15
-6.431167285e-15
-6.092000797e-15
-7.50667585e-15
-8.224400188e-15
-6.314909792e-15
-6.455759672e-15
-7.041325252e-15
-8.575379084e-15
-8.338638866e-15
-6.81852443e-15
-8.012589561e-15
-8.222609e-15
-8.374506622e-15
-9.002548386e-15
-8.552133094e-15
-8.355181476e-15
-8.891889166e-15
-8.600330835e-15
-7.844389658e-15
-8.219555106e-15
-8.622496084e-15
-8.466092419e-15
-8.09783416e-15
-8.387407833e-15
-9.002129826e-15
-9.236115748e-15
-1.060888648e-14
-9.965860151e-15
-8.787716011e-15
-9.157225749e-15
-9.960434531e-15
-9.369452599e-15
-9.407441783e-15
-1.009828957e-14
-1.118804839e-14
-1.146550406e-14
-1.148574465e-14
-1.248761926e-14
-1.344720905e-14
-1.347977417e-14
-1.082297764e-14
-1.042257747e-14
-1.16986824e-14
-1.3532642e-14
-1.2270197e-14
-9.642478867e-15
-1.075373216e-14
-1.323146271e-14
-1.210277554e-14
-1.154617266e-14
-1.341502811e-14
-1.439147103e-14
-1.314034144e-14
-1.236192702e-14
-1.462510566e-14
-1.546505359e-14
-1.308501225e-14
-1.218012697e-14
-1.232183564e-14
-1.333867526e-14
-1.171113864e-14
-1.180057537e-14
-1.423456063e-14
-1.421233561e-14
-1.334181104e-14
-1.217423218e-14
-1.433469151e-14
-1.528335279e-14
-1.507279587e-14
-1.427970562e-14
-1.510150691e-14
-1.675319629e-14
-1.510506707e-14
-1.461723861e-14
-1.491472331e-14
-1.471837957e-14
-1.404751053e-14
-1.316455155e-14
-1.563680784e-14
-1.724180859e-14
-1.609617129e-14
-1.434573053e-14
-1.341674341e-14
-1.393307435e-14
-1.503565683e-14
-1.329652988e-14
-1.232787976e-14
-1.356508207e-14
-1.464095505e-14
-1.353892177e-14
-1.079207967e-14
-1.040504225e-14
-1.219975348e-14
-1.242752646e-14
-9.91703104e-15
-1.052840189e-14
-1.168820904e-14
-1.066460872e-14
-1.087394852e-14
-1.075685122e-14
-1.042177066e-14
-1.064436009e-14
-7.40059228e-15
-8.922370304e-15
-1.026985009e-14
-8.189058687e-15
-9.040262968e-15
-8.375303456e-15
-7.583746193e-15
-7.873568138e-15
-5.267759875e-15
-6.675946719e-15
-8.347262779e-15
-6.635887004e-15
-6.739316208e-15
-5.361541679e-15
-6.043002767e-15
-6.563759629e-15
-6.967782562e-15
-6.488135344e-15
-5.779110535e-15
-6.974714179e-15
-6.934183835e-15
-5.536125084e-15
-4.791530385e-15
-6.659255339e-15
-7.236902241e-15
-4.283713607e-15
-5.06213263e-15
-4.832867464e-15
-2.427141198e-15
-1.8012431e-15
-3.447980631e-16
-2.926185093e-15
-3.695609557e-15
-4.745060635e-16
-2.046282249e-15
-2.987508493e-15
-1.051236835e-15
-2.223775152e-15
-3.930972546e-15
-1.334169955e-15
-1.322056357e-15
-3.56349133e-15
-2.037109623e-15
-2.581968932e-15
-4.844377984e-15
-3.778442305e-15
-2.0569071e-15
-5.781337406e-15
-5.590904725e-15
-3.439445219e-15
-4.042295287e-15
-4.231493941e-15
-5.017415031e-15
-3.865857021e-15
-2.954558201e-15
-2.834993869e-15
-4.383598249e-15
-5.709885156e-15
-5.731797591e-15
-3.882956958e-15
-3.560396428e-15
-5.545644729e-15
-6.310568136e-15
-5.248551216e-15
-5.326071319e-15
-4.356547889e-15
-4.130376858e-15
-6.5773609e-15
-5.478777382e-15
-5.090466213e-15
-7.221468858e-15
-7.407395616e-15
-5.707858025e-15
-6.48457462e-15
-6.288027145e-15
-6.284838767e-15
-7.30359011e-15
-7.316667901e-15
-7.172997677e-15
-6.519666086e-15
-6.373242297e-15
-5.500790082e-15
-4.595748105e-15
-5.085268649e-15
-5.189268354e-15
-5.177766886e-15
-4.661365323e-15
-4.835146919e-15
-5.295483969e-15
-5.286385546e-15
-5.660834496e-15
-6.894441713e-15
-6.333137043e-15
-4.593708537e-15
-5.098899833e-15
-5.301891554e-15
-6.125851568e-15
-7.867526015e-15
-5.985842768e-15
-4.923528454e-15
-7.69717342e-15
-9.738092903e-15
-6.977189476e-15
-4.888374533e-15
-7.527365973e-15
-9.818122242e-15
-7.770407348e-15
-6.48853182e-15
-8.392601092e-15
-7.011003275e-15
-9.087497213e-15
-9.347003231e-15
-7.623048807e-15
-8.47488032e-15
-9.538338393e-15
-8.425591165e-15
-6.518748903e-15
-8.133900082e-15
-1.032039949e-14
-9.464121688e-15
-6.565884251e-15
-8.748470115e-15
-9.758233098e-15
-8.257618298e-15
-1.034132121e-14
-1.117593612e-14
-9.343816762e-15
-7.177942165e-15
-8.609181191e-15
-1.127572341e-14
-1.135211006e-14
-8.234632986e-15
-9.197541124e-15
-1.319895517e-14
-1.227958875e-14
-1.237622958e-14
-1.226419552e-14
-1.229085143e-14
-1.248821567e-14
-1.133987805e-14
-1.095435353e-14
-1.264056563e-14
-1.302212919e-14
-1.053454781e-14
-9.92711199e-15
-1.242206465e-14
-1.295971563e-14
-1.12730215e-14
-1.153223691e-14
-1.449387626e-14
-1.503353354e-14
-1.339521953e-14
-1.502346265e-14
-1.394142383e-14
-1.258141903e-14
-1.255878848e-14
-1.158658741e-14
-1.34751836e-14
-1.16847726e-14
-1.325570434e-14
-1.395089159e-14
-1.347460748e-14
-1.385291135e-14
-1.384781222e-14
-1.408383811e-14
-1.321192904e-14
-1.415468624e-14
-1.414486556e-14
-1.708067162e-14
-1.719049072e-14
-1.425147036e-14
-1.519045264e-14
-1.416891947e-14
-1.37222677e-14
-1.453417907e-14
-1.45049432e-14
-1.785273158e-14
-1.616889684e-14
-1.313222318e-14
-1.599487889e-14
-1.424106378e-14
-1.202466181e-14
-1.396247785e-14
-1.417035462e-14
-1.418759083e-14
-1.246906632e-14
-1.418271234e-14
-1.403165751e-14
-1.121796678e-14
-1.028592081e-14
-1.224209516e-14
-1.240822055e-14
-9.128202818e-15
-1.178219303e-14
-1.095728905e-14
-9.536226793e-15
-1.366018748e-14
-1.023780502e-14
-9.442061423e-15
-9.890731404e-15
-6.348246138e-15
-1.115719269e-14
-1.016078853e-14
-7.407119371e-15
-1.228689163e-14
-7.806715808e-15
-5.246374635e-15
-6.852327284e-15
-4.361568281e-15
-1.005148021e-14
-8.059824871e-15
-3.25593556e-15
-6.888720543e-15
-8.517570289e-15
-6.137169378e-15
-4.432739204e-15
-5.977704765e-15
-7.482427035e-15
-8.315516017e-15
-5.739024815e-15
-5.162662113e-15
-5.540996484e-15
-4.897615313e-15
-8.21913188e-15
-8.342672323e-15
)
;

boundaryField
{
    inlet
    {
        type            cyclic;
    }
    outlet
    {
        type            cyclic;
    }
    topWall
    {
        type            zeroGradient;
    }
    bottomWall
    {
        type            zeroGradient;
    }
    frontAndBack
    {
        type            empty;
    }
}


// ************************************************************************* //
