/*--------------------------------*- C++ -*----------------------------------*\
  =========                 |
  \\      /  F ield         | OpenFOAM: The Open Source CFD Toolbox
   \\    /   O peration     | Website:  https://openfoam.org
    \\  /    A nd           | Version:  10
     \\/     M anipulation  |
\*---------------------------------------------------------------------------*/
FoamFile
{
    format      ascii;
    class       volScalarField;
    location    "2500";
    object      p;
}
// * * * * * * * * * * * * * * * * * * * * * * * * * * * * * * * * * * * * * //

dimensions      [0 2 -2 0 0 0 0];

internalField   nonuniform List<scalar> 
4000
(
-1.542305121e-15
-1.480049054e-15
-7.234444407e-16
-2.860249776e-16
3.132269518e-16
4.562261546e-16
1.800940069e-16
-8.726582106e-17
3.459272364e-16
4.724234708e-16
2.996233095e-16
2.189831574e-16
3.204254067e-16
-1.641989907e-16
-4.129228809e-16
-7.814860255e-17
-4.025123233e-17
-1.953887848e-16
-3.025826182e-16
-2.714540724e-16
-7.657999496e-16
-2.575899328e-16
-2.54865545e-16
-1.613126663e-15
-2.084935904e-15
-1.675097544e-15
-1.242862339e-15
-1.480670683e-15
-1.334021474e-15
-7.126591486e-16
-7.937758196e-16
-3.154671431e-16
-1.997317508e-16
-4.153918997e-16
2.552286554e-16
-2.240463039e-16
-8.150873212e-17
-5.573116882e-16
-1.157264762e-15
-1.585914869e-15
-1.902523408e-15
-1.300983747e-15
-9.676163669e-16
-9.43557014e-17
-1.195453882e-15
-1.210436455e-15
-8.977919397e-16
-1.657792415e-15
-1.266230403e-15
-1.657798484e-15
-1.478218665e-15
-4.043029506e-16
-9.889580429e-16
-1.544181994e-15
-1.140618215e-15
-9.093320006e-16
-1.477938264e-15
-6.228248807e-16
-1.090798896e-15
-1.049082948e-15
-2.778859985e-16
-7.69569072e-16
-6.413079887e-16
8.082684813e-17
-3.827237139e-16
-1.426964591e-15
-1.242312337e-15
-1.814353542e-15
-2.575055966e-15
-1.301515477e-15
-2.02954478e-17
-1.636742426e-15
-2.670512618e-15
-6.030765522e-16
-7.660041818e-16
-3.266982708e-15
-3.731588628e-15
-2.573209972e-15
-1.016130111e-15
-2.811560423e-15
-3.625552439e-15
-2.150066007e-15
-2.600367783e-15
-3.403788382e-15
-3.538301117e-15
-3.257056588e-15
-2.284208336e-15
-1.581812381e-15
-1.998562892e-15
-3.620465968e-15
-4.014370715e-15
-1.654055728e-15
-1.749428927e-15
-3.883782743e-15
-3.514488758e-15
-2.743132338e-15
-4.581943665e-15
-3.96937975e-15
-1.680137999e-15
-2.192526865e-15
-4.801428711e-15
-5.100054781e-15
-3.856668116e-15
-4.051688744e-15
-5.044926179e-15
-6.020674289e-15
-4.987372288e-15
-4.924600605e-15
-7.228674114e-15
-8.503065901e-15
-6.329290619e-15
-5.825450312e-15
-8.13393091e-15
-8.260890564e-15
-7.899088429e-15
-6.773274969e-15
-6.036962041e-15
-8.555755287e-15
-9.583127274e-15
-6.927533084e-15
-6.059902947e-15
-8.460084315e-15
-1.021136767e-14
-9.623297906e-15
-1.011769507e-14
-1.018587631e-14
-1.01124927e-14
-9.114487958e-15
-8.721306055e-15
-1.166913473e-14
-1.04981118e-14
-9.113263428e-15
-9.961339246e-15
-8.794367481e-15
-9.904330977e-15
-1.036252901e-14
-9.538596086e-15
-1.044557222e-14
-1.14561455e-14
-1.046794058e-14
-8.786574477e-15
-9.353488121e-15
-1.102669664e-14
-1.231934875e-14
-1.205792801e-14
-1.181170329e-14
-1.317716645e-14
-1.142018799e-14
-1.02249758e-14
-1.239902261e-14
-1.314964208e-14
-1.410942987e-14
-1.16680338e-14
-9.914529954e-15
-1.335333326e-14
-1.19419452e-14
-8.807385241e-15
-9.108821086e-15
-9.955170449e-15
-1.23291517e-14
-1.090760095e-14
-8.153950236e-15
-9.03513912e-15
-9.971823099e-15
-8.850245277e-15
-8.082313112e-15
-9.005607685e-15
-9.391398665e-15
-1.089281876e-14
-1.077580711e-14
-8.102703841e-15
-8.954474753e-15
-9.890476461e-15
-6.085511755e-15
-8.032031095e-15
-6.9914987e-15
-6.320882244e-15
-7.184000372e-15
-3.610058225e-15
-7.21932857e-15
-6.0056689e-15
-2.794458253e-15
-5.056052704e-15
-3.598460322e-15
-5.157314133e-15
-6.425048302e-15
-2.283264645e-15
-4.83616767e-15
-5.744110144e-15
-1.881292753e-15
-1.775242763e-15
-3.525078967e-15
-2.722995763e-15
-3.555157661e-15
-5.280800787e-15
-3.191249743e-15
-2.961137462e-15
-1.865983181e-15
1.290279626e-15
-3.42956919e-16
-1.696126271e-15
-1.564002135e-15
-6.504249208e-16
-2.487200807e-16
4.275517322e-16
6.193163999e-16
1.429206369e-16
-1.672005981e-16
3.228715129e-16
7.192373349e-16
3.093668844e-16
1.373135304e-16
3.971853269e-16
-2.030129341e-16
-4.711552302e-16
-1.566835245e-16
-1.161141018e-16
-3.154780353e-16
-3.514724554e-16
-1.493115794e-16
-5.861293232e-16
-3.175146774e-16
-5.030213044e-16
-1.67999386e-15
-1.746423066e-15
-1.535946923e-15
-1.478353702e-15
-1.420710018e-15
-1.113030199e-15
-9.255883337e-16
-8.8533794e-16
-4.62186515e-16
-1.641966245e-16
-3.529526903e-16
1.555538948e-16
1.121339005e-16
-3.093421465e-16
-7.665165646e-16
-1.254802334e-15
-1.590373022e-15
-1.373679004e-15
-1.331340936e-15
-1.017742984e-15
-4.493544295e-16
-9.676971252e-16
-1.258299555e-15
-1.139125685e-15
-1.183172122e-15
-1.530946665e-15
-1.624843907e-15
-1.25751156e-15
-5.45620499e-16
-8.839736759e-16
-1.832558644e-15
-1.474754849e-15
-6.437459945e-16
-9.545412673e-16
-9.748002035e-16
-9.698102774e-16
-9.031255379e-16
-5.394263756e-16
-8.35769137e-16
-6.290186272e-16
-1.065866434e-16
-4.702711679e-16
-7.309498613e-16
-1.299414035e-15
-2.174829889e-15
-2.317997572e-15
-1.033556647e-15
-7.082492178e-16
-1.725602132e-15
-1.605543057e-15
-1.290957575e-15
-1.472081498e-15
-2.472467918e-15
-3.422168672e-15
-2.793647976e-15
-2.126300181e-15
-2.186829254e-15
-2.990373088e-15
-2.3382001e-15
-2.69799167e-15
-3.913534739e-15
-3.033543574e-15
-2.557280841e-15
-2.701977266e-15
-2.264852808e-15
-2.565852997e-15
-3.216581548e-15
-2.716669927e-15
-2.2382718e-15
-2.791005918e-15
-2.973355907e-15
-3.360314389e-15
-3.386102498e-15
-4.046983506e-15
-3.709099261e-15
-2.691895976e-15
-2.535244259e-15
-3.547551184e-15
-4.633810472e-15
-4.618169664e-15
-4.928979222e-15
-4.287190614e-15
-5.167459916e-15
-5.441726161e-15
-5.627446159e-15
-7.24227155e-15
-7.607205714e-15
-7.485698089e-15
-6.571622706e-15
-6.76278579e-15
-7.61946943e-15
-7.658073399e-15
-7.575337434e-15
-6.673759665e-15
-7.754832016e-15
-8.8365708e-15
-7.356489434e-15
-6.722797665e-15
-8.563137005e-15
-9.622476997e-15
-1.020984094e-14
-9.910167175e-15
-9.512336346e-15
-1.030663805e-14
-9.306334194e-15
-9.776080545e-15
-1.092888621e-14
-1.039083289e-14
-9.722017341e-15
-9.011503325e-15
-9.454009112e-15
-9.700426143e-15
-1.002244252e-14
-1.020228242e-14
-1.004202005e-14
-1.093693149e-14
-1.022942171e-14
-9.321578133e-15
-1.065164679e-14
-1.099603033e-14
-1.149144088e-14
-1.174743476e-14
-1.097993171e-14
-1.222580458e-14
-1.292149667e-14
-1.227496353e-14
-1.180882621e-14
-1.214591607e-14
-1.323287479e-14
-1.241989516e-14
-1.118259189e-14
-1.121117881e-14
-1.11309599e-14
-1.040394119e-14
-1.023750475e-14
-1.067374217e-14
-1.069230309e-14
-9.469243469e-15
-8.8870268e-15
-9.851429503e-15
-9.882261047e-15
-7.880162788e-15
-8.92274459e-15
-9.645790979e-15
-9.723076253e-15
-1.013319691e-14
-8.761276322e-15
-9.019263912e-15
-9.543098015e-15
-9.439580118e-15
-8.344733775e-15
-7.337071221e-15
-5.947885374e-15
-6.464051216e-15
-7.120490977e-15
-5.134306231e-15
-5.092600216e-15
-5.784999577e-15
-3.838916171e-15
-4.073027125e-15
-5.17155388e-15
-5.100960052e-15
-5.496905503e-15
-3.443035767e-15
-3.482239651e-15
-4.574065549e-15
-3.093425748e-15
-3.181514119e-15
-2.871243994e-15
-2.686854072e-15
-4.312365831e-15
-4.15246609e-15
-2.682119154e-15
-2.801861692e-15
-2.287383158e-15
-2.704687249e-16
-5.594247678e-16
-8.195457059e-16
-1.429373799e-15
-6.87933781e-16
-2.984253544e-16
6.634009492e-16
8.043869175e-16
1.413013216e-16
-2.838744403e-16
2.17897251e-16
7.312340054e-16
3.377952203e-16
1.095369331e-16
5.656578457e-16
-1.450508245e-16
-6.3390015e-16
-1.564364114e-16
-1.58675494e-16
-4.39932021e-16
-2.972047597e-16
-2.118622166e-16
-4.672178556e-16
-1.454006105e-16
-6.767954824e-16
-2.032055415e-15
-1.58953125e-15
-1.445620685e-15
-1.471381673e-15
-1.340121275e-15
-1.05899186e-15
-9.150942183e-16
-1.016657797e-15
-5.803852205e-16
-2.78018553e-16
-7.700211117e-17
1.344517667e-16
-8.178904108e-17
-3.452687883e-16
-6.307600854e-16
-1.202034162e-15
-1.574213304e-15
-1.385755718e-15
-1.518676256e-15
-8.917457483e-16
-5.403856238e-16
-7.327811927e-16
-1.276658656e-15
-1.38262198e-15
-9.672056751e-16
-1.5560334e-15
-1.841000479e-15
-1.191324375e-15
-5.668602595e-16
-8.411095638e-16
-1.801310785e-15
-1.485980929e-15
-6.354705687e-16
-9.450138981e-16
-1.249122645e-15
-5.099630677e-16
-7.690206285e-16
-8.677094933e-16
-5.927496751e-16
-6.147326067e-16
-4.358338223e-16
-3.382311657e-16
-4.441232091e-16
-1.648352496e-15
-2.283828579e-15
-1.740227748e-15
-1.212013392e-15
-1.308797831e-15
-1.470496193e-15
-1.050217289e-15
-1.786684606e-15
-2.242085623e-15
-1.864014488e-15
-2.844748591e-15
-3.265111278e-15
-2.68361295e-15
-1.590738945e-15
-2.671423397e-15
-2.82620848e-15
-2.966189124e-15
-3.544865015e-15
-2.533964913e-15
-2.070739049e-15
-3.371197002e-15
-3.142589829e-15
-2.33282737e-15
-2.750290096e-15
-2.28212138e-15
-2.807210014e-15
-3.106105259e-15
-2.578922005e-15
-3.506297578e-15
-3.779487939e-15
-3.70798292e-15
-3.287774962e-15
-3.194393731e-15
-3.038774561e-15
-2.932729573e-15
-4.130627447e-15
-4.597452214e-15
-5.350935353e-15
-4.621476747e-15
-4.513287012e-15
-5.664062432e-15
-5.989449015e-15
-7.054101906e-15
-6.961150219e-15
-8.061918838e-15
-7.713607731e-15
-5.981672261e-15
-7.078250374e-15
-7.784758554e-15
-7.311469578e-15
-7.541174186e-15
-7.511878913e-15
-7.524118604e-15
-7.765899475e-15
-7.485561874e-15
-8.754956095e-15
-9.273632042e-15
-1.013160121e-14
-9.707535717e-15
-9.749739658e-15
-1.046037798e-14
-9.336620124e-15
-1.048301902e-14
-1.040645995e-14
-9.806997802e-15
-9.936739679e-15
-9.245147686e-15
-9.748184354e-15
-9.594723093e-15
-9.41949679e-15
-1.06313225e-14
-9.923156421e-15
-1.003024973e-14
-1.090652073e-14
-1.028123878e-14
-1.082571814e-14
-1.0644738e-14
-1.110991089e-14
-1.117713768e-14
-1.066884482e-14
-1.203142095e-14
-1.340335144e-14
-1.338166492e-14
-1.191543902e-14
-1.208456907e-14
-1.221354115e-14
-1.209883004e-14
-1.192152846e-14
-1.074657052e-14
-1.078261551e-14
-1.134143636e-14
-1.082938173e-14
-1.076995866e-14
-9.65280287e-15
-8.553524416e-15
-9.674745129e-15
-9.884145086e-15
-9.425691726e-15
-8.605440785e-15
-9.458244749e-15
-9.82597682e-15
-9.525543439e-15
-8.721008059e-15
-8.345164597e-15
-1.000757249e-14
-9.851460602e-15
-8.00994385e-15
-9.473607877e-15
-8.822770776e-15
-5.657092551e-15
-5.859211484e-15
-6.433900368e-15
-5.978224726e-15
-4.513611955e-15
-5.115848075e-15
-4.815844604e-15
-3.232897587e-15
-5.553500522e-15
-5.632486919e-15
-4.057542919e-15
-4.388880195e-15
-4.347045214e-15
-3.653157651e-15
-3.054664708e-15
-3.725444305e-15
-2.908719785e-15
-2.815572179e-15
-4.33902054e-15
-3.169236877e-15
-2.158329506e-15
-3.567470266e-15
-2.852624443e-15
-1.534553001e-15
-5.85940978e-16
-3.783587341e-16
-1.400834872e-15
-7.750119776e-16
-3.430663302e-16
6.238648844e-16
8.61899081e-16
4.095240657e-16
-3.535375095e-16
2.398911577e-16
7.096672366e-16
3.293285117e-16
8.870296097e-17
3.853605827e-16
3.253254348e-17
-4.95691321e-16
-2.861394104e-16
-5.619561636e-17
-5.196619612e-16
-2.332404514e-16
-2.59696332e-16
-4.400232246e-16
-1.73534499e-16
-4.900595601e-16
-2.152757116e-15
-1.656540637e-15
-1.441951886e-15
-1.522617109e-15
-1.255045187e-15
-1.181380813e-15
-6.862560715e-16
-1.121746767e-15
-7.392585383e-16
-6.445447868e-16
1.62987469e-16
2.650326343e-16
-3.108610431e-16
-2.840115756e-16
-3.590486626e-16
-1.09292307e-15
-1.940241896e-15
-1.693487849e-15
-1.40927896e-15
-7.579504685e-16
-7.943535078e-16
-5.863890063e-16
-9.36162747e-16
-1.305474222e-15
-1.169802611e-15
-1.707031708e-15
-2.016245572e-15
-1.041040918e-15
-5.463696535e-16
-5.887828775e-16
-1.589109267e-15
-1.392899214e-15
-7.066293795e-16
-1.320697555e-15
-1.191079941e-15
-4.040667393e-16
-7.076882404e-16
-7.910586477e-16
-1.473786971e-16
-6.050040418e-16
-8.025609654e-16
-2.588293019e-16
-5.238539309e-16
-1.924798108e-15
-1.881946287e-15
-1.677366031e-15
-1.895717661e-15
-1.126831645e-15
-7.7452374e-16
-1.251286404e-15
-2.032520628e-15
-2.566588302e-15
-1.881202302e-15
-2.264190959e-15
-3.654545981e-15
-2.744478729e-15
-1.20219058e-15
-2.488963049e-15
-3.397317055e-15
-3.199931081e-15
-2.78738588e-15
-2.47828711e-15
-2.390702389e-15
-3.308201038e-15
-3.41834505e-15
-2.262434214e-15
-2.368887292e-15
-2.661318002e-15
-2.9535501e-15
-2.6710836e-15
-2.935646659e-15
-3.888258895e-15
-3.915856334e-15
-3.082280629e-15
-2.955074558e-15
-3.71544483e-15
-3.425643909e-15
-2.607492743e-15
-3.925703786e-15
-4.655295682e-15
-5.082159293e-15
-5.164537957e-15
-4.437075233e-15
-5.474918972e-15
-6.324087353e-15
-6.783771177e-15
-6.81877584e-15
-8.139694574e-15
-8.088143658e-15
-6.067305492e-15
-6.758244213e-15
-7.804429966e-15
-7.211135481e-15
-7.890601392e-15
-7.16323657e-15
-6.603720507e-15
-8.216672658e-15
-8.246958332e-15
-8.611954961e-15
-8.843531159e-15
-1.011916517e-14
-9.993125211e-15
-1.007937806e-14
-1.008713729e-14
-9.953143969e-15
-1.036056776e-14
-9.737128588e-15
-9.663259404e-15
-1.018957328e-14
-9.905358197e-15
-9.525513413e-15
-9.230269918e-15
-9.159524576e-15
-1.063073408e-14
-1.017995119e-14
-9.744873525e-15
-1.134970185e-14
-1.134147922e-14
-1.036962944e-14
-1.010830486e-14
-1.080475984e-14
-1.046378254e-14
-1.135492297e-14
-1.239750449e-14
-1.279046455e-14
-1.335754631e-14
-1.255655391e-14
-1.22547761e-14
-1.150892729e-14
-1.188325087e-14
-1.213988835e-14
-1.058867969e-14
-1.108417038e-14
-1.209674333e-14
-1.084594999e-14
-1.015352339e-14
-9.159399173e-15
-8.720664276e-15
-9.94246912e-15
-9.48901064e-15
-9.488400932e-15
-1.010682105e-14
-9.525322167e-15
-8.52548995e-15
-8.929575018e-15
-8.403359788e-15
-9.251632745e-15
-1.023984229e-14
-9.451852331e-15
-8.033487162e-15
-9.242775359e-15
-9.297897107e-15
-6.680460907e-15
-5.584613044e-15
-5.142079854e-15
-6.268821151e-15
-4.711967295e-15
-4.423096133e-15
-5.604582936e-15
-3.761511364e-15
-4.495533602e-15
-5.459707292e-15
-3.982219325e-15
-4.791371277e-15
-5.116800327e-15
-3.582318017e-15
-3.507793236e-15
-3.396729067e-15
-2.546715789e-15
-2.953359976e-15
-3.593444568e-15
-2.678186848e-15
-2.968871674e-15
-3.796495242e-15
-2.922736481e-15
-2.821477359e-15
-6.134863306e-16
-4.132505537e-16
-1.599099834e-15
-8.79511883e-16
-3.528844518e-16
7.138572808e-16
1.08806423e-15
2.400634867e-16
-5.147724087e-16
4.054748564e-16
8.672391062e-16
5.525064294e-16
1.779547875e-16
1.274667871e-16
-8.684656185e-17
-4.519894681e-16
-3.535095043e-16
-3.187793134e-16
-5.448475868e-16
-1.302936516e-16
-1.501618389e-16
-1.900642974e-16
-2.090268426e-16
-5.928046895e-16
-2.176223566e-15
-1.784279782e-15
-1.444995715e-15
-1.830919253e-15
-1.223717896e-15
-1.198771437e-15
-3.656156129e-16
-9.456118434e-16
-9.15474943e-16
-5.383570638e-16
3.113761328e-16
1.483240165e-16
-3.882116791e-16
-1.985517219e-16
-2.785608264e-16
-1.258501015e-15
-2.153884133e-15
-1.684898758e-15
-1.331659152e-15
-8.133095872e-16
-9.912623675e-16
-1.001036037e-15
-5.079024583e-16
-1.048729143e-15
-1.152300105e-15
-1.715502315e-15
-2.253925987e-15
-1.261575833e-15
-5.922235296e-16
-3.724561856e-16
-1.417775034e-15
-1.344474412e-15
-7.837042898e-16
-1.342293844e-15
-1.019796052e-15
-2.592811951e-16
-5.382286751e-16
-8.671542344e-16
-1.860068896e-16
-8.687604447e-16
-5.766437117e-16
-2.310680238e-16
-5.739486252e-16
-2.142281726e-15
-1.554062362e-15
-1.747359057e-15
-2.590642602e-15
-6.012356052e-16
-3.152641441e-16
-1.489277078e-15
-2.040165417e-15
-2.509419211e-15
-2.067418659e-15
-1.89151652e-15
-3.650398137e-15
-3.014112701e-15
-1.279151199e-15
-2.128320256e-15
-3.464315537e-15
-3.41047261e-15
-2.557972032e-15
-2.835269425e-15
-3.063717766e-15
-2.631829546e-15
-3.376428268e-15
-2.632138715e-15
-1.945802589e-15
-2.959199263e-15
-3.111358743e-15
-2.197814539e-15
-2.981474412e-15
-4.254676804e-15
-4.228829799e-15
-2.29120626e-15
-2.535200896e-15
-4.128267559e-15
-4.071702027e-15
-2.370016247e-15
-3.701679792e-15
-4.906536327e-15
-4.74253758e-15
-5.645410056e-15
-4.447652842e-15
-4.779208792e-15
-6.638447828e-15
-7.108585163e-15
-7.04194954e-15
-7.962181128e-15
-7.664923336e-15
-6.998932179e-15
-6.42913333e-15
-7.308805641e-15
-7.807202832e-15
-7.68793798e-15
-6.480024237e-15
-6.675431344e-15
-8.391122421e-15
-8.649601205e-15
-8.17492842e-15
-8.510140712e-15
-1.039499875e-14
-1.047724857e-14
-9.928810738e-15
-9.687090529e-15
-1.108039512e-14
-9.741402725e-15
-8.539059778e-15
-1.017432309e-14
-1.09061391e-14
-1.010702649e-14
-9.529344866e-15
-9.037942589e-15
-8.980124885e-15
-9.810384446e-15
-1.060557867e-14
-1.021936628e-14
-1.123417294e-14
-1.213362748e-14
-1.017811882e-14
-9.350175476e-15
-1.007337118e-14
-1.027991273e-14
-1.245540904e-14
-1.283945785e-14
-1.227694148e-14
-1.261129796e-14
-1.319817903e-14
-1.239384172e-14
-1.097894086e-14
-1.266150968e-14
-1.206769169e-14
-1.000754052e-14
-1.132478665e-14
-1.257753104e-14
-1.090514352e-14
-1.015788914e-14
-8.4859965e-15
-8.77211035e-15
-1.006994571e-14
-9.585842667e-15
-1.010940434e-14
-1.051310394e-14
-9.365523111e-15
-7.338900356e-15
-8.325169276e-15
-9.059827977e-15
-1.019931821e-14
-9.751790556e-15
-9.045025808e-15
-9.08277438e-15
-8.908471287e-15
-8.430800565e-15
-7.867560647e-15
-5.690308109e-15
-3.56712419e-15
-6.395255411e-15
-4.876113254e-15
-4.160725678e-15
-6.352254687e-15
-4.816154467e-15
-4.042931586e-15
-4.331404597e-15
-4.106185153e-15
-5.169961405e-15
-4.507040175e-15
-3.702493804e-15
-4.964036656e-15
-3.397431092e-15
-2.112435879e-15
-3.257359004e-15
-2.669763243e-15
-2.050168969e-15
-4.144954151e-15
-3.392061465e-15
-2.759095854e-15
-3.733989804e-15
-4.903516248e-16
-1.073515688e-15
-1.820140685e-15
-9.58313943e-16
-4.905159213e-16
9.530240835e-16
1.303749471e-15
-1.733784587e-16
-4.313161708e-16
6.181718805e-16
7.801980894e-16
5.521026711e-16
5.067081483e-16
2.387816923e-16
-2.015706806e-16
-6.173244949e-16
-5.140570215e-16
-3.990541567e-16
-3.482967353e-16
8.820225485e-17
-5.261479604e-16
-4.87118515e-18
1.506218114e-16
-6.767211712e-16
-2.129002653e-15
-1.97603831e-15
-1.676610762e-15
-2.017117177e-15
-1.466118679e-15
-8.159625577e-16
-6.653451302e-17
-1.166300786e-15
-1.006621934e-15
-2.582995283e-16
2.770078699e-16
3.608109936e-17
-3.526079722e-16
-1.948136028e-16
-2.180805864e-16
-1.275031476e-15
-2.352456941e-15
-1.662173507e-15
-1.187671968e-15
-7.153622732e-16
-1.198810027e-15
-1.000172908e-15
-9.512941685e-16
-7.95826325e-16
-8.410615523e-16
-1.826010688e-15
-2.041453658e-15
-1.186607757e-15
-8.473700016e-16
-8.819961137e-16
-1.202438376e-15
-9.703143847e-16
-1.254702308e-15
-1.180515428e-15
-6.76375123e-16
-3.983709457e-16
-5.276771035e-16
-4.345674534e-16
-4.533008784e-16
-1.20689023e-15
-5.454530783e-16
-5.412901807e-17
-8.00307677e-16
-2.156781433e-15
-1.531676414e-15
-1.856761511e-15
-2.432764387e-15
-7.108591353e-16
-5.094831582e-17
-1.293479903e-15
-2.175247826e-15
-2.487474742e-15
-1.968413997e-15
-1.913397899e-15
-3.670734234e-15
-3.012576213e-15
-1.151939948e-15
-1.750831305e-15
-3.445087269e-15
-3.888475072e-15
-2.708376908e-15
-2.752811798e-15
-3.188693001e-15
-2.631002948e-15
-3.372576188e-15
-2.529592681e-15
-1.720542322e-15
-2.998270505e-15
-3.062229761e-15
-2.235528286e-15
-3.342135459e-15
-4.47455241e-15
-4.243369193e-15
-2.169282459e-15
-2.172554625e-15
-4.254947827e-15
-4.458838428e-15
-2.166575344e-15
-3.621972033e-15
-5.109733158e-15
-5.000816883e-15
-5.269463584e-15
-4.249803806e-15
-4.756990246e-15
-6.864533383e-15
-7.19152505e-15
-7.048620933e-15
-7.73143731e-15
-7.75677066e-15
-7.604830593e-15
-6.170595266e-15
-6.689761859e-15
-8.251429176e-15
-7.940191279e-15
-6.206841648e-15
-7.073795299e-15
-7.998856522e-15
-8.104377427e-15
-8.176295005e-15
-8.580733744e-15
-1.055710543e-14
-1.087989166e-14
-9.879106484e-15
-9.673335127e-15
-1.111750652e-14
-9.738259335e-15
-8.149568986e-15
-1.037538783e-14
-1.091272062e-14
-1.03556301e-14
-9.342039619e-15
-8.71470944e-15
-9.227606398e-15
-9.750628168e-15
-1.043327481e-14
-1.018030323e-14
-1.109033836e-14
-1.258033235e-14
-1.06048973e-14
-8.988329758e-15
-9.514598919e-15
-1.096976758e-14
-1.278451026e-14
-1.233144743e-14
-1.204230241e-14
-1.266633225e-14
-1.345191404e-14
-1.166186695e-14
-1.140056619e-14
-1.291448114e-14
-1.202227656e-14
-9.891512521e-15
-1.14724e-14
-1.285235699e-14
-1.072450678e-14
-1.003712137e-14
-7.985928443e-15
-9.147272784e-15
-1.021424959e-14
-9.759969753e-15
-1.043210248e-14
-1.073253907e-14
-8.923054019e-15
-7.029903407e-15
-8.432340607e-15
-9.197987858e-15
-1.074943767e-14
-9.250916015e-15
-8.54178843e-15
-9.464294269e-15
-9.118645118e-15
-7.965442035e-15
-8.148023981e-15
-6.059610443e-15
-3.031518186e-15
-5.664997755e-15
-5.178368837e-15
-4.708659358e-15
-6.59100403e-15
-4.847770824e-15
-3.66403346e-15
-3.775967079e-15
-4.688789378e-15
-5.684442707e-15
-3.437526166e-15
-3.481997272e-15
-5.843053327e-15
-3.324612971e-15
-1.658499643e-15
-3.50734668e-15
-2.640473905e-15
-2.554714249e-15
-4.336183058e-15
-2.445541111e-15
-2.563081389e-15
-4.183374762e-15
-1.117566666e-15
-1.76204846e-15
-1.989140451e-15
-9.194697455e-16
-3.998123424e-16
9.084367601e-16
1.260699045e-15
-4.022828774e-16
-2.108425221e-16
8.054434655e-16
7.169242822e-16
6.194168204e-16
3.58082437e-16
4.152871028e-16
-1.296265573e-16
-3.822171767e-16
-7.812954873e-16
-1.860870921e-16
-2.234391721e-16
5.923146777e-17
-6.563085918e-16
2.91593108e-16
4.443164459e-16
-1.038014069e-15
-2.327831817e-15
-2.023341228e-15
-2.089035194e-15
-1.993706985e-15
-1.448722705e-15
-5.93980947e-16
1.188017762e-16
-1.490832565e-15
-1.070577844e-15
2.886307547e-16
2.061694161e-18
-3.997149431e-16
-5.523132958e-17
-4.215680613e-16
-4.357596031e-16
-1.163350193e-15
-2.214149229e-15
-1.675163845e-15
-1.119923947e-15
-6.648790395e-16
-9.47948072e-16
-6.84516915e-16
-1.322752398e-15
-1.034319914e-15
-4.064882752e-16
-2.041390075e-15
-2.092875321e-15
-8.784504031e-16
-6.274618518e-16
-1.235586536e-15
-1.224835254e-15
-7.524388846e-16
-1.476689669e-15
-1.285388114e-15
-6.908656543e-16
-5.266704426e-16
-2.071997453e-16
1.124369254e-16
-8.778641018e-16
-1.541925549e-15
-5.402793254e-16
5.788723124e-17
-9.842621636e-16
-1.775426741e-15
-1.73952242e-15
-2.114558321e-15
-1.816443456e-15
-7.963657768e-16
-3.383060974e-16
-1.157818846e-15
-2.432869734e-15
-2.514756226e-15
-1.470549253e-15
-1.910061511e-15
-3.69476603e-15
-2.906293691e-15
-1.733338516e-15
-1.822715401e-15
-2.90473739e-15
-3.924365907e-15
-2.833230343e-15
-2.545764017e-15
-3.160875946e-15
-2.864520936e-15
-2.920474728e-15
-2.637415174e-15
-2.009379347e-15
-2.71270869e-15
-2.700145254e-15
-2.379795938e-15
-3.577322041e-15
-4.370966243e-15
-4.389397619e-15
-2.922565589e-15
-2.250556997e-15
-3.529853038e-15
-4.337386863e-15
-3.112604201e-15
-3.525927253e-15
-5.040025285e-15
-5.332030933e-15
-4.657121054e-15
-4.060332082e-15
-5.130458084e-15
-6.47633405e-15
-7.233907121e-15
-7.292639038e-15
-7.712894153e-15
-8.11070876e-15
-7.845633618e-15
-6.103615799e-15
-6.28798658e-15
-8.017339558e-15
-8.338931086e-15
-6.401497024e-15
-7.175268817e-15
-7.755501842e-15
-7.265562401e-15
-8.070611685e-15
-8.90334863e-15
-1.084742355e-14
-1.083117672e-14
-9.885883045e-15
-9.577540583e-15
-1.029435984e-14
-1.030564054e-14
-9.110022553e-15
-1.008443575e-14
-1.070142759e-14
-1.009129667e-14
-9.240068773e-15
-8.450310742e-15
-9.210666126e-15
-1.029332761e-14
-9.885796841e-15
-9.57444894e-15
-1.127169259e-14
-1.289177669e-14
-1.075717508e-14
-9.581017555e-15
-9.15765286e-15
-1.147857705e-14
-1.334573385e-14
-1.181408151e-14
-1.187804429e-14
-1.306096316e-14
-1.318942727e-14
-1.097991776e-14
-1.132838034e-14
-1.265086755e-14
-1.232687804e-14
-1.026362805e-14
-1.179689251e-14
-1.283994411e-14
-1.019058888e-14
-1.00392269e-14
-8.206783295e-15
-9.498236534e-15
-1.024288152e-14
-9.581491278e-15
-1.025442779e-14
-1.050092411e-14
-8.978000974e-15
-7.492403769e-15
-9.475623437e-15
-8.911418927e-15
-1.043740241e-14
-9.195049092e-15
-7.71123501e-15
-9.031051911e-15
-9.781603809e-15
-7.995644579e-15
-8.170902493e-15
-6.215828947e-15
-3.511407676e-15
-5.090909598e-15
-4.842010061e-15
-5.312482515e-15
-6.723747849e-15
-4.33699846e-15
-3.492022953e-15
-3.711650463e-15
-4.953825924e-15
-5.977297523e-15
-2.985388455e-15
-3.091411439e-15
-5.549765027e-15
-3.775222045e-15
-1.602654779e-15
-3.584784314e-15
-2.710308545e-15
-3.180069826e-15
-3.884555097e-15
-1.677737746e-15
-3.003777879e-15
-4.232040832e-15
-1.520505634e-15
-2.319345032e-15
-2.597481939e-15
-7.075774788e-16
-1.09451684e-16
8.641137529e-16
1.164399285e-15
-2.528553741e-16
-3.493221059e-16
5.410432958e-16
6.390577093e-16
7.653358942e-16
4.554101427e-16
2.049722705e-16
-1.855130245e-16
-8.410160222e-17
-3.687726134e-16
-3.413026101e-16
-6.314584472e-17
5.17570562e-17
-4.864049986e-16
4.63847131e-16
3.683343487e-16
-1.376279833e-15
-2.545684744e-15
-2.042112949e-15
-2.151248246e-15
-1.992974886e-15
-1.267793151e-15
-1.59325852e-16
-2.466431458e-16
-1.54777535e-15
-7.666903948e-16
3.286419429e-16
-3.517514265e-16
-3.372721636e-16
-4.740234552e-17
-8.797276727e-16
-6.113221692e-16
-1.224690619e-15
-1.993971618e-15
-1.081867722e-15
-8.685936862e-16
-9.173833068e-16
-1.242295309e-15
-9.733297179e-16
-1.024418202e-15
-7.707111716e-16
-1.611305808e-16
-2.176597043e-15
-2.392404859e-15
-8.21720336e-16
-6.586605778e-16
-1.350748181e-15
-1.41700601e-15
-6.439193125e-16
-1.13693259e-15
-1.142707715e-15
-1.088705675e-15
-5.769010228e-16
4.215964215e-16
1.617749141e-16
-1.093223146e-15
-1.754150358e-15
-6.995183603e-16
2.530255027e-16
-1.171144508e-15
-1.724512533e-15
-2.027632052e-15
-1.731091651e-15
-1.011785584e-15
-1.111002423e-15
-4.069581504e-16
-1.124706097e-15
-2.475966554e-15
-2.591743098e-15
-1.354009831e-15
-2.04069697e-15
-3.580862176e-15
-2.696161967e-15
-2.489842819e-15
-1.862351585e-15
-2.53612117e-15
-3.910963892e-15
-2.83746607e-15
-2.627067802e-15
-2.956486736e-15
-3.292720923e-15
-2.951237521e-15
-2.465508913e-15
-1.831177528e-15
-2.462410599e-15
-2.514256452e-15
-2.753875008e-15
-3.29123823e-15
-4.123003052e-15
-4.546791335e-15
-3.323658862e-15
-2.575822912e-15
-2.956529029e-15
-4.408876613e-15
-3.787259665e-15
-3.648599714e-15
-4.922091117e-15
-5.419970521e-15
-4.539199233e-15
-3.944365442e-15
-4.837737596e-15
-6.173974033e-15
-7.770128755e-15
-7.591322878e-15
-7.823800082e-15
-7.865136187e-15
-7.928977862e-15
-6.524264779e-15
-5.911735598e-15
-7.644689261e-15
-8.995616539e-15
-6.805708881e-15
-6.818012824e-15
-7.52811438e-15
-7.353404416e-15
-7.652691058e-15
-9.11396504e-15
-1.123814846e-14
-1.073386728e-14
-9.817236607e-15
-8.810287057e-15
-9.815563429e-15
-1.09043109e-14
-9.99713051e-15
-9.825160999e-15
-1.04761657e-14
-9.938717277e-15
-9.450219088e-15
-8.440408528e-15
-9.060440759e-15
-1.041216945e-14
-9.678896563e-15
-8.989381916e-15
-1.115785797e-14
-1.342416128e-14
-1.087117458e-14
-1.014222032e-14
-9.263504398e-15
-1.148045765e-14
-1.381581521e-14
-1.140056787e-14
-1.150068098e-14
-1.32015729e-14
-1.312813873e-14
-1.095030526e-14
-1.108288236e-14
-1.238409705e-14
-1.230662956e-14
-1.018051197e-14
-1.229542826e-14
-1.328121977e-14
-1.021590238e-14
-1.002480459e-14
-8.324405504e-15
-9.456104457e-15
-9.977794372e-15
-9.781531916e-15
-9.84459297e-15
-1.003169446e-14
-8.880654463e-15
-8.189897538e-15
-1.038862762e-14
-8.150929968e-15
-1.034125101e-14
-9.176602527e-15
-7.244650257e-15
-8.970909048e-15
-1.040007755e-14
-8.304508525e-15
-7.889376534e-15
-6.105486691e-15
-4.260542592e-15
-5.240679574e-15
-4.186847009e-15
-5.310515332e-15
-7.073759104e-15
-4.174403136e-15
-3.904556841e-15
-3.055062485e-15
-4.315477239e-15
-6.226222889e-15
-3.047952753e-15
-2.570663057e-15
-5.21693049e-15
-4.268787376e-15
-1.940333913e-15
-3.545247631e-15
-2.10124682e-15
-3.519713808e-15
-4.284365365e-15
-1.68517718e-15
-3.23027949e-15
-3.928857771e-15
-1.854561117e-15
-2.690679496e-15
-2.441925069e-15
-7.70497614e-16
-4.942286816e-16
8.390668051e-16
1.033972659e-15
-3.803118267e-16
-4.963367577e-16
4.939551926e-16
8.954592041e-16
9.499157222e-16
7.049581541e-16
-5.345913814e-17
-6.672258072e-17
1.664161913e-16
-2.770924525e-16
-3.336346744e-16
-4.500446229e-16
-2.19426092e-16
-7.047520797e-17
3.83511416e-16
-1.107809883e-16
-1.185405005e-15
-2.191932723e-15
-2.30089719e-15
-2.361256698e-15
-1.911594338e-15
-7.011148179e-16
1.972474038e-16
-4.654891099e-16
-1.426028978e-15
-7.245252349e-16
4.73690311e-17
-1.872289167e-16
-4.305723133e-16
-2.091217865e-16
-1.045065449e-15
-9.365936758e-16
-1.367969904e-15
-1.71867295e-15
-2.681349464e-16
-5.341157157e-16
-1.281970638e-15
-1.607967418e-15
-1.177988827e-15
-8.484005154e-16
-6.586164414e-16
-4.903477455e-16
-1.965560417e-15
-2.405379907e-15
-1.107007304e-15
-7.786699868e-16
-1.33364587e-15
-1.469692256e-15
-7.332411416e-16
-7.721371911e-16
-9.806350385e-16
-1.571090607e-15
-8.063707615e-16
6.901643724e-16
5.325308225e-16
-1.079448095e-15
-1.872132248e-15
-7.262036234e-16
-5.251465077e-17
-1.193135412e-15
-1.541471241e-15
-1.866075524e-15
-1.247526739e-15
-7.025762524e-16
-1.786517503e-15
-1.837985315e-16
-9.752986974e-16
-2.417122578e-15
-2.589151285e-15
-1.555308109e-15
-1.976602835e-15
-3.693764091e-15
-2.870910375e-15
-2.33400387e-15
-1.924160978e-15
-2.620708371e-15
-3.747351809e-15
-3.020390911e-15
-2.452965384e-15
-2.774908157e-15
-3.552343539e-15
-3.295710907e-15
-2.343974924e-15
-1.821612391e-15
-2.457478188e-15
-2.043270173e-15
-2.824117891e-15
-2.986514331e-15
-3.935108155e-15
-4.427568692e-15
-3.136601108e-15
-3.188299374e-15
-3.333727765e-15
-4.476739867e-15
-4.130180345e-15
-3.628669381e-15
-4.763900707e-15
-5.165697751e-15
-4.462984626e-15
-4.035494782e-15
-4.497391579e-15
-6.329474499e-15
-8.048945492e-15
-7.674869697e-15
-7.511317182e-15
-7.940575287e-15
-8.180927436e-15
-6.667714939e-15
-5.860623589e-15
-7.517432614e-15
-9.097686603e-15
-6.84644438e-15
-6.672055161e-15
-7.681610034e-15
-7.436898104e-15
-7.163866434e-15
-9.177768482e-15
-1.12718563e-14
-1.023323549e-14
-9.563090745e-15
-8.837844534e-15
-9.763683886e-15
-1.177787957e-14
-1.036669892e-14
-9.664605902e-15
-1.016470008e-14
-9.849861951e-15
-9.448104584e-15
-8.458656795e-15
-9.056400683e-15
-1.04561085e-14
-9.888945598e-15
-8.901269165e-15
-1.099345147e-14
-1.357601405e-14
-1.094216972e-14
-1.049594181e-14
-9.326886007e-15
-1.129366534e-14
-1.433740762e-14
-1.092939699e-14
-1.096769238e-14
-1.332034976e-14
-1.309102814e-14
-1.07586374e-14
-1.112966847e-14
-1.202372501e-14
-1.233541049e-14
-1.031578006e-14
-1.253017731e-14
-1.364208049e-14
-9.853813217e-15
-1.002020894e-14
-8.595337132e-15
-9.451901499e-15
-9.991614707e-15
-9.938058919e-15
-9.727318041e-15
-9.340014574e-15
-9.016050171e-15
-8.783211639e-15
-1.05836402e-14
-7.705137667e-15
-1.008425712e-14
-8.930840364e-15
-7.365424917e-15
-9.525640902e-15
-1.065639209e-14
-8.894432786e-15
-7.273900187e-15
-5.426232287e-15
-4.701261102e-15
-5.596556763e-15
-4.085153953e-15
-5.44934404e-15
-7.22169551e-15
-4.070338223e-15
-4.204901302e-15
-2.873226881e-15
-3.897560525e-15
-6.241990584e-15
-3.329502118e-15
-2.246687567e-15
-4.448175567e-15
-4.170471955e-15
-2.626705893e-15
-3.594804753e-15
-1.94630895e-15
-3.297452815e-15
-4.751907025e-15
-1.836223479e-15
-3.14967988e-15
-4.093873524e-15
-2.005649099e-15
-3.136546992e-15
-2.046979792e-15
-1.082974134e-15
-8.080198937e-16
7.441812917e-16
4.971530302e-16
-3.175208881e-16
-6.837384868e-16
2.345757459e-16
9.944195077e-16
1.32989885e-15
7.720910108e-16
-3.187967884e-16
4.471946237e-16
6.054165235e-16
-2.674788197e-17
-1.549169229e-16
-5.880545519e-16
-4.907154474e-16
-9.378095447e-17
1.578974841e-16
-6.28882193e-17
-1.191338237e-15
-1.973889592e-15
-2.438635672e-15
-2.25622777e-15
-1.635107488e-15
-4.15760817e-16
2.185499633e-16
-5.885797756e-16
-1.137842776e-15
-5.972817011e-16
1.252727598e-16
-3.497490655e-16
-7.254323228e-16
-4.114173983e-16
-8.919719525e-16
-8.77603485e-16
-1.238253855e-15
-1.597743803e-15
-2.085449777e-16
-5.266177584e-16
-1.013899575e-15
-1.765162387e-15
-1.418689415e-15
-9.308538597e-16
-7.590231556e-16
-7.700093525e-16
-1.721474251e-15
-2.309440365e-15
-1.006348474e-15
-6.916890392e-16
-1.404801787e-15
-1.631362459e-15
-7.634382569e-16
-9.064681572e-16
-1.021543628e-15
-1.378873355e-15
-1.058221588e-15
5.339582128e-16
4.522206064e-16
-1.070792408e-15
-1.677052358e-15
-4.278384978e-16
-4.740465609e-16
-1.195820675e-15
-1.400375266e-15
-2.047153835e-15
-1.206066681e-15
-8.978098626e-16
-1.896840547e-15
-1.408294071e-16
-8.114518285e-16
-2.478547134e-15
-2.582021897e-15
-1.346978175e-15
-2.069776172e-15
-3.75281398e-15
-2.959390217e-15
-2.342599585e-15
-1.896556791e-15
-2.66258765e-15
-3.657831919e-15
-3.30188195e-15
-2.772440108e-15
-2.21760524e-15
-3.135368019e-15
-3.576971736e-15
-2.616280763e-15
-1.768149056e-15
-2.552495898e-15
-2.23585549e-15
-2.732856064e-15
-2.948136838e-15
-3.738873597e-15
-3.799827329e-15
-3.170314173e-15
-3.766288573e-15
-3.36764783e-15
-4.175983459e-15
-4.304392618e-15
-3.803124155e-15
-4.871778874e-15
-4.670951435e-15
-4.183156332e-15
-3.895625452e-15
-4.621098336e-15
-6.651113146e-15
-8.275738682e-15
-7.583866192e-15
-7.30071247e-15
-8.338559439e-15
-8.432780083e-15
-6.575167631e-15
-6.295563333e-15
-7.662659055e-15
-8.793893815e-15
-6.683481157e-15
-6.724169822e-15
-7.622999273e-15
-7.42358419e-15
-7.263392471e-15
-8.982314839e-15
-1.098874083e-14
-9.913647628e-15
-9.020098915e-15
-9.574982843e-15
-1.01772543e-14
-1.199165093e-14
-1.041466334e-14
-9.683403718e-15
-1.025971479e-14
-9.442469804e-15
-9.143851286e-15
-8.429909002e-15
-9.124824163e-15
-1.054746931e-14
-1.00375595e-14
-9.078946855e-15
-1.115087324e-14
-1.338732777e-14
-1.119688847e-14
-1.07160975e-14
-9.209485779e-15
-1.097411961e-14
-1.449197014e-14
-1.124902255e-14
-1.060801086e-14
-1.281102994e-14
-1.277800299e-14
-1.082749232e-14
-1.108561336e-14
-1.188259771e-14
-1.27667719e-14
-1.051715571e-14
-1.248886366e-14
-1.373731158e-14
-9.662103727e-15
-9.744361059e-15
-8.554410209e-15
-9.791514545e-15
-1.011937063e-14
-9.865978015e-15
-9.71989273e-15
-9.128482577e-15
-9.343601828e-15
-9.083543144e-15
-1.057603415e-14
-7.855957788e-15
-9.331271768e-15
-9.056612566e-15
-7.68013026e-15
-9.659191876e-15
-1.041289866e-14
-9.235456346e-15
-7.321171898e-15
-4.653939166e-15
-4.823239328e-15
-5.980815364e-15
-4.176007334e-15
-5.56603682e-15
-7.249887146e-15
-3.992601474e-15
-4.181713692e-15
-3.057398397e-15
-3.770717498e-15
-5.812445297e-15
-3.249350221e-15
-2.156230956e-15
-4.121353462e-15
-4.241350815e-15
-2.766524124e-15
-3.642964807e-15
-2.156555143e-15
-3.589336234e-15
-4.523562049e-15
-1.600094532e-15
-3.463437054e-15
-4.017391087e-15
-1.983596938e-15
-2.939863597e-15
-2.240788823e-15
-1.493075783e-15
-9.872175574e-16
6.362537326e-16
3.455548287e-16
-3.905273389e-17
-4.006063731e-16
-1.137810811e-16
1.080014827e-15
1.214012761e-15
5.095056305e-16
-1.699208631e-16
9.296024773e-16
1.000049489e-15
8.933451475e-17
-2.455754972e-16
-7.349168312e-16
-7.178417823e-16
-3.665802598e-16
-1.532210906e-16
1.287319298e-16
-8.533226265e-16
-2.091896277e-15
-2.437802448e-15
-1.955882152e-15
-1.491042482e-15
-6.756206916e-16
-7.527959732e-17
-2.496564828e-16
-6.776488064e-16
-3.401578987e-16
1.99973539e-16
-2.890088196e-16
-9.557804178e-16
-4.905518116e-16
-7.6623707e-16
-7.154989059e-16
-1.201289641e-15
-1.587745605e-15
2.410498473e-17
-6.553575534e-16
-9.960071339e-16
-1.710491313e-15
-1.773005372e-15
-1.019871543e-15
-7.635299039e-16
-7.620996678e-16
-1.71276777e-15
-1.811818808e-15
-1.02249191e-15
-9.540088157e-16
-1.903773398e-15
-1.725031204e-15
-7.846748768e-16
-9.739968086e-16
-1.1497626e-15
-9.816675658e-16
-1.16937766e-15
3.799876097e-16
3.660761027e-16
-9.806175539e-16
-1.382143001e-15
-4.584096483e-16
-5.254415723e-16
-1.195628905e-15
-1.571941929e-15
-1.918157625e-15
-1.409591022e-15
-8.18421342e-16
-1.84605433e-15
-5.329649514e-16
-6.853430448e-16
-2.893460774e-15
-2.667680995e-15
-1.155021828e-15
-2.052525297e-15
-3.67902973e-15
-2.858555491e-15
-2.253513036e-15
-1.600348764e-15
-2.977529978e-15
-3.700241469e-15
-3.146775511e-15
-2.587070433e-15
-1.651217916e-15
-3.071198846e-15
-3.905621017e-15
-2.632008983e-15
-1.901833526e-15
-2.831916859e-15
-2.205517767e-15
-2.653842529e-15
-3.19895507e-15
-3.497180472e-15
-3.247421854e-15
-3.43315371e-15
-3.852784594e-15
-3.2660066e-15
-4.308575549e-15
-4.590440017e-15
-3.949429763e-15
-4.707599283e-15
-4.768366546e-15
-3.719036323e-15
-3.774263057e-15
-4.854822607e-15
-6.584092604e-15
-8.216874157e-15
-7.831201901e-15
-7.338128971e-15
-8.292254093e-15
-8.302479815e-15
-6.664774827e-15
-6.735518106e-15
-8.122922869e-15
-8.57056794e-15
-6.169920141e-15
-6.662600025e-15
-7.643159782e-15
-7.707068086e-15
-7.399374692e-15
-8.746744521e-15
-1.088902001e-14
-9.617077858e-15
-8.787767903e-15
-9.835720915e-15
-1.054510848e-14
-1.221424083e-14
-1.032343869e-14
-9.889314655e-15
-1.021123258e-14
-9.061694008e-15
-8.844825162e-15
-8.502525905e-15
-9.129415653e-15
-1.05290625e-14
-9.995660786e-15
-9.631673707e-15
-1.134878256e-14
-1.295999411e-14
-1.141762786e-14
-1.099734058e-14
-9.015911517e-15
-1.091055362e-14
-1.465551636e-14
-1.162342502e-14
-1.070373309e-14
-1.247173483e-14
-1.255522924e-14
-1.102032395e-14
-1.058758391e-14
-1.135941137e-14
-1.303188522e-14
-1.080779453e-14
-1.24185431e-14
-1.385799037e-14
-9.760301426e-15
-9.334704928e-15
-8.259048016e-15
-1.027339692e-14
-1.046069025e-14
-9.599418548e-15
-9.685537855e-15
-9.217395639e-15
-9.72886443e-15
-9.374747342e-15
-1.063618657e-14
-8.103410444e-15
-8.58216988e-15
-8.78036824e-15
-7.482159731e-15
-9.764291774e-15
-1.057473415e-14
-9.537506995e-15
-7.366854117e-15
-4.295953762e-15
-4.992847876e-15
-6.19017107e-15
-4.302778201e-15
-5.716561287e-15
-7.205045824e-15
-4.037034049e-15
-4.257547614e-15
-2.727540274e-15
-3.876699459e-15
-5.71342693e-15
-2.9519682e-15
-1.94428677e-15
-3.907969322e-15
-4.410460369e-15
-3.232354053e-15
-3.728312977e-15
-2.567283834e-15
-3.720503033e-15
-4.086990765e-15
-1.38616795e-15
-3.606555077e-15
-3.859631087e-15
-2.143772142e-15
-3.049268525e-15
-2.647491792e-15
-1.965998672e-15
-1.152453685e-15
3.260309713e-16
1.55283919e-16
1.046554137e-16
-3.895212018e-18
3.401009864e-16
1.05872501e-15
1.018383169e-15
3.979823969e-16
-2.270773107e-16
9.557214386e-16
1.232181288e-15
1.022641624e-16
-1.874233541e-16
-7.158243674e-16
-9.075871906e-16
-5.32221536e-16
-1.188753714e-16
2.612636194e-16
-7.786188456e-16
-2.187327954e-15
-2.585810383e-15
-1.644498427e-15
-1.115727815e-15
-1.05242992e-15
-4.132287374e-16
2.393527687e-16
-4.05640551e-16
-1.013656743e-16
-3.289363584e-17
-3.162731841e-16
-9.512576846e-16
-6.04309917e-16
-8.007938728e-16
-4.712882039e-16
-1.268088881e-15
-1.242880695e-15
-2.707801218e-16
-8.548222353e-16
-5.081835695e-16
-1.443509877e-15
-1.794780052e-15
-1.083254769e-15
-8.275384647e-16
-1.331429413e-15
-1.674342465e-15
-1.563388653e-15
-1.189630878e-15
-1.268548646e-15
-1.943264561e-15
-1.703567409e-15
-1.097804951e-15
-1.25953697e-15
-1.03054655e-15
-5.226644445e-16
-1.023478264e-15
4.992838957e-16
4.750352147e-16
-1.143885218e-15
-1.816687709e-15
-5.44735583e-16
-3.979200138e-16
-1.150083519e-15
-1.264217106e-15
-1.973652204e-15
-1.392321088e-15
-7.192138747e-16
-2.467030172e-15
-9.266287567e-16
-1.471704718e-16
-2.599592823e-15
-2.737459163e-15
-1.0057131e-15
-1.960220501e-15
-4.058098909e-15
-2.923620479e-15
-2.117918355e-15
-1.399958333e-15
-3.392544811e-15
-3.806485958e-15
-3.150151529e-15
-2.584814298e-15
-8.206902932e-16
-2.916455457e-15
-3.951941758e-15
-3.057867466e-15
-1.879665428e-15
-2.907638369e-15
-2.210612114e-15
-2.65619199e-15
-3.268818156e-15
-3.342273483e-15
-3.275322597e-15
-3.354135785e-15
-3.637417179e-15
-3.281885132e-15
-4.366672536e-15
-4.458937426e-15
-4.118702716e-15
-4.74271309e-15
-4.23173335e-15
-3.80316228e-15
-4.124694708e-15
-5.105830067e-15
-6.272761754e-15
-7.869425645e-15
-8.213620868e-15
-7.846929381e-15
-8.332257502e-15
-8.031862871e-15
-6.278811836e-15
-6.953314402e-15
-8.634160099e-15
-8.053567149e-15
-5.897111074e-15
-7.060694273e-15
-7.873328091e-15
-7.560341788e-15
-7.635439006e-15
-8.987257476e-15
-1.057290753e-14
-9.125486012e-15
-8.452587878e-15
-1.028976041e-14
-1.072310852e-14
-1.234711538e-14
-1.017799279e-14
-1.005811844e-14
-1.045068801e-14
-8.453329495e-15
-8.524959996e-15
-8.463612748e-15
-8.974462768e-15
-1.064250686e-14
-1.028063561e-14
-1.017114848e-14
-1.147727979e-14
-1.27946994e-14
-1.17334462e-14
-1.121947655e-14
-9.085930205e-15
-1.09894902e-14
-1.428106321e-14
-1.168059859e-14
-1.097197771e-14
-1.264679542e-14
-1.196206046e-14
-1.06905903e-14
-9.992995022e-15
-1.134733045e-14
-1.362437223e-14
-1.04840392e-14
-1.244284114e-14
-1.411069869e-14
-1.031297276e-14
-9.007557045e-15
-8.031798859e-15
-1.046179232e-14
-1.038500858e-14
-9.575890416e-15
-9.614750755e-15
-9.591415477e-15
-1.007271919e-14
-9.445463247e-15
-1.081768303e-14
-8.182565845e-15
-7.953187231e-15
-8.70079337e-15
-7.484528311e-15
-9.406154649e-15
-1.062708563e-14
-9.36991686e-15
-7.38427871e-15
-4.198882493e-15
-5.328130535e-15
-6.736502059e-15
-4.115043182e-15
-5.782325806e-15
-7.118352854e-15
-4.288285454e-15
-4.443078746e-15
-2.237373865e-15
-3.799929497e-15
-5.693241447e-15
-3.050019854e-15
-1.901409374e-15
-3.725220651e-15
-4.375199906e-15
-3.162694239e-15
-3.92452313e-15
-2.555886402e-15
-3.902965457e-15
-3.937781104e-15
-1.351308236e-15
-3.39553404e-15
-3.843663654e-15
-2.346048816e-15
-3.119462108e-15
-2.719140262e-15
-2.175461421e-15
-1.089120741e-15
1.583381807e-16
2.079476776e-16
9.560822371e-17
4.635717712e-17
5.601035735e-16
1.030960305e-15
9.805859566e-16
6.665414188e-16
-9.680175677e-17
8.853890548e-16
9.688675596e-16
2.231633794e-16
-2.08497884e-16
-6.944066573e-16
-6.339833353e-16
-9.389953482e-16
5.210632126e-17
6.660335142e-16
-7.568607757e-16
-2.096407845e-15
-3.014775162e-15
-1.564360578e-15
-6.164025327e-16
-1.362391976e-15
-6.855948356e-16
2.094239782e-16
-1.795594042e-16
3.420016647e-16
-9.559053322e-17
-6.118639063e-16
-1.211327553e-15
-6.225943565e-16
-8.454371346e-16
-6.143215375e-16
-7.122787161e-16
-6.78900431e-16
-9.258986618e-16
-1.257461665e-15
5.991631336e-17
-9.630197847e-16
-1.786965045e-15
-1.08052633e-15
-1.321868499e-15
-1.808899996e-15
-1.771830053e-15
-1.553265982e-15
-1.114643289e-15
-1.20653862e-15
-1.9520384e-15
-1.869795663e-15
-1.032441663e-15
-1.498362624e-15
-1.198769969e-15
-1.165976221e-16
-8.244451745e-16
3.460895324e-16
4.027147148e-16
-8.082043146e-16
-1.845988452e-15
-9.934967242e-16
-6.848495513e-16
-8.376297207e-16
-1.072188366e-15
-1.89997897e-15
-1.304587132e-15
-9.321397138e-16
-2.599315624e-15
-1.234389856e-15
-2.986716389e-17
-2.215199684e-15
-2.476428315e-15
-1.215649601e-15
-2.096807262e-15
-4.059662553e-15
-2.885674609e-15
-1.991109817e-15
-1.403463564e-15
-3.126572714e-15
-3.848596485e-15
-3.50154201e-15
-2.558378896e-15
-3.883362334e-16
-2.745074145e-15
-3.906535852e-15
-3.586157035e-15
-2.020275182e-15
-2.543280266e-15
-2.224944242e-15
-2.556591754e-15
-3.711099243e-15
-3.495105842e-15
-3.057578692e-15
-3.030460305e-15
-3.489012681e-15
-3.50230938e-15
-4.138902721e-15
-4.06128949e-15
-4.177859758e-15
-4.92241646e-15
-3.957740453e-15
-4.044761531e-15
-4.399870325e-15
-5.471205909e-15
-6.185497181e-15
-7.498825717e-15
-8.151709219e-15
-8.132143424e-15
-8.589561005e-15
-8.029398518e-15
-6.165695571e-15
-6.884723356e-15
-8.64815741e-15
-7.65484436e-15
-6.074627982e-15
-7.050945143e-15
-8.141604112e-15
-7.893279338e-15
-7.646758784e-15
-9.048164735e-15
-1.007713623e-14
-8.501212149e-15
-8.842096805e-15
-1.043014724e-14
-1.069404268e-14
-1.231625184e-14
-1.032826424e-14
-1.013205909e-14
-1.052706389e-14
-7.919603557e-15
-8.633783074e-15
-8.446749392e-15
-8.836279465e-15
-1.022316527e-14
-1.056385904e-14
-1.042177712e-14
-1.160395387e-14
-1.276323404e-14
-1.243645879e-14
-1.162639542e-14
-9.111855472e-15
-1.06275043e-14
-1.405999677e-14
-1.17316679e-14
-1.111049635e-14
-1.254598984e-14
-1.164003698e-14
-1.099944644e-14
-9.305717621e-15
-1.139789864e-14
-1.398942443e-14
-1.057459188e-14
-1.224222853e-14
-1.389304927e-14
-1.046605199e-14
-9.057592112e-15
-8.115226877e-15
-1.032039609e-14
-1.02400741e-14
-9.932982719e-15
-9.808971737e-15
-9.551012899e-15
-1.046967613e-14
-9.58222306e-15
-1.034811047e-14
-8.191159621e-15
-7.698048113e-15
-9.125868965e-15
-7.33848691e-15
-8.824618555e-15
-1.0401477e-14
-9.519118866e-15
-7.664256373e-15
-4.153433866e-15
-5.675601618e-15
-7.209529132e-15
-3.872597402e-15
-5.623882969e-15
-7.186908356e-15
-4.497041352e-15
-4.227461594e-15
-1.811457454e-15
-4.024834836e-15
-5.816623255e-15
-3.257172149e-15
-1.598542016e-15
-3.246074236e-15
-4.773266283e-15
-3.545932132e-15
-4.031720546e-15
-2.479674831e-15
-3.558819885e-15
-4.323988742e-15
-1.855497779e-15
-2.693229242e-15
-3.752382836e-15
-2.607980769e-15
-2.45388411e-15
-2.595908735e-15
-2.082671007e-15
-7.017862629e-16
-4.9790448e-17
-9.894000947e-17
-1.433195962e-16
2.434441229e-16
6.147847174e-16
9.062477867e-16
1.153242529e-15
7.049966346e-16
-8.181286439e-17
1.139752098e-15
8.37474813e-16
5.165236843e-16
-2.895523927e-17
-1.12652163e-15
-4.245407915e-16
-8.137923826e-16
-1.073481135e-16
3.108322691e-16
-1.012537693e-15
-1.900445614e-15
-2.298571347e-15
-1.859422926e-15
-8.332396096e-16
-1.093412326e-15
-6.893863432e-16
-1.845430355e-16
-6.398664598e-17
5.68930072e-16
-7.233622721e-17
-7.675420115e-16
-1.479025033e-15
-5.983736219e-16
-9.376866466e-16
-4.841774253e-16
-4.926684999e-16
-5.1625508e-16
-1.066012253e-15
-1.837044802e-15
4.741381681e-16
-2.456203792e-16
-1.861105927e-15
-1.412604165e-15
-1.701274299e-15
-1.82772086e-15
-2.236966378e-15
-1.33846165e-15
-8.772658442e-16
-1.083221665e-15
-1.751099053e-15
-1.960812969e-15
-1.331287014e-15
-1.77022191e-15
-1.178279815e-15
1.501076085e-17
-8.650822884e-16
-5.817127534e-17
3.15306674e-16
-2.150312861e-16
-1.901641231e-15
-1.155321687e-15
-8.672723144e-16
-9.827659452e-16
-7.793789611e-16
-1.700023564e-15
-1.452644346e-15
-1.030405918e-15
-2.440546135e-15
-8.564418791e-16
-6.287437938e-16
-2.235735037e-15
-2.226377612e-15
-1.339808404e-15
-1.99632716e-15
-3.874736461e-15
-2.645276393e-15
-1.860038477e-15
-1.535756107e-15
-2.86219361e-15
-3.871742056e-15
-3.771913008e-15
-2.321113924e-15
-1.158739439e-15
-2.407569668e-15
-3.587237848e-15
-3.983414043e-15
-2.504660741e-15
-1.858366894e-15
-2.230729386e-15
-2.867841045e-15
-4.034951221e-15
-3.230782597e-15
-2.679255116e-15
-2.880111324e-15
-3.564650611e-15
-3.673272889e-15
-3.733696215e-15
-3.890208974e-15
-4.190843996e-15
-4.963047115e-15
-4.108157823e-15
-3.900464449e-15
-4.123872477e-15
-5.616558447e-15
-6.684301057e-15
-7.048921572e-15
-7.729962237e-15
-8.756369557e-15
-9.443654666e-15
-7.774699439e-15
-6.095112672e-15
-6.431461948e-15
-8.183371862e-15
-8.536073813e-15
-6.317606056e-15
-6.748150619e-15
-8.070150632e-15
-8.045363303e-15
-7.4995683e-15
-8.564178036e-15
-9.630455881e-15
-9.009498102e-15
-9.274559563e-15
-1.022933764e-14
-1.046723793e-14
-1.213057199e-14
-1.041273206e-14
-9.759491174e-15
-1.002607402e-14
-8.503516476e-15
-9.221303624e-15
-8.024285253e-15
-9.021559203e-15
-1.036784439e-14
-1.044031798e-14
-1.008454969e-14
-1.11142235e-14
-1.299411702e-14
-1.32240486e-14
-1.150612736e-14
-8.875605966e-15
-1.070312691e-14
-1.415434562e-14
-1.188755611e-14
-1.095338134e-14
-1.212164623e-14
-1.18179499e-14
-1.177314165e-14
-8.966608878e-15
-1.139364475e-14
-1.403595702e-14
-1.0653091e-14
-1.19519577e-14
-1.360805519e-14
-1.011632663e-14
-9.515719061e-15
-8.225348062e-15
-1.027717649e-14
-1.058623199e-14
-1.006534663e-14
-9.957731481e-15
-9.217056322e-15
-1.066710511e-14
-9.753104519e-15
-9.452989024e-15
-7.992752675e-15
-7.764825359e-15
-9.54046037e-15
-7.044490192e-15
-8.949650589e-15
-1.043999762e-14
-9.275768779e-15
-7.46234209e-15
-3.902965557e-15
-6.285240975e-15
-7.959787005e-15
-3.598847758e-15
-5.242272517e-15
-7.635594184e-15
-4.584259985e-15
-3.895073164e-15
-1.996177103e-15
-4.05169952e-15
-5.48646621e-15
-3.561230337e-15
-1.398673215e-15
-2.944872735e-15
-5.245222241e-15
-3.708141124e-15
-3.939744631e-15
-2.436948049e-15
-3.283625795e-15
-4.165511133e-15
-2.137662273e-15
-2.748430066e-15
-4.436258942e-15
-3.133650832e-15
-3.088030519e-15
-2.666795946e-15
-1.879803437e-15
-3.611450385e-16
-3.732439021e-16
-1.185204296e-16
1.180406298e-16
4.355133235e-16
7.07333155e-16
6.244687091e-16
4.674313915e-16
5.447366557e-16
3.781205688e-16
1.312241783e-15
7.637439861e-16
7.469867352e-16
-5.093510431e-17
-1.24618957e-15
-2.263332215e-16
-8.083879311e-16
-3.22401938e-16
-4.386705596e-17
-1.082027277e-15
-1.574956234e-15
-1.990607132e-15
-1.745097885e-15
-8.423858528e-16
-7.069120195e-16
-1.096643783e-15
-5.213107558e-16
1.41970619e-16
4.674470254e-16
-4.932299335e-16
-7.268826338e-16
-1.135381888e-15
-5.457729129e-16
-1.014607975e-15
-6.550647906e-16
-9.148110952e-16
-7.679479676e-16
-4.73031005e-16
-1.837974456e-15
4.310882855e-16
3.070456746e-16
-1.554126023e-15
-1.766137937e-15
-2.166482579e-15
-2.099145953e-15
-2.297021713e-15
-1.310030239e-15
-1.048209097e-15
-1.189836177e-15
-1.602588461e-15
-1.588759686e-15
-1.342904744e-15
-2.15936031e-15
-1.005248176e-15
-2.576215638e-16
-8.302821368e-16
-3.787245509e-16
5.928801334e-16
2.116602508e-16
-2.077595148e-15
-1.10686836e-15
-7.02347898e-16
-1.370459503e-15
-7.011504098e-16
-1.286024434e-15
-1.406683754e-15
-8.239022386e-16
-2.502564963e-15
-8.058474636e-16
-9.069466079e-16
-2.327295243e-15
-1.935614933e-15
-1.337168523e-15
-2.139394734e-15
-3.635134264e-15
-2.435344278e-15
-1.988771968e-15
-1.620983675e-15
-2.760139518e-15
-3.973325108e-15
-3.497200722e-15
-2.31818076e-15
-1.776802133e-15
-2.800231254e-15
-3.315627311e-15
-3.649688989e-15
-2.84241077e-15
-1.752079864e-15
-1.744609622e-15
-2.933984688e-15
-3.955388342e-15
-3.271586337e-15
-3.091499739e-15
-2.726488641e-15
-3.464227226e-15
-3.539188652e-15
-4.261424062e-15
-4.058499418e-15
-3.936733471e-15
-4.825258763e-15
-4.192171034e-15
-3.633092244e-15
-4.037533194e-15
-5.879043192e-15
-7.00104623e-15
-6.589548323e-15
-7.633869125e-15
-8.815653159e-15
-9.19721307e-15
-7.972761491e-15
-6.510106336e-15
-6.551843728e-15
-8.091881886e-15
-8.69713097e-15
-6.535219372e-15
-6.993135761e-15
-8.09590882e-15
-7.18138209e-15
-7.118919205e-15
-8.53003224e-15
-1.002416596e-14
-9.393199238e-15
-9.477306783e-15
-1.011992977e-14
-1.002754953e-14
-1.168601877e-14
-1.082908231e-14
-9.748828155e-15
-9.683252304e-15
-8.479487108e-15
-9.210435817e-15
-8.216499231e-15
-9.512069737e-15
-9.971537735e-15
-1.010646692e-14
-1.001032982e-14
-1.105115513e-14
-1.29181149e-14
-1.29360441e-14
-1.171705242e-14
-9.206407083e-15
-1.093886052e-14
-1.408378937e-14
-1.212305484e-14
-1.130799735e-14
-1.195911959e-14
-1.144709509e-14
-1.166421408e-14
-9.458412098e-15
-1.168633554e-14
-1.361088919e-14
-1.075857361e-14
-1.152484986e-14
-1.294487684e-14
-1.011511204e-14
-9.575249188e-15
-8.340152545e-15
-1.061470885e-14
-1.080063534e-14
-1.008940854e-14
-9.727648397e-15
-9.100291187e-15
-1.046031102e-14
-9.855484613e-15
-9.79369605e-15
-7.784001864e-15
-8.035350565e-15
-9.778172204e-15
-6.712505816e-15
-8.657084689e-15
-1.038631959e-14
-8.622877022e-15
-7.324713915e-15
-3.983469493e-15
-6.647488634e-15
-8.193939237e-15
-3.722934467e-15
-5.440758468e-15
-7.179640785e-15
-4.491062854e-15
-4.047449373e-15
-2.148024846e-15
-4.24845212e-15
-5.512579051e-15
-3.200151672e-15
-1.650437697e-15
-3.433038125e-15
-5.179706244e-15
-3.852214555e-15
-3.760962067e-15
-2.174737473e-15
-3.394691117e-15
-3.663776699e-15
-2.532248797e-15
-3.321294093e-15
-3.660407159e-15
-2.667892562e-15
-3.894855946e-15
-2.792242307e-15
-1.810267007e-15
-4.811331325e-16
-7.590277093e-16
2.306265596e-17
3.632944657e-16
-3.929207872e-17
7.417936926e-16
7.635010699e-16
7.387563061e-17
8.121677834e-16
1.000359288e-15
9.334367607e-16
1.363867177e-16
1.005320712e-15
6.929598965e-17
-9.741363566e-16
-1.225324844e-16
-9.343414424e-16
-9.964689771e-17
-6.804603344e-17
-1.592710861e-15
-1.548885238e-15
-1.620576055e-15
-1.530953796e-15
-7.598873999e-16
-6.210477356e-16
-1.30777513e-15
-4.582790283e-16
5.753412921e-16
1.699158679e-16
-6.265177067e-16
-7.539581867e-16
-1.522960092e-15
-5.328365161e-16
-1.024584139e-15
-6.591571778e-16
-5.740791718e-16
-7.246257766e-16
-4.402898406e-16
-1.382945841e-15
-2.214166202e-16
-1.7404485e-16
-1.235376495e-15
-1.755204002e-15
-1.827311571e-15
-1.774403617e-15
-2.265946792e-15
-1.489621834e-15
-1.351206871e-15
-1.284683574e-15
-2.259719018e-15
-1.620853338e-15
-7.088946274e-16
-1.679310581e-15
-1.771114894e-15
-5.180740009e-16
-4.29432987e-16
-6.489639187e-16
6.48621691e-16
1.330358853e-16
-2.200883702e-15
-9.882468357e-16
-8.129378786e-16
-1.306475786e-15
-5.084503396e-16
-1.106673051e-15
-9.341478093e-16
-8.737889579e-16
-2.994940138e-15
-1.205840003e-15
-1.198408332e-15
-2.06028822e-15
-1.586898317e-15
-1.289235674e-15
-1.977027859e-15
-3.713622653e-15
-2.773116174e-15
-1.823719663e-15
-1.897858122e-15
-2.96501264e-15
-3.503754151e-15
-3.4290743e-15
-2.817989598e-15
-1.569287126e-15
-2.697270658e-15
-2.887819837e-15
-2.996311862e-15
-3.116617336e-15
-2.27774352e-15
-1.761326354e-15
-2.836274833e-15
-3.803807155e-15
-3.611386301e-15
-3.819049186e-15
-2.758251099e-15
-2.78832394e-15
-3.146914428e-15
-4.584005253e-15
-4.316263478e-15
-3.841446669e-15
-4.472745781e-15
-4.04604342e-15
-3.890682009e-15
-4.493750629e-15
-5.874551017e-15
-6.967958321e-15
-6.701269463e-15
-7.525139973e-15
-8.251656323e-15
-8.842492301e-15
-8.47538367e-15
-6.807319388e-15
-6.590930521e-15
-7.729249176e-15
-8.623964759e-15
-7.177123311e-15
-7.076130131e-15
-7.597918994e-15
-7.054144806e-15
-6.898250633e-15
-8.663734417e-15
-1.051704273e-14
-9.53072902e-15
-9.732356878e-15
-9.78114251e-15
-9.448288978e-15
-1.134790344e-14
-1.084906295e-14
-9.844356465e-15
-9.906268983e-15
-8.565625878e-15
-8.711330155e-15
-8.5645656e-15
-1.014230069e-14
-9.74505614e-15
-9.869829856e-15
-1.019272761e-14
-1.109758596e-14
-1.270204567e-14
-1.258246769e-14
-1.18251954e-14
-9.630681596e-15
-1.1043436e-14
-1.355520453e-14
-1.233553856e-14
-1.192275961e-14
-1.204228269e-14
-1.109615122e-14
-1.148764594e-14
-1.016396431e-14
-1.181462676e-14
-1.299435917e-14
-1.084791839e-14
-1.166586392e-14
-1.241058978e-14
-9.952722616e-15
-9.583015775e-15
-8.870852536e-15
-1.049739268e-14
-1.059455411e-14
-1.024770828e-14
-9.737188003e-15
-9.124868274e-15
-1.027702461e-14
-9.767993806e-15
-9.927298757e-15
-7.789899029e-15
-8.361518952e-15
-9.448048406e-15
-6.432279716e-15
-8.515215016e-15
-1.024845185e-14
-8.38741864e-15
-7.163408902e-15
-4.740945324e-15
-7.017787246e-15
-7.727423875e-15
-4.120981617e-15
-5.716138318e-15
-6.836673696e-15
-4.55474005e-15
-4.188580605e-15
-2.071975448e-15
-3.871533405e-15
-5.423382907e-15
-3.049242108e-15
-1.802730294e-15
-3.935747882e-15
-5.053695661e-15
-3.968129215e-15
-4.047513369e-15
-2.14130738e-15
-2.73860971e-15
-3.222768605e-15
-2.986865113e-15
-3.76507022e-15
-2.676701341e-15
-2.673768194e-15
-3.249042809e-15
-2.556250434e-15
-2.003613474e-15
-3.111597993e-16
-6.665786249e-16
-5.024068458e-17
3.65761967e-16
4.213524524e-16
7.79995968e-16
3.376326294e-16
1.310380576e-16
1.086360733e-15
9.806387353e-16
1.992287227e-16
1.818967385e-16
1.389434823e-15
2.07704321e-16
-1.11531562e-15
-1.983404057e-16
-8.666059527e-16
1.173585304e-16
2.732866419e-16
-1.789183831e-15
-2.131121715e-15
-1.879766227e-15
-9.710865607e-16
-5.422844748e-16
-8.252583111e-16
-1.209465586e-15
-4.12009644e-16
4.308660972e-16
2.093568458e-16
-3.525312135e-16
-8.542970075e-16
-1.512987539e-15
-8.728879181e-16
-1.224313582e-15
-5.656733312e-16
4.349943877e-17
-2.197343126e-16
-1.095376049e-15
-1.394777092e-15
-1.933867083e-16
-6.905157141e-16
-1.386290134e-15
-1.921412424e-15
-1.440128453e-15
-1.389136347e-15
-2.262288633e-15
-1.613240951e-15
-1.287626162e-15
-1.274661777e-15
-2.224746726e-15
-1.67409129e-15
-7.681762836e-16
-2.048024501e-15
-1.724644128e-15
1.590590012e-16
-3.108229616e-16
-5.116073037e-16
3.741241799e-17
1.686555978e-16
-1.779293896e-15
-1.351886156e-15
-7.883061637e-16
-1.234049576e-15
-6.058751668e-16
-1.629205831e-15
-8.937198432e-16
-7.24331694e-16
-3.221180777e-15
-1.232816729e-15
-9.30608748e-16
-1.594406806e-15
-2.21029416e-15
-1.95053555e-15
-1.538493732e-15
-3.301229314e-15
-2.866619889e-15
-1.52206705e-15
-1.895637797e-15
-3.08162758e-15
-3.329377213e-15
-3.837141765e-15
-2.763631557e-15
-1.246664294e-15
-2.361346688e-15
-2.585861069e-15
-3.062136273e-15
-3.024943654e-15
-2.393331625e-15
-2.631062928e-15
-3.646157458e-15
-3.491206809e-15
-2.912908372e-15
-3.935177495e-15
-2.622544572e-15
-2.387568674e-15
-3.798979059e-15
-4.753329591e-15
-3.734879408e-15
-3.852696519e-15
-4.729278457e-15
-4.171089396e-15
-3.760971049e-15
-4.200416115e-15
-6.103942148e-15
-7.028993058e-15
-6.570217727e-15
-7.552129114e-15
-8.636672376e-15
-8.645524138e-15
-7.979209274e-15
-6.833341971e-15
-6.84642535e-15
-8.162448075e-15
-8.543800558e-15
-6.81285518e-15
-7.062353835e-15
-8.226935955e-15
-7.289127492e-15
-6.67840013e-15
-8.185580175e-15
-1.017311144e-14
-9.720475334e-15
-9.559068548e-15
-1.014188636e-14
-9.815647949e-15
-1.103385709e-14
-1.059229524e-14
-9.783497574e-15
-9.994618672e-15
-8.846862695e-15
-8.406515088e-15
-8.636427898e-15
-1.119872247e-14
-1.012670992e-14
-9.183506456e-15
-9.923164254e-15
-1.065942733e-14
-1.255728037e-14
-1.265936776e-14
-1.120795612e-14
-1.03437551e-14
-1.208778643e-14
-1.323451596e-14
-1.170485329e-14
-1.175025608e-14
-1.114703288e-14
-1.163220814e-14
-1.21800123e-14
-9.970423679e-15
-1.220332885e-14
-1.296809739e-14
-1.021229959e-14
-1.149257916e-14
-1.220659312e-14
-9.925730211e-15
-9.43885553e-15
-9.58062154e-15
-1.123405654e-14
-1.052139259e-14
-9.961824964e-15
-9.784990441e-15
-8.798688255e-15
-1.047346145e-14
-1.008683243e-14
-8.854554007e-15
-7.54093516e-15
-9.232545769e-15
-9.732391305e-15
-6.870857525e-15
-8.421128498e-15
-9.426119348e-15
-7.855952048e-15
-6.991885897e-15
-5.215932491e-15
-7.69213648e-15
-7.861501911e-15
-4.398900992e-15
-5.774428336e-15
-6.58511919e-15
-4.072720633e-15
-3.699898407e-15
-3.093757075e-15
-4.244462495e-15
-4.56223119e-15
-2.78115074e-15
-2.064252317e-15
-3.465669907e-15
-5.090659026e-15
-4.334422744e-15
-3.681144557e-15
-2.310402248e-15
-3.163246204e-15
-4.072721771e-15
-2.46617617e-15
-2.624348985e-15
-3.27214903e-15
-3.763093574e-15
-2.00838363e-15
-2.787443986e-15
-2.266857001e-15
-3.993765493e-16
-3.012706442e-16
3.87689784e-16
1.769260862e-16
9.663046146e-16
1.276375873e-15
-9.89880687e-17
3.660990904e-16
3.883985577e-16
2.40843161e-16
2.206829602e-16
5.555771633e-16
1.499665019e-15
-3.531213399e-17
-8.65516283e-16
-1.202357862e-16
-9.374514555e-16
-3.198972252e-16
2.843509462e-16
-1.722142676e-15
-1.794707883e-15
-1.384414617e-15
-1.273909294e-15
-1.398377965e-15
-1.217377409e-15
-6.209347374e-16
-2.818788408e-16
1.539778773e-16
1.279505141e-16
-2.891400283e-16
-9.303354347e-16
-9.247203346e-16
-1.285459398e-15
-1.481572106e-15
-2.915393063e-16
1.554947168e-16
-2.268182703e-16
-7.643183754e-16
-1.501618977e-15
-1.439925295e-15
-7.45871044e-16
-7.591891396e-16
-1.627865207e-15
-1.707937436e-15
-1.223433873e-15
-2.025696591e-15
-1.819013255e-15
-7.117803106e-16
-9.810051075e-16
-2.444328841e-15
-1.885237314e-15
-8.016938778e-16
-2.198175655e-15
-1.589589205e-15
7.568197799e-16
-2.867525454e-16
-5.314812735e-16
-2.861228049e-16
-6.653195532e-16
-1.262801674e-15
-9.469261338e-16
-9.081624635e-16
-8.862882508e-16
-1.012345474e-15
-2.25142462e-15
-9.066801998e-16
-6.009768458e-16
-2.797310362e-15
-1.244961714e-15
-8.993754318e-16
-1.763296561e-15
-2.145832809e-15
-1.990330361e-15
-2.137577842e-15
-2.891492152e-15
-2.694360159e-15
-1.406879925e-15
-2.112067422e-15
-3.202265517e-15
-3.028873348e-15
-3.5507788e-15
-2.467878841e-15
-1.935751797e-15
-2.919040895e-15
-2.765540808e-15
-3.043950519e-15
-2.929493035e-15
-2.342672358e-15
-2.817889649e-15
-3.387303954e-15
-3.110765428e-15
-2.683449464e-15
-3.297506115e-15
-2.585629145e-15
-2.900776118e-15
-4.033562354e-15
-5.218514169e-15
-3.882580135e-15
-3.152311494e-15
-4.870404679e-15
-5.141888512e-15
-3.566894325e-15
-3.95185633e-15
-6.372788135e-15
-7.295351618e-15
-6.302682625e-15
-6.788420743e-15
-8.649502238e-15
-8.733927618e-15
-8.43796939e-15
-6.606643386e-15
-6.322241653e-15
-8.247331093e-15
-9.27172577e-15
-6.933077683e-15
-6.031614709e-15
-8.052712996e-15
-8.56407656e-15
-7.089392093e-15
-7.695933436e-15
-9.74036931e-15
-1.018723451e-14
-9.241736123e-15
-9.280337617e-15
-1.039804931e-14
-1.193096004e-14
-1.036048661e-14
-8.802420293e-15
-9.449470773e-15
-9.802830796e-15
-8.573522533e-15
-8.070680662e-15
-1.112186039e-14
-1.03972909e-14
-9.823645082e-15
-9.633225693e-15
-1.05669663e-14
-1.262929474e-14
-1.219160926e-14
-1.065562535e-14
-1.101857806e-14
-1.297766869e-14
-1.2462892e-14
-1.105603828e-14
-1.213657143e-14
-1.15598835e-14
-1.091893121e-14
-1.08405945e-14
-1.092976598e-14
-1.349910508e-14
-1.319143512e-14
-1.019814616e-14
-1.050784692e-14
-1.136720559e-14
-1.090746187e-14
-9.640971047e-15
-9.377964071e-15
-1.131475367e-14
-1.102374925e-14
-1.058144723e-14
-9.044908454e-15
-8.30441314e-15
-1.010136968e-14
-1.018244547e-14
-8.710213588e-15
-7.652211505e-15
-9.764696678e-15
-9.230550597e-15
-7.280505627e-15
-8.784650792e-15
-8.712061083e-15
-8.248992167e-15
-6.69275443e-15
-5.341536895e-15
-7.319177944e-15
-7.080350486e-15
-5.419689613e-15
-5.831628388e-15
-5.906917093e-15
-4.842159318e-15
-3.567051145e-15
-3.13850403e-15
-4.908277813e-15
-4.024889129e-15
-3.561333591e-15
-2.221860687e-15
-2.686648932e-15
-4.765704676e-15
-5.05336278e-15
-3.046034543e-15
-2.003080439e-15
-3.950091284e-15
-4.380118942e-15
-2.413203008e-15
-2.281311018e-15
-3.819179617e-15
-3.710069305e-15
-1.615812924e-15
-2.195617767e-15
-2.768611724e-15
-9.57401536e-16
-1.252900652e-16
8.776431457e-16
-4.193312701e-16
-1.883170575e-16
1.94494121e-15
1.459540256e-16
1.868811422e-16
1.122965606e-15
3.571557316e-16
-2.678394698e-16
5.080827251e-16
1.455833422e-15
-8.453757389e-16
1.644193335e-16
3.79423278e-16
-1.515057744e-15
-2.158231856e-16
4.972634806e-16
-2.57011305e-15
-1.787721618e-15
-2.898713304e-16
-1.242736877e-15
-1.515638545e-15
-1.720777096e-15
-8.739378999e-17
1.667295604e-16
1.467452134e-16
8.560313739e-17
-1.214691159e-15
-1.446219994e-15
-2.631888189e-16
-7.203291456e-16
-1.202931545e-15
-5.675336817e-16
-8.741023974e-16
-7.886372441e-16
3.537676533e-16
-8.23524127e-16
-2.284714738e-15
-3.942512138e-16
-7.355347052e-16
-2.101014962e-15
-2.101763633e-15
-9.961019302e-16
-1.58212993e-15
-1.863301937e-15
-6.511817263e-16
-1.12790053e-15
-2.524816217e-15
-2.018312474e-15
-8.529235732e-16
-2.334930276e-15
-1.287558891e-15
8.564527551e-16
-3.178812817e-16
-5.026390774e-16
-3.484754145e-16
-1.018167614e-15
-9.99079484e-16
-4.831059998e-16
-9.194980509e-16
-1.059726486e-15
-1.571724165e-15
-2.619778577e-15
-6.600254835e-16
-2.947279588e-16
-2.336995416e-15
-1.494577034e-15
-1.369680433e-15
-1.653808321e-15
-1.227575925e-15
-2.594630261e-15
-3.257246753e-15
-1.402766277e-15
-1.522339042e-15
-2.112240361e-15
-3.546636318e-15
-3.260710411e-15
-1.727882958e-15
-2.864465247e-15
-2.939823893e-15
-2.914982108e-15
-3.396818862e-15
-2.74932686e-15
-2.575658095e-15
-3.166477992e-15
-2.881378957e-15
-2.327633013e-15
-2.657301946e-15
-3.193511861e-15
-3.000054277e-15
-2.495900151e-15
-2.816904969e-15
-3.433457368e-15
-3.764879717e-15
-5.061595969e-15
-4.550795399e-15
-3.38370102e-15
-3.936538184e-15
-4.898026669e-15
-4.357924679e-15
-4.740001458e-15
-5.682727869e-15
-6.799470967e-15
-6.959885778e-15
-6.774437809e-15
-7.744610535e-15
-8.793841581e-15
-8.940416223e-15
-6.522404278e-15
-6.169127244e-15
-7.415907527e-15
-9.319980449e-15
-8.038643473e-15
-5.629982187e-15
-6.810086308e-15
-9.141369405e-15
-8.060869269e-15
-7.490449917e-15
-9.47367884e-15
-1.065571953e-14
-9.47192998e-15
-8.689596711e-15
-1.102649022e-14
-1.213323095e-14
-9.651834637e-15
-8.580389817e-15
-8.837437686e-15
-1.006167149e-14
-8.638628093e-15
-8.667612636e-15
-1.103540264e-14
-1.093282471e-14
-1.005621186e-14
-8.877591974e-15
-1.097734737e-14
-1.187577626e-14
-1.149169223e-14
-1.064031838e-14
-1.166670171e-14
-1.332074637e-14
-1.180156005e-14
-1.157159868e-14
-1.175718614e-14
-1.157317177e-14
-1.073363873e-14
-9.934197756e-15
-1.237852265e-14
-1.384373534e-14
-1.248377466e-14
-1.082379832e-14
-9.874329581e-15
-1.057334955e-14
-1.172251292e-14
-1.011375678e-14
-9.450422536e-15
-1.091854059e-14
-1.19543055e-14
-1.097515758e-14
-8.366414271e-15
-8.039845817e-15
-9.990224573e-15
-1.014269356e-14
-7.796314156e-15
-8.486952322e-15
-9.587176021e-15
-8.644782107e-15
-8.934638788e-15
-8.609770955e-15
-8.298600774e-15
-8.557394291e-15
-5.276446744e-15
-6.671322044e-15
-7.928300942e-15
-5.792300168e-15
-6.540136714e-15
-5.717205411e-15
-4.947256841e-15
-5.130299161e-15
-2.460481046e-15
-3.829030568e-15
-5.354024752e-15
-3.862373728e-15
-4.012436827e-15
-2.423122739e-15
-3.178344988e-15
-3.761908526e-15
-4.048880599e-15
-3.473762606e-15
-2.758265683e-15
-3.946187864e-15
-3.964904677e-15
-2.652787827e-15
-2.043415294e-15
-3.823273132e-15
-4.397750689e-15
-1.534742612e-15
-2.333229698e-15
-2.359780167e-15
-2.792650028e-17
5.733243313e-16
1.861010246e-15
-6.466971042e-16
-1.398105286e-15
1.814858657e-15
1.473958115e-16
-5.376967788e-16
1.721707897e-15
5.874655725e-16
-1.156222191e-15
1.587517144e-15
1.618148191e-15
-7.066374931e-16
6.215043795e-16
7.231981156e-17
-2.177278754e-15
-9.842406858e-16
8.338308308e-16
-2.719446139e-15
-2.353911334e-15
-7.204156287e-17
-5.47435759e-16
-7.546064588e-16
-1.615145674e-15
-2.82271677e-16
8.277918299e-16
8.836234383e-16
-7.780670766e-16
-2.039969109e-15
-1.808523776e-15
4.504380687e-17
5.30585787e-16
-1.17608518e-15
-1.898168024e-15
-7.790937855e-16
-7.786025273e-16
6.0611091e-17
2.92370713e-16
-2.024587807e-15
-8.054541413e-16
-3.62227573e-16
-2.449731168e-15
-2.796985263e-15
-8.206306725e-16
-1.483605688e-15
-1.213235376e-15
-9.57202217e-16
-1.998695963e-15
-2.114666412e-15
-2.113396337e-15
-1.555023585e-15
-1.539748397e-15
-6.949793096e-16
1.805196094e-17
-4.574718758e-16
-5.375365694e-16
-6.044878458e-16
-2.302354141e-16
-5.626678859e-16
-1.075910575e-15
-9.891541783e-16
-1.255219569e-15
-2.571262545e-15
-1.842241605e-15
1.035034089e-16
-4.339591123e-16
-9.061403249e-16
-1.635180921e-15
-3.124396246e-15
-1.236284498e-15
-7.309592333e-17
-2.836876432e-15
-4.764125411e-15
-2.064640881e-15
3.094077417e-17
-2.575914558e-15
-4.827391085e-15
-2.692014099e-15
-1.376878302e-15
-3.243886608e-15
-1.758627896e-15
-3.640631818e-15
-3.753039258e-15
-1.817991005e-15
-2.718095251e-15
-3.76490963e-15
-2.690658638e-15
-1.013731895e-15
-2.595047004e-15
-4.910621472e-15
-3.96666616e-15
-9.616180715e-16
-3.143214668e-15
-4.143341051e-15
-2.744142307e-15
-4.815633504e-15
-5.758525125e-15
-3.950619569e-15
-2.006912769e-15
-3.550140427e-15
-6.263658859e-15
-6.70037399e-15
-3.819327774e-15
-4.838661976e-15
-8.666887367e-15
-7.569305568e-15
-7.630496128e-15
-7.607049913e-15
-7.76779258e-15
-8.211038895e-15
-7.113899827e-15
-6.70538076e-15
-8.39116342e-15
-8.7697692e-15
-6.512436272e-15
-5.998076569e-15
-8.329349344e-15
-8.929520448e-15
-7.233861332e-15
-7.605095537e-15
-1.07749867e-14
-1.133137462e-14
-9.728072336e-15
-1.141958085e-14
-1.062168142e-14
-9.146495012e-15
-8.976505534e-15
-8.143246147e-15
-1.019986681e-14
-8.583481501e-15
-1.011382652e-14
-1.077232118e-14
-1.02664648e-14
-1.058637896e-14
-1.053580665e-14
-1.073839573e-14
-9.767421027e-15
-1.054694402e-14
-1.050685538e-14
-1.365058461e-14
-1.375162759e-14
-1.092706951e-14
-1.211818608e-14
-1.106078135e-14
-1.053916476e-14
-1.120880581e-14
-1.130636655e-14
-1.461565771e-14
-1.278142858e-14
-9.524544894e-15
-1.245000432e-14
-1.070411651e-14
-8.690940793e-15
-1.069894402e-14
-1.099093586e-14
-1.12730286e-14
-9.786480909e-15
-1.149218458e-14
-1.144633653e-14
-8.774313764e-15
-7.94628201e-15
-1.001644944e-14
-1.01775519e-14
-6.977333556e-15
-9.729860015e-15
-8.841465875e-15
-7.521126179e-15
-1.167789939e-14
-8.12196864e-15
-7.326666559e-15
-7.797197352e-15
-4.209206006e-15
-8.929521612e-15
-7.831835852e-15
-5.023007501e-15
-9.783004219e-15
-5.110556154e-15
-2.679521368e-15
-4.156060323e-15
-1.513858397e-15
-7.213816773e-15
-5.089134066e-15
-4.817260545e-16
-4.132867314e-15
-5.576526786e-15
-3.28745637e-15
-1.607478203e-15
-3.059600979e-15
-4.442806608e-15
-5.311022717e-15
-2.742425085e-15
-2.212949981e-15
-2.716803309e-15
-2.170956057e-15
-5.357612205e-15
-5.480804391e-15
)
;

boundaryField
{
    inlet
    {
        type            cyclic;
    }
    outlet
    {
        type            cyclic;
    }
    topWall
    {
        type            zeroGradient;
    }
    bottomWall
    {
        type            zeroGradient;
    }
    frontAndBack
    {
        type            empty;
    }
}


// ************************************************************************* //
