/*--------------------------------*- C++ -*----------------------------------*\
  =========                 |
  \\      /  F ield         | OpenFOAM: The Open Source CFD Toolbox
   \\    /   O peration     | Website:  https://openfoam.org
    \\  /    A nd           | Version:  10
     \\/     M anipulation  |
\*---------------------------------------------------------------------------*/
FoamFile
{
    format      ascii;
    class       volScalarField;
    location    "4500";
    object      p;
}
// * * * * * * * * * * * * * * * * * * * * * * * * * * * * * * * * * * * * * //

dimensions      [0 2 -2 0 0 0 0];

internalField   nonuniform List<scalar> 
4000
(
5.232566533e-16
9.528109484e-16
2.592113709e-15
3.84114641e-15
5.011075204e-15
5.430986623e-15
5.405137804e-15
5.35517744e-15
6.117878876e-15
6.501098829e-15
6.469127918e-15
6.549944232e-15
6.783050201e-15
6.539672999e-15
6.412169697e-15
6.941958605e-15
7.261875477e-15
7.27199802e-15
7.327350391e-15
7.49488949e-15
7.287675964e-15
8.137396765e-15
8.327294134e-15
7.07218786e-15
6.695124566e-15
7.27234464e-15
7.875016067e-15
7.748899633e-15
8.07552541e-15
8.95971207e-15
8.87914745e-15
9.49955629e-15
9.730960736e-15
9.491425127e-15
1.013067632e-14
9.88474108e-15
1.009167801e-14
9.651473654e-15
8.934107865e-15
8.483862423e-15
8.17740586e-15
8.88840038e-15
9.28329711e-15
1.026389076e-14
9.414261659e-15
9.548499552e-15
9.728085893e-15
8.935516753e-15
9.359401438e-15
8.858492523e-15
8.99035616e-15
1.010666577e-14
9.700413257e-15
9.354150169e-15
1.006103778e-14
1.026771828e-14
9.786653692e-15
1.079693853e-14
1.029342433e-14
1.024797732e-14
1.118518881e-14
1.068225893e-14
1.081314121e-14
1.150281258e-14
1.11322406e-14
1.014476663e-14
1.038921621e-14
9.903947903e-15
9.228458801e-15
1.030676997e-14
1.148658873e-14
9.885923904e-15
8.948308305e-15
1.112192403e-14
1.106061466e-14
8.696791717e-15
8.374423662e-15
9.63002159e-15
1.12050185e-14
9.347939314e-15
8.870247833e-15
1.052485591e-14
1.011063357e-14
9.305508455e-15
9.21192834e-15
9.606061284e-15
1.079714705e-14
1.141945768e-14
1.099776309e-14
9.493371251e-15
9.206902871e-15
1.140685446e-14
1.143120649e-14
9.456459677e-15
1.00878127e-14
1.107167173e-14
9.339917038e-15
1.003396114e-14
1.23550212e-14
1.185891586e-14
9.354811408e-15
9.030389108e-15
1.030321897e-14
1.013193833e-14
9.210326924e-15
8.483225031e-15
9.756056152e-15
1.002201403e-14
7.507752278e-15
6.116067254e-15
8.235823956e-15
8.666399691e-15
6.323457128e-15
6.205081181e-15
6.602500573e-15
7.653440325e-15
8.431845997e-15
5.808432583e-15
4.876340133e-15
7.487273663e-15
8.29518993e-15
5.815603977e-15
4.021539667e-15
4.547344052e-15
4.017759934e-15
3.906097131e-15
4.04769141e-15
5.058932791e-15
5.563714427e-15
2.657444031e-15
3.818313807e-15
5.002044136e-15
4.074686547e-15
5.387686845e-15
4.331242095e-15
3.926104936e-15
4.846424256e-15
3.77706376e-15
2.76045778e-15
3.67152602e-15
5.338512219e-15
4.748825979e-15
2.950535753e-15
1.39272867e-15
1.662512625e-15
1.892445494e-15
4.512255089e-16
2.178158066e-15
3.376540114e-15
1.239708291e-15
2.480099933e-16
-9.104752528e-16
1.077913633e-15
2.822764824e-15
-7.622817765e-16
6.640167037e-16
3.837717258e-15
3.288521002e-15
2.174973678e-15
-3.831362946e-16
8.437475873e-16
3.352218078e-15
2.443410645e-15
1.443965478e-15
2.448674094e-15
3.265756745e-15
2.339624771e-15
1.946235051e-15
3.665800339e-16
4.161737584e-16
3.001121931e-15
1.8795141e-15
7.62273454e-16
4.414169878e-15
2.461210062e-15
3.42841406e-15
3.770072067e-15
2.536206509e-15
5.745197717e-15
1.872087958e-15
2.840659681e-15
5.860049242e-15
3.353738369e-15
4.441212971e-15
2.650837861e-15
1.072714031e-15
4.879527092e-15
2.273814118e-15
1.216333403e-15
4.814771352e-15
4.743637349e-15
2.653985205e-15
3.153092292e-15
1.927005324e-15
-1.146467179e-17
1.884204658e-15
1.712159322e-15
2.412976444e-15
4.953923127e-15
2.538089376e-15
9.336761957e-16
1.174849024e-15
2.765366003e-15
3.907572617e-15
5.159294897e-15
5.606074973e-15
5.391754919e-15
5.285780598e-15
6.083193389e-15
6.745880607e-15
6.506179955e-15
6.473937249e-15
6.829806518e-15
6.432377707e-15
6.342932098e-15
6.845242333e-15
7.219708104e-15
7.173915233e-15
7.338142608e-15
7.616656846e-15
7.4191823e-15
8.052467512e-15
8.094070406e-15
6.971834736e-15
7.029643745e-15
7.458473869e-15
7.621001503e-15
7.77622932e-15
8.277384213e-15
8.776540467e-15
8.772965091e-15
9.373356888e-15
9.785372953e-15
9.539327441e-15
1.003409177e-14
1.023699405e-14
9.833899727e-15
9.490385733e-15
8.854498771e-15
8.457207966e-15
8.657614951e-15
8.861404443e-15
9.228917424e-15
9.91936384e-15
9.642135106e-15
9.488735291e-15
9.505903873e-15
9.401306962e-15
9.091330152e-15
8.860552724e-15
9.231219168e-15
1.002872089e-14
9.721640274e-15
9.12277208e-15
9.701565607e-15
1.050609801e-14
1.030900623e-14
1.041549056e-14
1.041206817e-14
1.042041539e-14
1.096304324e-14
1.062802301e-14
1.078494043e-14
1.130312663e-14
1.101748531e-14
1.084500487e-14
1.031579096e-14
9.587176472e-15
9.44376857e-15
1.056455996e-14
1.081020868e-14
9.809111319e-15
1.003703939e-14
1.041954729e-14
1.040565262e-14
9.484734997e-15
8.691769505e-15
9.402432179e-15
1.010473702e-14
9.991939119e-15
9.45440223e-15
1.034165077e-14
1.003883778e-14
8.777679026e-15
9.763750586e-15
1.032667393e-14
1.035598895e-14
1.075432318e-14
1.044412572e-14
9.896513199e-15
1.051481266e-14
1.084321133e-14
1.040698006e-14
1.034164873e-14
1.024092574e-14
1.046204688e-14
9.826024215e-15
1.027719921e-14
1.131746006e-14
1.151425012e-14
1.0611234e-14
9.514091561e-15
9.606557547e-15
9.21814718e-15
9.929994123e-15
9.359698118e-15
9.301877982e-15
9.31789857e-15
7.496315512e-15
7.038815343e-15
7.064468122e-15
7.901223559e-15
7.640882028e-15
6.843466653e-15
6.853064683e-15
6.819957711e-15
7.801930589e-15
6.632008212e-15
5.629983486e-15
7.090605893e-15
7.657398809e-15
5.713754632e-15
4.629869139e-15
3.966452193e-15
4.261795727e-15
4.605824766e-15
3.834734291e-15
4.834008789e-15
4.502230642e-15
3.364211457e-15
3.946478498e-15
4.404618604e-15
4.990220561e-15
4.747944448e-15
4.547154481e-15
4.293885103e-15
4.153771223e-15
4.231150383e-15
3.246856431e-15
3.888391424e-15
4.765857428e-15
3.468338668e-15
2.95999574e-15
2.277998e-15
1.971534229e-15
2.758611934e-15
1.430823421e-15
6.773433866e-16
1.299389876e-15
1.839391339e-15
1.230414655e-15
-2.686451516e-17
3.191206371e-16
1.513973303e-15
1.418411479e-15
1.501904578e-15
2.204667847e-15
2.142966329e-15
1.463037309e-15
1.28636077e-15
2.288691913e-15
2.610657413e-15
1.603447641e-15
1.538758615e-15
3.390199175e-15
2.440736996e-15
1.71708162e-15
1.646610467e-15
1.117311992e-15
2.402815866e-15
2.091221806e-15
1.276003122e-15
1.197737284e-15
2.122944877e-15
3.183040742e-15
4.49484603e-15
3.649624964e-15
2.549108097e-15
4.230594196e-15
4.048423169e-15
3.062018427e-15
4.8383676e-15
4.33693809e-15
2.874642918e-15
2.678777328e-15
2.007934486e-15
3.726699663e-15
3.641079819e-15
2.373516505e-15
3.580720084e-15
3.376862165e-15
3.308566786e-15
3.174745639e-15
1.202885297e-15
1.107495583e-15
2.405577435e-15
1.87214258e-15
1.976354398e-15
3.460306474e-15
2.491977789e-15
2.131365518e-15
1.593854058e-15
2.847287262e-15
3.909377456e-15
5.471257388e-15
5.84385212e-15
5.36902681e-15
5.207435398e-15
5.975982899e-15
6.889114238e-15
6.533703497e-15
6.443220832e-15
7.017121996e-15
6.460791899e-15
6.147842098e-15
6.797435389e-15
7.18833312e-15
7.123364022e-15
7.392302023e-15
7.537567612e-15
7.523056074e-15
8.222057996e-15
7.861252552e-15
6.621185547e-15
7.151479393e-15
7.610672591e-15
7.59520956e-15
7.874329306e-15
8.327040934e-15
8.807140014e-15
8.628207925e-15
9.259319936e-15
9.680234221e-15
9.790903724e-15
1.000535846e-14
1.011738219e-14
9.777650551e-15
9.566481408e-15
8.939653144e-15
8.453077941e-15
8.688681331e-15
8.649236963e-15
9.30458287e-15
9.783669767e-15
9.901719368e-15
9.471204102e-15
9.325745362e-15
9.606242693e-15
9.047196884e-15
8.635179895e-15
9.295121418e-15
1.004754873e-14
9.662201665e-15
9.174984198e-15
9.665110767e-15
1.05311054e-14
1.027668347e-14
1.010221897e-14
1.08809963e-14
1.054884286e-14
1.068628474e-14
1.083007067e-14
1.083402785e-14
1.097656018e-14
1.112876601e-14
1.118336575e-14
9.9906262e-15
9.515528385e-15
9.964901434e-15
1.033507393e-14
1.020473356e-14
1.010437127e-14
1.058252886e-14
9.889155415e-15
9.642832411e-15
1.014932453e-14
9.243153495e-15
8.990412256e-15
9.565084743e-15
1.061692477e-14
9.699645843e-15
9.781567075e-15
9.770791643e-15
9.209391673e-15
1.024528647e-14
1.080104848e-14
9.720704924e-15
9.8928255e-15
1.067964543e-14
1.033696722e-14
1.097283406e-14
1.027573859e-14
1.003469294e-14
1.074080111e-14
1.004916804e-14
1.017517389e-14
1.015149637e-14
1.064902084e-14
1.081183993e-14
1.103489324e-14
1.121372086e-14
1.000379514e-14
9.57962988e-15
8.771391733e-15
9.712743657e-15
9.968719995e-15
9.099131036e-15
8.990112479e-15
7.737184303e-15
7.717938938e-15
6.426734995e-15
6.730455523e-15
8.444435139e-15
7.345446467e-15
6.733027494e-15
7.064871178e-15
6.91111538e-15
6.863569824e-15
6.930898697e-15
6.687679967e-15
6.915486792e-15
5.535016544e-15
4.998612134e-15
4.085779372e-15
4.46807119e-15
4.363250776e-15
3.717181077e-15
4.800966796e-15
3.80372626e-15
3.794557953e-15
4.599187608e-15
4.211889798e-15
4.656829334e-15
4.483994343e-15
4.649688495e-15
4.921144023e-15
3.738531484e-15
4.406365883e-15
4.167868295e-15
3.237282535e-15
3.748585293e-15
3.255229711e-15
3.36974834e-15
2.641435903e-15
2.549826805e-15
3.110118302e-15
1.590891305e-15
1.828108815e-16
1.674469874e-16
1.74406459e-15
1.348679812e-15
1.026288096e-15
6.68089033e-16
7.507514549e-16
1.890110571e-15
1.838830087e-15
1.213476511e-15
1.522572921e-15
1.39924578e-15
2.347281799e-15
3.209387512e-15
1.862987605e-15
1.454507155e-15
2.034102832e-15
2.603419221e-15
1.937182273e-15
1.554031346e-15
1.891666024e-15
2.504621294e-15
2.846356991e-15
1.138489211e-15
9.56662959e-16
2.608113111e-15
1.040028723e-15
1.673356485e-15
4.801801891e-15
4.210956356e-15
3.217107523e-15
3.379196278e-15
4.683429911e-15
3.743976974e-15
3.888816526e-15
5.145070468e-15
2.481137071e-15
2.185638322e-15
3.414241152e-15
2.770478069e-15
2.788046503e-15
3.277903192e-15
3.576450492e-15
2.836618412e-15
3.272407469e-15
3.06435091e-15
1.26118811e-15
2.066653527e-15
2.981323495e-15
1.08888884e-15
1.37058376e-15
2.265314977e-15
2.630186421e-15
2.84085259e-15
1.9444384e-15
2.9874993e-15
4.00765909e-15
5.460225076e-15
5.918665094e-15
5.637268187e-15
5.211529932e-15
6.053477941e-15
6.956251637e-15
6.430286138e-15
6.400970355e-15
6.888845557e-15
6.693648075e-15
6.270579413e-15
6.581050459e-15
7.263503261e-15
7.086601038e-15
7.404886129e-15
7.545954331e-15
7.584821111e-15
8.135383563e-15
8.016320855e-15
6.437798132e-15
7.114548588e-15
7.602370902e-15
7.614882825e-15
7.996536829e-15
8.180520958e-15
8.983332957e-15
8.605493316e-15
9.006083216e-15
9.332259242e-15
1.006653169e-14
1.008941268e-14
9.907058414e-15
9.848031349e-15
9.825985469e-15
9.070063456e-15
8.114524024e-15
8.387050752e-15
8.768927936e-15
9.508025563e-15
9.418033446e-15
9.985107436e-15
9.753029194e-15
9.457408395e-15
9.487327659e-15
8.826090268e-15
8.525748199e-15
9.316373642e-15
1.008149154e-14
9.932362356e-15
9.322469235e-15
9.737144798e-15
1.053775324e-14
9.96006934e-15
1.009762625e-14
1.096402918e-14
1.0625943e-14
1.074721155e-14
1.129477182e-14
1.085063319e-14
1.062599798e-14
1.121570924e-14
1.106062612e-14
9.724850641e-15
9.90814155e-15
1.009842386e-14
9.57938005e-15
1.030877093e-14
1.082840681e-14
1.038538312e-14
9.563781691e-15
9.39450539e-15
1.011277835e-14
9.802508949e-15
8.637329716e-15
9.509110162e-15
1.101447286e-14
9.93345708e-15
9.262281554e-15
9.513755979e-15
9.870711018e-15
1.028347396e-14
1.050118291e-14
9.87079604e-15
9.685871016e-15
1.074682125e-14
1.068958016e-14
1.062545221e-14
1.0143333e-14
1.041519454e-14
1.033842161e-14
9.681895915e-15
1.007966897e-14
1.085602879e-14
1.09749663e-14
1.037438282e-14
1.068119995e-14
1.145441248e-14
1.02163162e-14
9.558519785e-15
9.018026365e-15
9.112844295e-15
1.007846607e-14
9.332683591e-15
8.708817058e-15
8.07334364e-15
7.778772158e-15
6.361132049e-15
6.378333067e-15
8.416301421e-15
7.733903847e-15
6.672152697e-15
7.162470728e-15
6.518387598e-15
7.137238605e-15
7.851483688e-15
6.1897149e-15
6.167576177e-15
5.711426745e-15
5.396376559e-15
4.153946352e-15
4.168545247e-15
4.104685518e-15
4.183284399e-15
4.244418386e-15
3.859751949e-15
4.523042809e-15
4.767771738e-15
3.920885862e-15
3.872193127e-15
4.653006558e-15
5.064166065e-15
5.190908404e-15
3.704032932e-15
4.194324717e-15
4.52749125e-15
2.787156718e-15
2.690333901e-15
3.850730054e-15
3.917444422e-15
2.884915829e-15
3.158103803e-15
2.374562963e-15
1.296566884e-15
7.485312856e-16
2.152354371e-16
1.114900797e-15
1.12420362e-15
1.846029733e-15
8.467192867e-16
5.473405318e-16
2.023731779e-15
1.476639302e-15
3.994727425e-16
1.562084462e-15
2.029353677e-15
2.854387633e-15
3.032422262e-15
1.659266875e-15
1.86618097e-15
1.941728232e-15
1.094626349e-15
1.887400101e-15
2.847879726e-15
2.407580349e-15
2.864248919e-15
1.95362951e-15
9.763213423e-16
1.312189813e-15
2.582534299e-15
1.269702263e-15
1.25844817e-15
3.673015132e-15
4.468672164e-15
4.461124359e-15
3.133071024e-15
4.5523253e-15
4.398486764e-15
3.100057116e-15
4.676179057e-15
3.64193524e-15
2.290778439e-15
3.479108685e-15
2.423391917e-15
2.062964362e-15
3.354203552e-15
3.069029926e-15
3.213129963e-15
3.657306286e-15
2.837803695e-15
2.050813336e-15
2.671059677e-15
2.084495693e-15
9.046013165e-16
1.384460996e-15
1.050448416e-15
2.829675417e-15
3.020307944e-15
2.115988315e-15
3.075631051e-15
4.020249363e-15
5.725823439e-15
6.03978739e-15
5.569714039e-15
5.092497237e-15
6.380102229e-15
6.954493652e-15
6.610934962e-15
6.508851415e-15
6.704719295e-15
6.699643556e-15
6.37439495e-15
6.471523155e-15
6.962579462e-15
7.106538789e-15
7.421165532e-15
7.595266705e-15
7.874062047e-15
8.120021043e-15
8.003202652e-15
6.323106279e-15
7.000452415e-15
7.496501725e-15
7.405425362e-15
8.059969116e-15
8.202254396e-15
9.284654991e-15
8.817107689e-15
8.916066035e-15
9.43887262e-15
1.020499653e-14
9.905749149e-15
9.789080778e-15
9.995257113e-15
9.897598875e-15
8.960090129e-15
8.001701428e-15
8.445672817e-15
8.780467416e-15
9.400816949e-15
9.212091931e-15
9.552535375e-15
1.006963261e-14
9.808890932e-15
9.581198071e-15
8.722207183e-15
8.286844054e-15
9.144515325e-15
9.93371083e-15
1.015273662e-14
9.501952752e-15
9.803370459e-15
1.048214094e-14
9.990144019e-15
1.018323581e-14
1.111402444e-14
1.07944584e-14
1.063166555e-14
1.132888962e-14
1.063469747e-14
1.081869979e-14
1.123329726e-14
1.098948389e-14
9.511146428e-15
1.027804575e-14
9.925081926e-15
9.057068779e-15
1.077997265e-14
1.118106466e-14
1.01190302e-14
9.556077335e-15
9.430336739e-15
9.929280547e-15
1.02075237e-14
8.668116075e-15
9.157772167e-15
1.099944559e-14
1.043926741e-14
9.21870373e-15
9.294850681e-15
1.003933188e-14
9.886238398e-15
9.79162028e-15
1.053866857e-14
9.766686088e-15
1.039975742e-14
1.121293311e-14
1.038754473e-14
9.833284913e-15
1.084536297e-14
1.023675782e-14
9.468688484e-15
9.769215466e-15
1.160668631e-14
1.145860785e-14
1.000995713e-14
1.001602518e-14
1.16776581e-14
1.039216728e-14
9.345199362e-15
9.367932603e-15
8.537689692e-15
1.005241023e-14
1.001711402e-14
8.631633333e-15
7.686057856e-15
7.601267819e-15
6.399435839e-15
6.784338151e-15
7.666077218e-15
8.156040016e-15
7.208041591e-15
6.486133782e-15
6.686717622e-15
7.716344913e-15
7.760623766e-15
6.093206329e-15
5.768797073e-15
6.168638331e-15
5.693929552e-15
3.99339826e-15
3.71017031e-15
4.284450196e-15
4.566071007e-15
3.292858268e-15
4.423973066e-15
5.684890686e-15
4.253143577e-15
3.221214052e-15
3.605910155e-15
4.487181543e-15
5.246773951e-15
5.410534997e-15
4.592500438e-15
3.726014003e-15
3.998617262e-15
2.942307879e-15
1.943796634e-15
4.125635402e-15
4.697420771e-15
3.61205578e-15
3.271254846e-15
1.192920708e-15
8.542651882e-16
1.327988036e-15
9.255697946e-16
3.847321536e-16
9.964325512e-16
2.391669462e-15
1.610740054e-16
6.319753456e-16
2.653791096e-15
1.218392646e-15
-1.346169673e-16
1.552000981e-15
2.05736056e-15
3.416424495e-15
2.979556961e-15
1.604261304e-15
1.889573292e-15
1.208237984e-15
7.752396943e-16
2.02167534e-15
3.943963864e-15
3.023622645e-15
2.217296407e-15
1.01952384e-15
1.500883703e-15
1.796242988e-15
1.51864263e-15
1.685264634e-15
2.183033279e-15
2.435835844e-15
4.328285086e-15
5.899534702e-15
3.059390255e-15
4.421934925e-15
4.684242317e-15
2.279620293e-15
3.655430761e-15
4.051814873e-15
3.414921368e-15
3.418875957e-15
2.127526107e-15
2.794576283e-15
3.149145072e-15
1.646594434e-15
3.14296761e-15
4.151957613e-15
2.505961089e-15
3.039065666e-15
3.381281459e-15
9.247703482e-16
1.29393769e-15
1.534637277e-15
1.866827746e-16
3.165958117e-15
2.824781332e-15
2.067972856e-15
3.134736794e-15
3.973944239e-15
5.948656118e-15
6.354448989e-15
5.225810752e-15
5.195096124e-15
6.657194672e-15
6.758280346e-15
6.597499299e-15
6.803713662e-15
6.830095848e-15
6.587421862e-15
6.218799885e-15
6.497720841e-15
6.916472112e-15
7.193444827e-15
7.552891793e-15
7.217850614e-15
8.141228021e-15
8.56281369e-15
7.792588324e-15
6.369221987e-15
6.756602187e-15
7.259852795e-15
7.235386446e-15
7.86853813e-15
8.638230818e-15
9.630034183e-15
8.699636289e-15
8.805340929e-15
9.704773239e-15
1.016393072e-14
9.72924105e-15
9.904549888e-15
1.008081605e-14
9.92190682e-15
8.828841932e-15
7.917972674e-15
8.504832369e-15
8.81130971e-15
9.46903393e-15
9.125080063e-15
9.419211736e-15
9.658967101e-15
1.001684701e-14
9.962756554e-15
8.690251575e-15
8.32448552e-15
9.301165491e-15
9.622514672e-15
9.689388353e-15
9.68676301e-15
1.007547951e-14
1.003663384e-14
1.023128102e-14
1.050422779e-14
1.099312656e-14
1.067967424e-14
1.107712601e-14
1.123394615e-14
1.025163279e-14
1.085261067e-14
1.134084906e-14
1.08734475e-14
9.568376492e-15
1.020785655e-14
9.816382936e-15
9.197753485e-15
1.066946848e-14
1.146924858e-14
1.028605479e-14
9.468646163e-15
9.328248776e-15
1.00622537e-14
1.030764655e-14
8.619902155e-15
9.040788069e-15
1.116842325e-14
1.084406568e-14
9.194553655e-15
8.83063672e-15
9.949236019e-15
9.96237741e-15
9.658225892e-15
1.047835369e-14
9.685391029e-15
1.053409307e-14
1.14623901e-14
1.023735124e-14
1.004751948e-14
1.080162186e-14
9.979594608e-15
9.382836533e-15
9.662051628e-15
1.172183562e-14
1.168914212e-14
9.996019786e-15
9.579745492e-15
1.190165891e-14
1.055881801e-14
9.290121479e-15
9.111999237e-15
8.944090017e-15
1.01829916e-14
9.986961645e-15
8.285187272e-15
7.629628749e-15
7.446173197e-15
6.624983554e-15
6.911820138e-15
7.072978863e-15
8.517622708e-15
7.716362286e-15
6.082562369e-15
6.497615797e-15
7.914926536e-15
7.374006629e-15
6.657099369e-15
6.280500729e-15
6.093870014e-15
5.567215948e-15
3.691321224e-15
3.360587e-15
4.365621877e-15
4.716259299e-15
3.39877926e-15
4.31125564e-15
5.99560597e-15
4.066991419e-15
3.157805324e-15
3.415974862e-15
4.715513583e-15
5.641468326e-15
5.040803449e-15
4.732831665e-15
3.708579487e-15
4.051062224e-15
3.166416724e-15
1.577621785e-15
3.773947629e-15
5.042675303e-15
4.012841355e-15
2.712431619e-15
9.312416821e-16
1.321869651e-15
1.653811582e-15
9.734644119e-16
-4.758854326e-17
1.775274967e-15
1.924877594e-15
-1.224668759e-16
6.832188346e-16
2.800188312e-15
1.212104738e-15
-3.053245188e-16
1.707851881e-15
2.079057257e-15
3.901350258e-15
2.590719771e-15
1.510471741e-15
1.797218508e-15
9.318966239e-16
6.065217372e-16
2.439252389e-15
4.232199804e-15
2.93717629e-15
2.004222621e-15
5.645968117e-16
1.981598674e-15
2.252388248e-15
1.126710263e-15
1.541351857e-15
2.767737673e-15
2.208700884e-15
3.938950741e-15
6.259426256e-15
3.759313446e-15
4.251851702e-15
4.180003437e-15
1.984128277e-15
3.575913099e-15
4.373772441e-15
3.924287817e-15
2.893324825e-15
1.591989655e-15
3.857409003e-15
3.34967441e-15
8.552489038e-16
3.191014177e-15
4.500051122e-15
2.343981744e-15
3.126704213e-15
2.911819734e-15
7.801140279e-16
2.291478696e-15
1.780802763e-15
-1.26219594e-16
2.702698996e-15
2.44545431e-15
2.183260202e-15
3.331407296e-15
4.156327174e-15
5.798367932e-15
6.31770345e-15
5.203924113e-15
5.483325684e-15
6.782462175e-15
6.575273959e-15
6.682133668e-15
6.803332016e-15
6.963636625e-15
6.650611407e-15
6.490595169e-15
6.372627127e-15
6.986169955e-15
7.223242357e-15
7.467912868e-15
7.22844549e-15
8.395490912e-15
8.923688024e-15
7.405276438e-15
6.214313343e-15
6.606992605e-15
6.810229499e-15
7.234852455e-15
7.810524598e-15
8.913606181e-15
9.782359579e-15
8.365756736e-15
8.777629769e-15
1.03106264e-14
1.000985292e-14
9.406085425e-15
1.021285781e-14
9.842591418e-15
9.618093913e-15
8.970872543e-15
8.032453129e-15
8.464168618e-15
8.935146863e-15
9.627758733e-15
9.448637815e-15
9.624642741e-15
9.279190878e-15
9.738403555e-15
1.044702349e-14
8.408683983e-15
8.082875818e-15
9.758678056e-15
9.806595745e-15
9.402083257e-15
9.717436124e-15
1.023641392e-14
9.7886743e-15
1.012259248e-14
1.050224227e-14
1.068409951e-14
1.095210071e-14
1.16149511e-14
1.084567623e-14
9.933043086e-15
1.078463309e-14
1.148748786e-14
1.078473941e-14
9.992431445e-15
9.996052598e-15
9.608593069e-15
9.728734626e-15
1.062748287e-14
1.111040742e-14
1.04808873e-14
9.21784382e-15
9.188606122e-15
1.059069364e-14
1.031782877e-14
8.636320413e-15
9.057185114e-15
1.063376519e-14
1.079350761e-14
9.634947999e-15
8.862562171e-15
9.790172772e-15
1.013838453e-14
9.794749191e-15
1.008948653e-14
1.003506778e-14
1.036019278e-14
1.128111847e-14
1.045470926e-14
1.03935383e-14
1.061908416e-14
1.004877268e-14
9.489034474e-15
9.373211885e-15
1.088458058e-14
1.149984889e-14
1.076365354e-14
9.770127492e-15
1.110482553e-14
1.06296994e-14
9.290551709e-15
8.890687103e-15
9.55602016e-15
1.038799446e-14
9.561853643e-15
8.553478903e-15
7.68126774e-15
7.123814962e-15
6.751401118e-15
6.631148365e-15
6.80818108e-15
8.613999216e-15
8.226898761e-15
6.210717297e-15
6.168587236e-15
7.82264312e-15
7.166692469e-15
6.828947327e-15
7.091828875e-15
6.249799319e-15
5.104712866e-15
3.255396595e-15
3.453090096e-15
4.279306507e-15
4.884210172e-15
4.27995265e-15
3.79163906e-15
5.069362717e-15
4.294616287e-15
3.295639348e-15
3.749835856e-15
4.829878369e-15
5.811020148e-15
5.043350949e-15
4.01445185e-15
4.330894214e-15
4.720566733e-15
2.947458198e-15
1.225031844e-15
3.613195264e-15
4.51995558e-15
4.414305005e-15
2.403938063e-15
4.974020781e-16
1.696672499e-15
1.821915151e-15
7.145234542e-16
7.050555128e-17
2.42727016e-15
2.102739754e-15
1.468957303e-16
3.412309376e-16
2.381261089e-15
1.011424851e-15
-3.071526103e-16
2.110923295e-15
2.078609748e-15
3.601983331e-15
2.243141544e-15
1.503622748e-15
2.119944191e-15
1.131506065e-15
8.141592644e-16
2.51142125e-15
3.836071639e-15
1.755948511e-15
2.306241044e-15
9.986437392e-16
1.935621015e-15
3.231411957e-15
1.444281527e-15
1.056516307e-15
2.774962188e-15
2.205908107e-15
3.816771889e-15
5.893039615e-15
4.241334818e-15
4.556138174e-15
3.468996928e-15
1.700303943e-15
4.095409824e-15
4.390020097e-15
4.063042626e-15
2.548471524e-15
1.201414517e-15
4.268251357e-15
3.769354309e-15
1.15988143e-15
2.906685079e-15
4.560211113e-15
2.324635043e-15
3.039743355e-15
2.357110102e-15
1.435538343e-15
3.007282122e-15
1.418740016e-15
-7.374546358e-17
2.347810911e-15
2.16369468e-15
1.869368888e-15
3.671300775e-15
4.623588615e-15
5.686822445e-15
6.290865639e-15
5.333110212e-15
5.559786246e-15
6.456466195e-15
6.533855945e-15
6.680536304e-15
7.010021037e-15
6.907591226e-15
6.561788726e-15
6.744911473e-15
6.658934062e-15
6.803410313e-15
7.438806667e-15
7.436200543e-15
7.466576943e-15
8.478149873e-15
8.716875993e-15
7.192683289e-15
5.997206982e-15
6.60985377e-15
6.712401377e-15
7.108604615e-15
7.923486503e-15
9.39826874e-15
9.378805029e-15
8.169848464e-15
9.043926755e-15
1.044732098e-14
9.796657418e-15
9.553703946e-15
1.022188276e-14
9.348423611e-15
9.372408275e-15
8.867526661e-15
8.124576344e-15
9.013507665e-15
9.33000887e-15
9.402103008e-15
9.284386111e-15
9.438419912e-15
9.465050796e-15
9.92216693e-15
1.063617346e-14
8.325691094e-15
7.639174415e-15
9.889780493e-15
9.77114264e-15
9.321477671e-15
9.717948359e-15
1.039856793e-14
1.014963001e-14
1.02057783e-14
1.007724247e-14
1.061205358e-14
1.164120961e-14
1.161342403e-14
1.054930917e-14
9.682118522e-15
1.055471888e-14
1.16190544e-14
1.060960098e-14
1.016206612e-14
9.837513129e-15
9.864520785e-15
1.058311989e-14
1.028398227e-14
1.096751065e-14
1.049226601e-14
9.220665126e-15
9.198855304e-15
1.073130509e-14
1.024463649e-14
8.752780154e-15
9.039503958e-15
9.867669056e-15
1.078628394e-14
1.008475796e-14
8.768083849e-15
9.778545328e-15
1.005768162e-14
1.000440967e-14
9.70669648e-15
1.000757497e-14
1.053781692e-14
1.130221254e-14
1.070871059e-14
1.078908417e-14
1.046983952e-14
1.03625626e-14
9.699695504e-15
9.208716271e-15
1.041561212e-14
1.134113029e-14
1.103136044e-14
9.801137317e-15
1.034265426e-14
1.067798888e-14
9.379861259e-15
8.738185552e-15
9.771244848e-15
1.051185968e-14
9.868492792e-15
8.838569016e-15
7.001283608e-15
6.867509646e-15
6.854488993e-15
6.757250333e-15
6.666387403e-15
8.350216505e-15
8.65450069e-15
6.622513499e-15
5.533691371e-15
7.465897548e-15
7.473677281e-15
7.128746968e-15
7.066785697e-15
6.566851103e-15
4.827057638e-15
2.83658272e-15
3.683694273e-15
4.58400787e-15
5.460719698e-15
4.850222401e-15
3.189187063e-15
4.29778447e-15
4.608692263e-15
3.639242879e-15
3.800757695e-15
4.506515438e-15
5.832671018e-15
5.171562197e-15
3.840645809e-15
4.593271669e-15
5.484326757e-15
2.996125948e-15
5.790386429e-16
3.526885556e-15
3.888133987e-15
4.382479363e-15
2.532485603e-15
1.012614414e-16
2.082343581e-15
2.271907796e-15
4.893079453e-16
1.474540513e-16
2.437587825e-15
2.4528381e-15
3.982095612e-16
3.523166067e-16
2.420019626e-15
5.617108771e-16
-6.446760552e-16
2.077319308e-15
2.118609339e-15
3.436480168e-15
2.067770858e-15
1.799457271e-15
2.115316307e-15
1.539223259e-15
1.313669371e-15
2.665746397e-15
3.012335708e-15
7.142283725e-16
3.087133091e-15
1.350259141e-15
2.022499979e-15
3.762912092e-15
1.420431449e-15
4.421005237e-16
2.31748037e-15
2.626456028e-15
3.929613358e-15
5.225387751e-15
4.149998237e-15
5.093935657e-15
3.348816963e-15
1.233017273e-15
4.233579664e-15
3.962077882e-15
4.729197148e-15
3.167905171e-15
8.055531567e-16
4.201660925e-15
4.437333488e-15
1.512134721e-15
2.413440972e-15
4.322855906e-15
2.392196969e-15
3.695758901e-15
2.090829826e-15
1.288662082e-15
3.011939453e-15
1.224223892e-15
2.49972475e-16
2.196665829e-15
1.947346851e-15
2.165501821e-15
4.021043633e-15
4.406263909e-15
5.642332347e-15
6.211119874e-15
5.241204105e-15
5.412286901e-15
6.274754143e-15
6.879625066e-15
6.833060012e-15
7.173398725e-15
6.563678265e-15
6.731298748e-15
6.997343536e-15
6.636865271e-15
6.838555768e-15
7.206561824e-15
7.225996551e-15
7.954506144e-15
8.478286394e-15
8.252709807e-15
7.252865795e-15
6.340353864e-15
6.388021061e-15
6.583609673e-15
7.009307418e-15
8.530813559e-15
9.677728934e-15
9.363416619e-15
8.260155815e-15
8.962171505e-15
1.00310155e-14
1.014091905e-14
9.579141461e-15
9.934894328e-15
9.272829653e-15
9.010529146e-15
8.790007592e-15
8.309925005e-15
9.860626479e-15
9.583621522e-15
9.031388319e-15
9.036801284e-15
9.401331445e-15
9.698849198e-15
9.858840294e-15
1.019566284e-14
8.538724388e-15
7.899702101e-15
9.576446472e-15
9.748323771e-15
9.231923692e-15
9.485925112e-15
1.032182224e-14
1.053222376e-14
1.033228126e-14
9.574660427e-15
1.039515422e-14
1.209236421e-14
1.198758069e-14
1.048367154e-14
9.558205759e-15
1.064296156e-14
1.108103362e-14
1.061645621e-14
1.045680268e-14
9.91829035e-15
1.034480426e-14
1.076866868e-14
9.562605575e-15
1.11852835e-14
1.071753464e-14
9.307424891e-15
9.276346329e-15
1.049687183e-14
1.016142505e-14
8.669796079e-15
9.015249565e-15
9.937465906e-15
1.060461564e-14
9.961430681e-15
8.956190823e-15
9.649469088e-15
1.018100796e-14
1.004515898e-14
9.412042484e-15
9.724134115e-15
1.073133014e-14
1.1388597e-14
1.078569257e-14
1.121151977e-14
1.055338706e-14
1.07264512e-14
9.702398717e-15
9.205877943e-15
1.08328705e-14
1.083416194e-14
1.051231646e-14
9.693901315e-15
1.020891104e-14
1.064877679e-14
9.527774981e-15
9.123001734e-15
9.855589695e-15
1.057341943e-14
1.016398112e-14
8.787845083e-15
6.606165695e-15
6.752401665e-15
7.098384533e-15
6.682878305e-15
6.48642348e-15
8.037796734e-15
8.770578071e-15
6.81290696e-15
5.411971886e-15
7.351248372e-15
7.611641137e-15
6.885613232e-15
7.155456523e-15
6.962937999e-15
4.750888929e-15
2.96342557e-15
4.148137643e-15
5.007256125e-15
5.48529661e-15
4.888065788e-15
2.347236873e-15
3.935531883e-15
4.901965665e-15
4.006044189e-15
3.968939526e-15
4.32927081e-15
5.681300118e-15
5.203283953e-15
3.826289664e-15
4.458503768e-15
5.607823898e-15
3.126982019e-15
3.280039761e-16
3.381773537e-15
3.545813991e-15
4.486774264e-15
2.771742767e-15
-3.103235369e-16
2.559590319e-15
2.776621991e-15
2.916799462e-16
2.430341165e-16
2.79223671e-15
2.435584779e-15
7.813857367e-16
9.089549275e-17
2.136434426e-15
2.670475405e-16
-7.934635234e-16
2.526946315e-15
1.970093846e-15
3.01591796e-15
2.234116445e-15
1.857744773e-15
1.992433779e-15
1.662895804e-15
2.103881322e-15
2.461379786e-15
2.340991992e-15
4.49889417e-16
3.396767993e-15
1.848411621e-15
2.24985859e-15
3.645674239e-15
1.127544582e-15
1.118385657e-16
1.586733057e-15
3.265937385e-15
4.560902494e-15
4.874110507e-15
3.890275324e-15
4.985254787e-15
3.231690499e-15
1.193801009e-15
4.214649151e-15
3.708481081e-15
4.946970274e-15
3.565814906e-15
9.418591515e-16
3.856599475e-15
4.847203148e-15
2.30569026e-15
2.400492787e-15
3.604564195e-15
2.479254003e-15
3.926497662e-15
2.254787236e-15
8.884917729e-16
3.068094419e-15
1.231416693e-15
1.143236421e-16
2.157230831e-15
1.623522792e-15
2.691153424e-15
4.013071268e-15
4.152524112e-15
5.527821552e-15
5.713596296e-15
5.207329991e-15
5.1922711e-15
6.100190305e-15
6.994618327e-15
7.315513425e-15
6.924663977e-15
6.546673887e-15
7.132026985e-15
7.401245516e-15
6.915773894e-15
7.076148884e-15
6.921263487e-15
6.977454896e-15
7.891410423e-15
8.167308469e-15
8.252437616e-15
7.243280655e-15
6.468164467e-15
6.261183302e-15
6.682513707e-15
7.397256346e-15
8.62744558e-15
9.74710446e-15
9.201084029e-15
8.576429987e-15
9.006197961e-15
1.016699531e-14
1.003559904e-14
9.176054984e-15
9.639940947e-15
9.34207396e-15
9.014868866e-15
9.033958693e-15
8.470920409e-15
9.916434661e-15
9.660564668e-15
9.30074749e-15
8.82572328e-15
9.237020907e-15
9.543898717e-15
9.723703421e-15
9.76074852e-15
8.696471714e-15
8.278163987e-15
9.621519784e-15
1.004037786e-14
9.077032692e-15
9.100545953e-15
1.029798016e-14
1.027881641e-14
1.028599209e-14
9.964738075e-15
1.027457509e-14
1.195199238e-14
1.193966445e-14
1.044728986e-14
1.001545675e-14
1.082884338e-14
1.08532658e-14
1.047993497e-14
1.052851233e-14
9.752937874e-15
1.039532658e-14
1.042471552e-14
9.384143223e-15
1.135933682e-14
1.081903957e-14
9.207169189e-15
9.342651647e-15
1.079977401e-14
1.014782977e-14
8.526764311e-15
9.128076301e-15
9.717895201e-15
1.051859942e-14
9.983494884e-15
9.018944017e-15
9.449394156e-15
1.01218075e-14
1.047179757e-14
9.766574522e-15
9.481593863e-15
1.05110126e-14
1.149667827e-14
1.078355419e-14
1.106021804e-14
1.079689037e-14
1.061787696e-14
9.834631274e-15
9.657324173e-15
1.087552433e-14
1.013904896e-14
1.047161374e-14
1.00230869e-14
1.003013206e-14
1.039966597e-14
9.506074435e-15
9.587613287e-15
1.014131957e-14
1.076220607e-14
1.009601814e-14
8.331576273e-15
6.445394525e-15
6.92168386e-15
7.2155386e-15
6.447297248e-15
6.249585139e-15
8.051258082e-15
8.422768715e-15
6.774853619e-15
5.684277057e-15
7.698540292e-15
7.629096409e-15
6.900498751e-15
7.004847473e-15
6.959628278e-15
5.070674499e-15
3.223467315e-15
4.618198445e-15
5.375559607e-15
4.921188388e-15
4.410259514e-15
2.367972806e-15
3.89079295e-15
4.689460588e-15
3.912191271e-15
4.36427685e-15
4.703654253e-15
5.699267271e-15
5.04417847e-15
3.744355552e-15
4.367525576e-15
5.400263748e-15
2.918182096e-15
6.074927433e-16
2.811745274e-15
3.372885065e-15
4.673500869e-15
2.99447582e-15
-4.13862221e-16
2.48553121e-15
3.341962681e-15
6.176282424e-16
6.0864924e-16
2.74923377e-15
2.420936338e-15
9.927387684e-16
-3.008341549e-16
1.926379641e-15
2.885465273e-16
-9.333362427e-16
2.789837777e-15
2.12026786e-15
3.034368128e-15
2.033648034e-15
1.771675405e-15
2.109358654e-15
1.840888854e-15
2.356984253e-15
2.110633388e-15
2.136777707e-15
4.43379458e-16
3.363353344e-15
2.343106586e-15
2.183971438e-15
3.387373009e-15
1.06850873e-15
3.347321493e-16
1.352741112e-15
3.230394502e-15
5.195665228e-15
4.759440739e-15
3.577574864e-15
4.847865223e-15
3.059300096e-15
1.131238611e-15
4.141418871e-15
3.793917201e-15
4.839624203e-15
3.758091998e-15
1.555522904e-15
3.830566694e-15
4.966972472e-15
2.748460514e-15
2.169515989e-15
3.386582657e-15
2.393471648e-15
3.746397021e-15
2.01484904e-15
1.051309657e-15
3.425855204e-15
9.998348622e-16
3.082983043e-16
2.155501834e-15
1.805534406e-15
2.620129299e-15
3.802927974e-15
4.186848293e-15
5.427797616e-15
5.556792044e-15
5.302722746e-15
5.467343817e-15
5.788381046e-15
7.006569908e-15
7.261482875e-15
6.663091625e-15
6.631088264e-15
7.595834715e-15
7.811484103e-15
7.021433164e-15
7.013515178e-15
6.513231036e-15
6.703455948e-15
7.689095192e-15
7.831012374e-15
8.253978333e-15
7.441375178e-15
6.311158459e-15
6.40748027e-15
7.019249033e-15
7.541279967e-15
8.359690715e-15
9.429950637e-15
9.417901018e-15
9.117222731e-15
9.415284061e-15
1.016709603e-14
9.907025708e-15
8.921809168e-15
9.666455099e-15
9.37939508e-15
9.253650938e-15
9.096168018e-15
8.484420712e-15
1.021977359e-14
9.532117499e-15
9.384883739e-15
8.867762682e-15
8.993497427e-15
9.314887226e-15
9.766613928e-15
9.786891687e-15
8.732009648e-15
8.675135172e-15
9.690374339e-15
9.508622526e-15
8.506206486e-15
9.105818833e-15
1.027290551e-14
1.020164387e-14
1.021666866e-14
1.027690216e-14
1.028869063e-14
1.182124451e-14
1.174492063e-14
1.066804198e-14
1.029866675e-14
1.082175366e-14
1.074832035e-14
1.038665626e-14
1.031890052e-14
9.893184084e-15
1.026296838e-14
1.046213984e-14
9.430295858e-15
1.115922961e-14
1.069156582e-14
9.001876557e-15
9.231411189e-15
1.109586234e-14
1.014273451e-14
8.648186997e-15
9.251635651e-15
9.880328269e-15
1.075263772e-14
9.56911117e-15
9.055619472e-15
9.617143011e-15
1.032130347e-14
1.114816471e-14
9.802232986e-15
9.082021628e-15
1.041768206e-14
1.142534112e-14
1.063088515e-14
1.129973242e-14
1.100047767e-14
1.025932498e-14
9.896745626e-15
1.02025601e-14
1.044758704e-14
1.003293281e-14
1.07148032e-14
9.882859691e-15
9.503346768e-15
1.043692573e-14
9.708705223e-15
9.439746709e-15
1.054818149e-14
1.101754297e-14
9.851483931e-15
8.153690764e-15
6.496749281e-15
6.691743368e-15
7.267372147e-15
6.4627417e-15
6.347586698e-15
7.942826979e-15
8.177022786e-15
6.315771307e-15
5.836368089e-15
8.362492756e-15
7.630784187e-15
6.93610604e-15
6.785813181e-15
6.723863588e-15
5.246408749e-15
3.381045961e-15
5.239516015e-15
5.632652106e-15
4.585758635e-15
3.887178936e-15
2.050941962e-15
4.005088502e-15
4.577076707e-15
3.776750307e-15
4.836976638e-15
5.130345536e-15
5.575374632e-15
5.077798606e-15
3.742092378e-15
4.484638627e-15
4.807402061e-15
2.72969723e-15
1.034008294e-15
2.596907846e-15
3.010251179e-15
4.828790247e-15
3.162904569e-15
-6.471611745e-16
2.225721789e-15
3.339923184e-15
1.022245342e-15
9.403848764e-16
2.533940756e-15
2.770244695e-15
1.345465548e-15
-4.283112806e-16
1.804703871e-15
2.639703838e-16
-1.113231902e-15
2.527777101e-15
2.541401312e-15
3.456617058e-15
1.692722714e-15
1.342874113e-15
2.379664531e-15
2.053511884e-15
2.147802933e-15
1.745124311e-15
2.039063046e-15
4.575578601e-16
3.121280435e-15
2.794288057e-15
2.416947053e-15
3.71960972e-15
9.376612058e-16
2.267017703e-16
1.214920026e-15
3.110715431e-15
5.437576324e-15
4.768913845e-15
3.363268895e-15
4.669416089e-15
2.897335834e-15
1.125819525e-15
4.147230311e-15
3.805417051e-15
5.237551588e-15
3.744015467e-15
1.540584607e-15
4.119818427e-15
5.117580652e-15
2.968128762e-15
2.0143255e-15
2.927494596e-15
2.210598257e-15
3.3088734e-15
1.987934286e-15
1.491874507e-15
3.593092272e-15
1.195108661e-15
5.300750275e-16
2.220732598e-15
1.763047174e-15
2.327256986e-15
3.455301456e-15
3.967372865e-15
5.250249073e-15
5.423673202e-15
5.636512824e-15
5.732566993e-15
6.233830569e-15
7.124350568e-15
7.0331007e-15
6.519043648e-15
6.489048123e-15
7.656198117e-15
7.871155408e-15
7.00137117e-15
6.969078117e-15
6.53601976e-15
6.714330883e-15
7.291727792e-15
7.912522959e-15
8.283790918e-15
7.484738163e-15
6.336651457e-15
6.266912937e-15
7.278808926e-15
8.029495839e-15
8.125340338e-15
9.046688619e-15
9.849564185e-15
9.219332899e-15
9.658571326e-15
1.00748704e-14
9.83846211e-15
9.018024165e-15
9.544207383e-15
9.203689936e-15
9.595687464e-15
9.080440589e-15
8.879128722e-15
9.909588621e-15
9.553368491e-15
9.809149362e-15
9.126750232e-15
8.86112893e-15
9.236262497e-15
9.735213835e-15
9.175562231e-15
8.876789568e-15
8.895337616e-15
9.371149955e-15
9.148783866e-15
8.502035388e-15
9.20015446e-15
9.934130019e-15
9.937351192e-15
1.031024001e-14
1.066917919e-14
1.048233984e-14
1.20270535e-14
1.186812251e-14
1.044002813e-14
9.99024763e-15
1.084149979e-14
1.104345821e-14
1.032435961e-14
1.03961706e-14
9.938531335e-15
1.029217893e-14
1.057172554e-14
8.961827718e-15
1.07375404e-14
1.11502902e-14
9.308400982e-15
9.23950839e-15
1.123231553e-14
1.013559647e-14
8.199475783e-15
9.172277922e-15
1.007046248e-14
1.099641768e-14
9.190105897e-15
9.177976746e-15
9.592684861e-15
1.028502171e-14
1.182623553e-14
9.929603721e-15
8.912356304e-15
9.926250463e-15
1.152551019e-14
1.069766449e-14
1.148603711e-14
1.106641185e-14
1.033513263e-14
9.96817208e-15
1.023768602e-14
1.040122517e-14
1.005498767e-14
1.072190178e-14
9.723772192e-15
9.665445789e-15
1.030921691e-14
9.732691275e-15
9.918114595e-15
1.053814014e-14
1.064012593e-14
9.519967076e-15
8.36992249e-15
6.872945357e-15
6.374766532e-15
6.736478335e-15
6.317337206e-15
6.563950391e-15
8.408718616e-15
7.728824462e-15
5.938640485e-15
6.415277034e-15
8.907282379e-15
7.322006953e-15
6.665591353e-15
6.982308488e-15
6.317012171e-15
5.069634137e-15
3.791212179e-15
5.6798237e-15
5.731251499e-15
4.22980243e-15
3.732279753e-15
1.830885931e-15
4.13281558e-15
4.446551897e-15
3.591485757e-15
5.478593595e-15
5.359153041e-15
5.748684246e-15
5.322594094e-15
3.543030882e-15
4.148171123e-15
4.171169926e-15
2.657592678e-15
1.212272156e-15
2.216516834e-15
2.803755348e-15
4.714014716e-15
3.191333559e-15
-1.819152259e-16
2.070365659e-15
3.005072825e-15
1.078552168e-15
1.66026182e-15
2.678112004e-15
3.218364675e-15
1.429158451e-15
-8.380325964e-16
2.111692115e-15
1.857928079e-16
-1.606328231e-15
2.137070521e-15
2.921886419e-15
3.659729353e-15
1.487880909e-15
1.441401184e-15
2.488895377e-15
2.12384718e-15
1.769421107e-15
1.540729772e-15
1.978988162e-15
2.286250439e-16
3.081319011e-15
3.407846864e-15
2.486898569e-15
3.774879747e-15
1.332752978e-15
2.469190503e-16
1.530151859e-15
3.162360941e-15
5.414544339e-15
4.316789266e-15
3.018884481e-15
4.937391264e-15
2.794045098e-15
1.246930633e-15
3.830718619e-15
3.463739236e-15
5.824032107e-15
3.806902233e-15
1.676828866e-15
4.143799653e-15
5.059352208e-15
2.937074788e-15
2.100808395e-15
2.997386959e-15
1.98840428e-15
3.215098133e-15
1.916627445e-15
1.52842863e-15
3.743918435e-15
1.614238797e-15
7.720126161e-16
2.128055318e-15
1.72245941e-15
2.420511387e-15
3.153676333e-15
4.145221665e-15
5.334922247e-15
5.456208515e-15
5.625364561e-15
5.831727982e-15
6.378351582e-15
7.137738022e-15
7.029288767e-15
6.787834454e-15
6.560496361e-15
7.643905013e-15
7.584490242e-15
7.01910104e-15
6.993014341e-15
6.652323135e-15
6.930424869e-15
6.885504026e-15
7.984380307e-15
8.717381226e-15
7.537257741e-15
6.378359167e-15
6.003949805e-15
7.315944292e-15
8.376187466e-15
7.987922364e-15
8.698236895e-15
9.799254052e-15
9.347003784e-15
1.019947217e-14
9.930502924e-15
9.446659922e-15
8.799845191e-15
9.488039963e-15
9.166736169e-15
9.541104721e-15
9.579381136e-15
9.262563371e-15
9.39177439e-15
9.107304378e-15
1.04432015e-14
9.442433617e-15
8.758664834e-15
9.297938217e-15
9.128640581e-15
8.772627365e-15
8.790047085e-15
8.757698368e-15
9.469037402e-15
9.200900017e-15
8.511729497e-15
9.015469806e-15
9.951709604e-15
9.705843022e-15
1.005233373e-14
1.117232179e-14
1.075548291e-14
1.195115836e-14
1.196589104e-14
1.07042607e-14
9.848486246e-15
1.059467938e-14
1.080086683e-14
1.053595856e-14
1.055281972e-14
9.852793524e-15
1.049838983e-14
1.047074317e-14
8.839085118e-15
1.030185358e-14
1.133622306e-14
9.672913331e-15
9.600962814e-15
1.088072494e-14
9.903700697e-15
8.182294053e-15
9.321157338e-15
1.036363548e-14
1.104317723e-14
9.4867671e-15
9.116634009e-15
9.433118146e-15
1.010434745e-14
1.215127705e-14
1.012478659e-14
8.690552981e-15
9.552949118e-15
1.144762174e-14
1.096325248e-14
1.152837692e-14
1.109829165e-14
9.966412718e-15
9.941408899e-15
1.059139325e-14
1.084333523e-14
1.015515203e-14
1.032576532e-14
9.889018867e-15
1.01059906e-14
1.003575433e-14
9.667832369e-15
1.027435781e-14
1.031215262e-14
1.026027857e-14
9.158967445e-15
8.417861018e-15
7.252541444e-15
6.54101886e-15
6.402079151e-15
5.918177065e-15
6.683908748e-15
8.547736143e-15
7.717868637e-15
5.964339245e-15
6.86806601e-15
8.777062885e-15
7.394625479e-15
6.298031349e-15
6.807863857e-15
6.304585003e-15
5.081846194e-15
4.157808712e-15
6.122492172e-15
5.260558848e-15
4.132777504e-15
3.858692663e-15
2.076723161e-15
4.067286734e-15
4.186749675e-15
3.534382977e-15
6.007953431e-15
5.343051064e-15
5.712447193e-15
5.457836652e-15
3.923810219e-15
3.837126145e-15
3.796913147e-15
2.590254739e-15
1.249723227e-15
1.404651456e-15
2.320975928e-15
4.880083197e-15
3.471054673e-15
2.202674358e-17
1.933539751e-15
2.922052178e-15
1.366543422e-15
1.975729696e-15
2.348885294e-15
3.68187415e-15
1.408047214e-15
-1.073533222e-15
2.18651146e-15
2.384659688e-16
-1.528775742e-15
1.940294081e-15
3.003692352e-15
3.781514449e-15
1.603057878e-15
1.584621192e-15
2.255704126e-15
1.855430165e-15
1.97283741e-15
1.170790829e-15
1.943399528e-15
5.741213318e-16
3.151151653e-15
3.535966885e-15
2.208849605e-15
3.874236858e-15
1.972452026e-15
4.794391067e-16
1.535830772e-15
2.75419826e-15
5.676264201e-15
3.91274016e-15
2.526671691e-15
5.191718668e-15
2.91766693e-15
1.335797886e-15
3.699573375e-15
3.493939188e-15
6.188132007e-15
3.518700577e-15
1.834159569e-15
4.181012562e-15
5.18950683e-15
3.250321436e-15
1.65011711e-15
2.668344059e-15
1.964027806e-15
3.262545177e-15
2.241797652e-15
1.165668761e-15
3.226199452e-15
2.270064979e-15
1.108343453e-15
1.9460788e-15
2.272169761e-15
2.58807568e-15
3.215839914e-15
4.51930801e-15
5.216874247e-15
5.353893413e-15
5.419333062e-15
6.082720346e-15
6.540389757e-15
7.021365261e-15
7.285077132e-15
6.829340283e-15
6.40379233e-15
7.910370022e-15
7.413357849e-15
7.266919581e-15
7.116337707e-15
6.286767679e-15
6.959267666e-15
7.094443622e-15
7.807608379e-15
8.496882493e-15
7.239283844e-15
6.46865213e-15
6.61793073e-15
7.070259826e-15
8.240072845e-15
8.311351796e-15
8.675954056e-15
9.3860579e-15
9.309193076e-15
1.040272497e-14
9.800733174e-15
9.19244273e-15
8.587030224e-15
9.596451147e-15
9.103963201e-15
9.685437476e-15
9.833868268e-15
9.42232911e-15
9.211493252e-15
8.573177623e-15
1.092115577e-14
9.913293204e-15
8.63880586e-15
9.072732997e-15
8.866171014e-15
8.672864242e-15
8.281197362e-15
8.936090066e-15
9.660528275e-15
9.36561554e-15
8.674187801e-15
8.877816501e-15
9.580378989e-15
9.582292822e-15
1.009760042e-14
1.138082933e-14
1.062957888e-14
1.156536745e-14
1.188841559e-14
1.133463285e-14
9.668390361e-15
1.048302519e-14
1.060946116e-14
1.029468224e-14
1.091257754e-14
9.96867913e-15
1.021083578e-14
1.062769992e-14
9.024001977e-15
1.045046001e-14
1.081841698e-14
9.682941814e-15
9.706311518e-15
1.068221552e-14
1.005928365e-14
8.341573172e-15
9.842740955e-15
1.049332545e-14
1.096705157e-14
9.782493482e-15
8.971007799e-15
9.195286667e-15
1.044238912e-14
1.139720496e-14
1.035257412e-14
9.099596839e-15
9.364985759e-15
1.081465232e-14
1.149339166e-14
1.150925675e-14
1.0827744e-14
9.668403563e-15
1.029804593e-14
1.105377497e-14
1.102076376e-14
1.0172765e-14
1.0083002e-14
1.008359898e-14
1.03029379e-14
1.002632512e-14
9.559751598e-15
1.034227658e-14
1.03731242e-14
1.031555624e-14
8.893862471e-15
8.107138252e-15
7.832989507e-15
7.005776301e-15
5.731003859e-15
4.991251994e-15
6.944302137e-15
8.612437762e-15
8.207838362e-15
6.543106325e-15
6.06757881e-15
8.43271083e-15
7.811786369e-15
6.334845148e-15
6.356830652e-15
6.506161926e-15
5.691261546e-15
4.586292229e-15
5.704045051e-15
4.805813703e-15
4.325103803e-15
4.196789659e-15
2.39110389e-15
3.822450221e-15
4.521550491e-15
3.956686159e-15
5.560014783e-15
4.865263577e-15
6.084625039e-15
5.002933624e-15
3.685632076e-15
3.968335147e-15
4.308870321e-15
3.043064224e-15
9.875152251e-16
7.001294351e-16
2.432650449e-15
5.1521628e-15
3.39402328e-15
-1.219831889e-16
1.760419725e-15
2.952569153e-15
1.81773439e-15
1.744431878e-15
1.65502438e-15
4.020750043e-15
1.365539651e-15
-1.217323776e-15
2.285516749e-15
3.641573785e-16
-1.306575094e-15
2.153312112e-15
2.746703871e-15
3.905656752e-15
1.684280895e-15
1.341586806e-15
2.022329897e-15
1.653099467e-15
2.310666168e-15
9.586248734e-16
1.675003474e-15
1.662042345e-15
3.242884181e-15
3.509984455e-15
1.897283892e-15
4.17158328e-15
2.0607275e-15
4.554187031e-16
1.711654447e-15
2.813064273e-15
6.09985821e-15
3.201890768e-15
1.528454098e-15
5.502613045e-15
3.268214331e-15
9.082902504e-16
3.848041862e-15
3.910037156e-15
5.900297031e-15
3.48029935e-15
2.161120571e-15
4.15025152e-15
5.498644691e-15
3.507185783e-15
1.143765197e-15
2.486495352e-15
2.038339209e-15
3.356094368e-15
2.421590751e-15
1.3580093e-15
2.978584474e-15
2.293838079e-15
5.036582423e-16
1.652249926e-15
1.768541219e-15
2.474674234e-15
3.471453864e-15
4.849073791e-15
4.930595845e-15
5.30301407e-15
5.614346999e-15
6.349929126e-15
6.697011579e-15
6.869119645e-15
6.722771295e-15
6.608847924e-15
6.859269179e-15
7.967303809e-15
7.384759725e-15
7.398565367e-15
7.111274576e-15
6.307830414e-15
7.152544315e-15
6.877847756e-15
7.616608584e-15
8.212603135e-15
7.156660343e-15
6.716551322e-15
6.764001249e-15
7.254485341e-15
8.285538468e-15
8.671572766e-15
8.313340242e-15
9.012844658e-15
9.424222102e-15
1.03050479e-14
9.453216296e-15
9.233836068e-15
8.975255165e-15
9.665126195e-15
8.997548309e-15
9.611021748e-15
9.376677948e-15
9.148014302e-15
9.904551746e-15
8.600090227e-15
1.076266142e-14
1.049851942e-14
8.890929231e-15
8.771346759e-15
8.352561473e-15
8.363555432e-15
8.215394796e-15
8.956598134e-15
9.456206728e-15
9.312797469e-15
8.929105492e-15
9.346574277e-15
9.506525874e-15
9.190556378e-15
1.02711876e-14
1.101251394e-14
1.067319204e-14
1.128559863e-14
1.227991484e-14
1.170960739e-14
9.449920239e-15
1.035275507e-14
1.083958938e-14
1.010969789e-14
1.079213079e-14
1.034133558e-14
1.023998963e-14
1.082286638e-14
9.082573706e-15
1.059742077e-14
1.059495577e-14
9.511427184e-15
1.000252412e-14
1.064344906e-14
9.774178809e-15
8.496430906e-15
1.014377305e-14
1.056515363e-14
1.094187515e-14
9.644208605e-15
8.859363951e-15
9.480650714e-15
1.061579629e-14
1.091258037e-14
9.880818394e-15
9.449687274e-15
9.45473065e-15
1.057370096e-14
1.164504524e-14
1.198995906e-14
1.081109446e-14
9.676577893e-15
1.028274346e-14
1.066609518e-14
1.118268813e-14
1.035321485e-14
1.012467222e-14
9.502134578e-15
9.989933502e-15
1.027062563e-14
9.676058502e-15
1.041507183e-14
1.059088445e-14
1.027689866e-14
8.675503679e-15
7.787023069e-15
8.30570092e-15
7.185437384e-15
5.610151522e-15
5.115171435e-15
6.797751131e-15
8.187379732e-15
8.173353546e-15
6.696135749e-15
6.059320329e-15
8.10741532e-15
7.670135579e-15
6.363637854e-15
7.092489485e-15
7.066175646e-15
5.780207818e-15
4.250958774e-15
5.171895922e-15
4.783211117e-15
4.327083492e-15
4.539551179e-15
2.742800754e-15
3.387168889e-15
4.523191505e-15
4.248629172e-15
5.600675895e-15
4.928584771e-15
5.918611649e-15
4.484167245e-15
4.127259804e-15
4.10129861e-15
4.282281459e-15
3.19184019e-15
1.121278695e-15
1.008937235e-15
2.236333858e-15
4.810384205e-15
3.255099518e-15
-1.217467815e-16
1.6066754e-15
2.710224081e-15
1.982005459e-15
1.903925756e-15
1.730495329e-15
3.642327861e-15
1.151991145e-15
-7.584976796e-16
2.13401378e-15
7.429354556e-16
-6.32589333e-16
2.14743354e-15
2.708479996e-15
3.798953323e-15
1.500911568e-15
1.18917056e-15
1.874168366e-15
1.835383005e-15
2.489936832e-15
1.190331202e-15
1.424327081e-15
1.259703452e-15
3.598116666e-15
3.310130256e-15
1.477613619e-15
4.603884867e-15
2.425373432e-15
6.321623016e-16
2.188139592e-15
2.837674584e-15
5.875235385e-15
2.919992046e-15
1.300827903e-15
5.2886681e-15
3.056398129e-15
1.384615008e-15
4.040710858e-15
3.953131441e-15
5.741712353e-15
3.239714688e-15
2.203173279e-15
4.426841043e-15
5.172260401e-15
3.22225344e-15
1.193377015e-15
2.445799782e-15
2.333116496e-15
3.53991117e-15
2.285529706e-15
1.784500862e-15
2.641535304e-15
1.775125762e-15
1.417165341e-15
2.175686198e-15
1.182495178e-15
2.226912954e-15
3.661762396e-15
4.763009627e-15
4.518065779e-15
5.450379699e-15
5.856426088e-15
5.738217551e-15
6.792754037e-15
7.128280487e-15
6.440683694e-15
6.889121979e-15
7.451451342e-15
7.525360639e-15
6.823565111e-15
7.651389953e-15
7.266312337e-15
6.468459695e-15
7.211170312e-15
6.778805414e-15
7.83834761e-15
8.158103695e-15
6.641305826e-15
6.733931227e-15
7.039247718e-15
7.402604513e-15
8.374511743e-15
8.750170337e-15
8.12501907e-15
9.081691282e-15
9.851039563e-15
1.006371214e-14
9.544134703e-15
9.177778938e-15
8.493486956e-15
9.843821689e-15
8.955525465e-15
9.679573396e-15
9.608832007e-15
9.18929596e-15
9.925503933e-15
9.130979861e-15
1.012147227e-14
1.00085217e-14
9.117544809e-15
8.667853179e-15
8.693112603e-15
8.774133427e-15
8.216619562e-15
8.873082263e-15
9.052276759e-15
9.281866708e-15
8.329245622e-15
9.323364587e-15
1.022313031e-14
9.558545137e-15
9.443726334e-15
1.08157612e-14
1.114553232e-14
1.098492298e-14
1.23228056e-14
1.165705316e-14
9.385951797e-15
1.051147571e-14
1.066034567e-14
1.024378021e-14
1.097246467e-14
1.051990732e-14
1.064441061e-14
1.077034474e-14
8.580412736e-15
1.039209186e-14
1.036546991e-14
9.647374209e-15
1.043462361e-14
1.077166634e-14
9.868847381e-15
8.34314548e-15
9.806187086e-15
1.082887735e-14
1.073184794e-14
9.450566725e-15
9.195708231e-15
9.444121516e-15
9.998355776e-15
1.125123184e-14
9.97818953e-15
9.875383415e-15
1.005075001e-14
1.030918928e-14
1.121638275e-14
1.199962264e-14
1.085389922e-14
9.788135474e-15
1.000957361e-14
9.93721371e-15
1.109584685e-14
1.09595465e-14
1.053120149e-14
9.188229956e-15
9.750336405e-15
1.033791081e-14
1.002849855e-14
1.052979236e-14
1.034869225e-14
9.846336986e-15
8.643431678e-15
7.908138627e-15
8.156490041e-15
7.26476528e-15
6.200707711e-15
5.496464348e-15
6.336695464e-15
7.897322281e-15
8.094895348e-15
6.964937526e-15
6.243730107e-15
7.52257649e-15
7.560281861e-15
6.900939088e-15
7.263850842e-15
7.406058695e-15
5.612210473e-15
3.760327536e-15
4.973687984e-15
4.602067971e-15
4.627147146e-15
5.051053581e-15
3.055824506e-15
3.284849389e-15
4.368873111e-15
4.147951963e-15
5.442542292e-15
5.490488831e-15
5.592532424e-15
3.823018452e-15
4.465390781e-15
4.318766414e-15
4.008697958e-15
3.145542492e-15
1.384196181e-15
1.379223381e-15
2.036981207e-15
4.377906973e-15
3.21015026e-15
4.049333075e-16
1.464218827e-15
2.151563798e-15
1.808605091e-15
2.164995525e-15
1.941590764e-15
2.965373786e-15
1.125227267e-15
-4.73967911e-18
1.94861933e-15
6.383209086e-16
-2.019209463e-16
2.407456457e-15
2.757342927e-15
3.220784458e-15
1.63303892e-15
1.453737571e-15
1.596301106e-15
1.873017947e-15
2.529553005e-15
1.412336804e-15
1.488053679e-15
1.083193109e-15
3.734626313e-15
2.925529345e-15
1.761805586e-15
4.890938763e-15
2.550456267e-15
6.872877772e-16
2.360757789e-15
3.100362681e-15
5.107540389e-15
2.604712125e-15
1.723785433e-15
4.837281372e-15
2.807102154e-15
1.714033806e-15
3.953774138e-15
3.974684018e-15
5.777573435e-15
3.680765562e-15
2.27747891e-15
4.526166524e-15
5.076464343e-15
2.773936474e-15
1.405514483e-15
2.43411149e-15
1.990576358e-15
3.476753785e-15
2.791280348e-15
2.293041754e-15
2.246223734e-15
1.320757341e-15
2.429580498e-15
2.395401498e-15
2.023640845e-15
2.533533621e-15
3.387013962e-15
5.007073432e-15
4.615516209e-15
5.428398983e-15
5.925075279e-15
6.13071689e-15
6.754397327e-15
6.648175148e-15
6.495624862e-15
7.281927142e-15
7.402820344e-15
6.778164927e-15
6.858379473e-15
8.148922451e-15
7.33011799e-15
6.188890681e-15
7.180425745e-15
6.800475937e-15
8.11965696e-15
8.43890334e-15
6.385298647e-15
6.24098412e-15
6.812048557e-15
7.8135185e-15
8.6577331e-15
8.641824355e-15
8.264876811e-15
9.058126206e-15
9.816426619e-15
1.008293981e-14
9.792964259e-15
9.036024826e-15
8.596075379e-15
9.473781343e-15
8.815046559e-15
9.730143641e-15
1.02286004e-14
9.707863996e-15
9.154354384e-15
9.045199119e-15
1.007573967e-14
9.600698758e-15
8.939620086e-15
8.559486868e-15
9.090687642e-15
9.092027693e-15
8.144877855e-15
8.878191557e-15
9.206558053e-15
9.223049073e-15
8.206982761e-15
9.173773533e-15
1.036018485e-14
9.151560257e-15
9.531977952e-15
1.145636232e-14
1.127424414e-14
1.109642099e-14
1.169002985e-14
1.170707644e-14
9.72862287e-15
1.009735718e-14
1.071978661e-14
1.027699679e-14
1.095751175e-14
1.007746819e-14
1.064461408e-14
1.082131214e-14
8.471758862e-15
1.041950629e-14
1.071977482e-14
1.010661695e-14
9.696107878e-15
1.008025025e-14
1.048367592e-14
8.710456919e-15
9.568094641e-15
1.114633002e-14
1.073771235e-14
9.425850088e-15
9.357668322e-15
8.929553839e-15
9.965825295e-15
1.152323878e-14
1.037497264e-14
1.023068908e-14
9.985940607e-15
1.044420564e-14
1.108993588e-14
1.117316436e-14
9.918481533e-15
1.002732997e-14
1.078252316e-14
9.809969674e-15
1.122677239e-14
1.136032709e-14
9.937066119e-15
8.995524488e-15
1.034455283e-14
1.022424778e-14
9.693453108e-15
1.035714247e-14
1.056663208e-14
1.015937459e-14
8.441557173e-15
7.836209353e-15
8.274532027e-15
7.267655399e-15
5.86183803e-15
5.781163249e-15
6.743029259e-15
7.899317511e-15
7.909785613e-15
6.457857708e-15
6.320099791e-15
7.867565276e-15
7.617325502e-15
6.353659387e-15
7.076729737e-15
7.646302063e-15
6.096153108e-15
4.073779776e-15
4.720088262e-15
4.850516509e-15
4.254130886e-15
4.616366498e-15
3.380257078e-15
3.556251006e-15
4.449420467e-15
4.059378284e-15
5.243603158e-15
5.856244138e-15
5.410603454e-15
2.872732957e-15
4.03276694e-15
5.03351256e-15
4.257293832e-15
3.615422983e-15
1.567405034e-15
1.386058937e-15
2.60731633e-15
3.635474375e-15
2.075599783e-15
7.280030099e-16
2.178641619e-15
2.292289242e-15
2.647489421e-15
1.706548975e-15
1.201362519e-15
3.208864197e-15
7.139285739e-16
9.911671196e-18
2.497473113e-15
9.185016759e-16
7.988335818e-17
2.466711067e-15
2.774763697e-15
2.669272734e-15
9.738524077e-16
1.480595827e-15
1.838061302e-15
1.971364045e-15
2.84177482e-15
1.083327861e-15
1.179030044e-15
2.213531984e-15
3.844227632e-15
2.118483623e-15
1.559329215e-15
4.415829643e-15
2.539682207e-15
1.473309792e-15
2.838743673e-15
3.323410363e-15
4.657116119e-15
2.049210006e-15
1.508575114e-15
4.504727354e-15
2.706149551e-15
2.038627647e-15
4.341419789e-15
4.427988288e-15
4.787786025e-15
3.36101475e-15
3.090124733e-15
4.727422162e-15
4.857418088e-15
3.255164435e-15
1.398728494e-15
2.065393942e-15
2.441508877e-15
3.298117075e-15
2.360865122e-15
1.386603779e-15
2.764940829e-15
2.469433763e-15
1.742010698e-15
1.399840204e-15
3.269794377e-15
2.353279713e-15
3.103496469e-15
4.959564974e-15
5.010850233e-15
5.886445796e-15
5.738999457e-15
6.682110584e-15
7.24521044e-15
6.245415826e-15
6.663929643e-15
6.614497909e-15
6.5899953e-15
6.839205667e-15
7.211806693e-15
8.445256693e-15
7.049608434e-15
6.551030421e-15
7.197105123e-15
6.702381888e-15
7.68753185e-15
8.464765519e-15
6.459239012e-15
6.621396043e-15
7.270657234e-15
7.505789212e-15
7.75142176e-15
8.29390792e-15
8.844728484e-15
9.188162655e-15
9.632411709e-15
9.886598771e-15
9.813535153e-15
9.028879113e-15
9.221822523e-15
8.985358191e-15
8.637941215e-15
9.942213456e-15
1.032865539e-14
9.684385772e-15
9.440272625e-15
8.871689782e-15
8.856094275e-15
9.518275814e-15
9.614661895e-15
8.874592679e-15
8.76071182e-15
9.178915697e-15
8.377903631e-15
8.662086671e-15
9.900879137e-15
9.351351503e-15
7.994110559e-15
8.932015752e-15
1.032129151e-14
9.017050329e-15
9.626781164e-15
1.202519429e-14
1.129037094e-14
1.104751683e-14
1.132842425e-14
1.083048273e-14
1.023487286e-14
1.053948758e-14
1.062670862e-14
1.056652256e-14
1.060288908e-14
9.476299303e-15
1.057850978e-14
1.090992753e-14
8.880505183e-15
1.048546665e-14
1.078781139e-14
9.891296787e-15
9.685559152e-15
1.000398387e-14
9.973239127e-15
9.214431288e-15
9.750475573e-15
1.118490325e-14
1.04681506e-14
9.380507433e-15
9.668916953e-15
9.217940987e-15
1.027713236e-14
1.076049194e-14
9.951528871e-15
1.005712962e-14
1.000061187e-14
1.052426665e-14
1.106220029e-14
1.098774219e-14
1.007568576e-14
1.050825327e-14
1.109209186e-14
1.042655626e-14
1.12065328e-14
1.085943713e-14
9.790895167e-15
8.581693126e-15
1.018063877e-14
1.091552872e-14
9.53353747e-15
9.351315847e-15
1.079524373e-14
1.052490311e-14
8.217174887e-15
7.473095945e-15
8.583295191e-15
8.026686347e-15
5.818665584e-15
5.800697253e-15
6.222209307e-15
8.106963677e-15
8.453232809e-15
6.448055824e-15
5.616070331e-15
7.648016161e-15
8.703523157e-15
6.546910576e-15
5.873742963e-15
7.278252269e-15
6.58168873e-15
4.477434844e-15
4.220938264e-15
5.199142196e-15
5.070719917e-15
3.99555068e-15
2.529623876e-15
3.936651855e-15
5.32112969e-15
4.653701282e-15
4.319829422e-15
5.656237681e-15
5.947573033e-15
3.029442856e-15
3.734326957e-15
4.389003472e-15
4.485765042e-15
3.610330258e-15
1.539342006e-15
1.867718429e-15
3.252519537e-15
2.999538385e-15
1.098920633e-15
1.471262255e-15
2.985148002e-15
1.831616454e-15
2.219570328e-15
2.484349134e-15
2.561848695e-15
2.266034871e-15
-5.976305709e-16
-3.002143515e-16
2.550234286e-15
1.999175488e-15
9.734156697e-16
1.377660349e-15
2.554109516e-15
2.90883552e-15
8.950887049e-16
1.025215871e-15
1.228951886e-15
2.68291738e-15
3.326054698e-15
1.384134302e-15
1.123844814e-15
2.400325866e-15
3.702164849e-15
1.629396307e-15
2.046008381e-15
4.029931297e-15
2.172466182e-15
2.108722241e-15
2.384975265e-15
3.677433935e-15
4.628685591e-15
2.383540694e-15
2.219847524e-15
3.533506076e-15
2.700212157e-15
2.760162045e-15
3.424638252e-15
4.649721982e-15
4.724309744e-15
2.70150152e-15
3.632679387e-15
3.940857293e-15
4.66756999e-15
4.046747806e-15
1.703754699e-15
1.402467427e-15
2.999821676e-15
3.696769378e-15
1.505177552e-15
1.044031628e-15
2.850098408e-15
2.856451102e-15
1.177533021e-15
1.413017623e-15
3.631935468e-15
3.033678542e-15
2.62934711e-15
4.330638068e-15
5.23004485e-15
6.367105828e-15
5.138747156e-15
5.633557446e-15
7.942845173e-15
6.379931645e-15
6.463366673e-15
7.371977493e-15
6.685641041e-15
6.342282847e-15
7.213062542e-15
8.394373634e-15
6.275457629e-15
7.5022489e-15
7.751916737e-15
6.139461713e-15
7.763089142e-15
8.687795747e-15
5.599936098e-15
6.643381245e-15
8.371246426e-15
7.570501883e-15
7.615628845e-15
7.735469958e-15
9.354608332e-15
9.611450393e-15
9.657387225e-15
9.87054562e-15
8.826334496e-15
8.553213534e-15
9.923273229e-15
9.4993602e-15
8.947237488e-15
9.695893499e-15
9.299792177e-15
9.134479192e-15
1.054280799e-14
9.513860249e-15
8.051249644e-15
9.881361738e-15
9.637611149e-15
8.382739655e-15
8.384350649e-15
9.400398532e-15
8.814149289e-15
8.653994639e-15
9.974075082e-15
9.274300266e-15
7.909176502e-15
8.817220527e-15
1.025771036e-14
8.859585562e-15
9.994687584e-15
1.219425242e-14
1.124134473e-14
1.108419756e-14
1.11600114e-14
1.045049967e-14
1.051716436e-14
1.106892881e-14
1.057546348e-14
1.041212828e-14
1.006031072e-14
9.059467641e-15
1.082322531e-14
1.122947843e-14
9.380126986e-15
1.02482438e-14
1.032924111e-14
1.004358759e-14
1.054973467e-14
9.390939154e-15
8.851336075e-15
1.078834773e-14
1.091361638e-14
1.042761664e-14
9.015993707e-15
9.328394504e-15
1.103190567e-14
9.925000448e-15
9.838509911e-15
9.780069162e-15
9.434929078e-15
1.010824924e-14
1.050258622e-14
1.017106885e-14
1.054374948e-14
1.135598803e-14
1.087103529e-14
1.044576797e-14
1.073607694e-14
1.115538141e-14
1.091965408e-14
1.034363967e-14
1.013980537e-14
8.764726773e-15
9.502144532e-15
1.072584532e-14
1.041305783e-14
9.546069733e-15
1.000098227e-14
9.746141124e-15
8.936195561e-15
7.946632978e-15
7.865298824e-15
7.998812727e-15
6.817882661e-15
5.722167274e-15
5.721063608e-15
8.199219815e-15
8.592340336e-15
7.363511616e-15
5.52172636e-15
6.534824182e-15
9.112983994e-15
7.827697547e-15
5.267151812e-15
6.30618298e-15
6.781752443e-15
4.764545887e-15
3.744845058e-15
4.937732205e-15
5.654447366e-15
3.379301452e-15
2.341130614e-15
4.645018612e-15
5.574966212e-15
5.314235496e-15
4.082972587e-15
5.54452222e-15
5.408613616e-15
3.102871876e-15
3.178467857e-15
4.123261212e-15
5.265918335e-15
3.204321165e-15
2.297328258e-15
2.603798294e-15
3.320843573e-15
2.39520987e-15
7.487333634e-16
2.165070918e-15
2.399848244e-15
2.162503077e-15
2.180661569e-15
2.720842325e-15
3.492324399e-15
8.443231772e-16
-8.546001452e-16
3.546477951e-16
1.945144764e-15
2.6435499e-15
1.806169175e-15
5.74089754e-16
2.088255195e-15
2.779331093e-15
1.253932196e-15
9.800401322e-17
9.02487464e-16
3.358375474e-15
3.534198174e-15
1.494781337e-15
1.187880101e-15
3.362313937e-15
2.837223779e-15
1.76832173e-15
2.626758478e-15
2.320476823e-15
2.418478415e-15
2.572498867e-15
2.062835797e-15
5.042597931e-15
3.2873716e-15
1.705489766e-15
3.533154686e-15
2.398274125e-15
2.925037898e-15
3.678248216e-15
3.190190566e-15
5.698193053e-15
4.141409051e-15
2.281346439e-15
3.771051012e-15
3.440379825e-15
4.514479522e-15
3.536332403e-15
2.646874343e-15
2.364165357e-15
2.582360369e-15
2.938222813e-15
1.543349497e-15
1.500282548e-15
2.673145188e-15
3.151693963e-15
1.19110148e-15
7.196395657e-16
3.728573734e-15
2.873988133e-15
3.032329908e-15
5.29732824e-15
5.889970881e-15
7.35375961e-15
4.921675968e-15
4.458529368e-15
7.842226543e-15
6.400442335e-15
5.690645482e-15
7.95112332e-15
6.925666341e-15
5.489026078e-15
8.263932784e-15
8.523078072e-15
6.423276623e-15
7.938476424e-15
7.457747067e-15
5.521569021e-15
6.969455867e-15
9.012667319e-15
5.463070893e-15
6.070166747e-15
8.617205205e-15
8.277005714e-15
8.405163927e-15
7.813734985e-15
9.193155072e-15
1.025820206e-14
1.043485794e-14
9.011647744e-15
7.949220454e-15
8.176621221e-15
1.025284863e-14
1.072462136e-14
8.981476671e-15
8.349293245e-15
9.347547764e-15
9.174471974e-15
1.026963235e-14
1.062175663e-14
8.303515467e-15
9.51463994e-15
9.999402015e-15
7.993080343e-15
7.698797733e-15
9.616999482e-15
8.930198937e-15
9.307781573e-15
9.626243521e-15
8.444941445e-15
8.362841809e-15
8.707715481e-15
9.522591811e-15
9.652209475e-15
1.059473289e-14
1.138514442e-14
1.104955624e-14
1.102851724e-14
1.089801217e-14
1.124252905e-14
1.095945563e-14
1.047682245e-14
1.048985347e-14
1.026896227e-14
9.096430762e-15
9.830352542e-15
1.158951482e-14
1.107578354e-14
1.082934443e-14
1.009550101e-14
8.554268107e-15
1.048741172e-14
1.170177192e-14
9.159496848e-15
7.323028605e-15
1.013725874e-14
1.248080039e-14
9.96474643e-15
7.758159198e-15
9.907922599e-15
1.138021675e-14
9.534881731e-15
1.106137707e-14
9.094474754e-15
9.052560306e-15
1.102613263e-14
1.036736665e-14
9.555254334e-15
1.071132334e-14
1.265957577e-14
1.096676828e-14
8.717902324e-15
9.73228142e-15
1.267825764e-14
1.056134343e-14
9.6409212e-15
1.112496386e-14
9.024862184e-15
8.313097353e-15
1.016847295e-14
1.23639413e-14
1.087055527e-14
8.097665909e-15
7.793557773e-15
1.081271122e-14
9.895103537e-15
6.096842726e-15
7.175073593e-15
6.983988949e-15
6.937556877e-15
6.900556556e-15
6.541051347e-15
7.660929452e-15
8.10322102e-15
6.398619096e-15
5.829388342e-15
8.210001289e-15
8.646243931e-15
6.039904822e-15
5.435152889e-15
7.062469049e-15
6.652407589e-15
3.620577429e-15
3.044571318e-15
4.648958736e-15
3.002957261e-15
3.863517366e-15
5.140008989e-15
5.217249272e-15
6.023221616e-15
3.928909858e-15
5.560015673e-15
3.959797194e-15
3.372367172e-15
3.896227023e-15
3.597934606e-15
3.589721425e-15
3.46996593e-15
4.387477159e-15
3.524280272e-15
3.478328039e-15
4.546803402e-16
3.333380435e-16
3.037351829e-15
1.782127565e-15
2.8943555e-15
3.184879619e-15
2.233242949e-15
2.118296949e-15
-1.363351416e-15
2.170255008e-16
3.31642357e-15
3.101466174e-16
1.813119197e-15
3.721442418e-15
1.608607416e-15
1.229419995e-15
9.237475116e-16
2.366925162e-15
5.579684415e-16
4.543865759e-16
2.937609414e-15
3.608887171e-15
1.503118809e-15
1.173295507e-15
4.140981154e-15
1.597538875e-15
2.481440832e-15
3.76746014e-15
-4.149430077e-16
2.942073964e-15
3.557546032e-15
2.849691408e-15
6.093200416e-15
1.003113618e-15
1.749596749e-15
4.311331281e-15
-8.340463541e-16
3.508476467e-15
5.958481833e-15
4.244273011e-15
6.610386517e-15
7.508045852e-16
2.584831238e-15
7.127683315e-15
3.258482677e-15
1.409937041e-15
3.441196766e-15
4.792309164e-15
3.307998991e-15
1.619113788e-15
3.787460815e-16
2.787477566e-15
3.315950531e-15
2.639279229e-15
3.062214165e-15
-3.06369315e-16
-3.554733143e-16
)
;

boundaryField
{
    inlet
    {
        type            cyclic;
    }
    outlet
    {
        type            cyclic;
    }
    topWall
    {
        type            zeroGradient;
    }
    bottomWall
    {
        type            zeroGradient;
    }
    frontAndBack
    {
        type            empty;
    }
}


// ************************************************************************* //
