/*--------------------------------*- C++ -*----------------------------------*\
  =========                 |
  \\      /  F ield         | OpenFOAM: The Open Source CFD Toolbox
   \\    /   O peration     | Website:  https://openfoam.org
    \\  /    A nd           | Version:  10
     \\/     M anipulation  |
\*---------------------------------------------------------------------------*/
FoamFile
{
    format      ascii;
    class       volScalarField;
    location    "1500";
    object      p;
}
// * * * * * * * * * * * * * * * * * * * * * * * * * * * * * * * * * * * * * //

dimensions      [0 2 -2 0 0 0 0];

internalField   nonuniform List<scalar> 
4000
(
-2.16201227e-15
-7.802859529e-15
-6.78204462e-15
-6.096730544e-15
-5.090595728e-15
-4.889868461e-15
-5.072201304e-15
-5.23231996e-15
-4.769992376e-15
-4.578983188e-15
-4.811801213e-15
-4.829176301e-15
-4.777424813e-15
-5.046451213e-15
-5.341858076e-15
-5.146937591e-15
-5.034342941e-15
-5.214222327e-15
-5.173475962e-15
-5.154497942e-15
-5.678192318e-15
-5.145581434e-15
-5.096092059e-15
-6.696525269e-15
-7.273875674e-15
-6.748011622e-15
-6.261729555e-15
-6.599186488e-15
-6.605560635e-15
-6.054683431e-15
-6.224138758e-15
-5.740170467e-15
-5.674603167e-15
-5.996382547e-15
-5.539986614e-15
-5.996898029e-15
-5.777329913e-15
-6.267440687e-15
-7.031361197e-15
-7.495826092e-15
-7.973880544e-15
-7.565001827e-15
-7.36467556e-15
-6.565557824e-15
-7.72226283e-15
-7.641836181e-15
-7.378215573e-15
-8.222803144e-15
-7.868599802e-15
-8.442687115e-15
-8.447344021e-15
-7.470064622e-15
-7.876516036e-15
-8.294991562e-15
-7.604690581e-15
-7.271030483e-15
-7.767324234e-15
-7.011375157e-15
-7.597256856e-15
-7.449001002e-15
-6.410159347e-15
-6.979247796e-15
-6.737185001e-15
-5.997558299e-15
-6.358375824e-15
-7.432056121e-15
-7.246586589e-15
-7.668788542e-15
-8.393995723e-15
-7.09909329e-15
-5.771558484e-15
-7.342298205e-15
-8.487302897e-15
-6.349603501e-15
-6.475883034e-15
-8.887697908e-15
-9.393276939e-15
-8.364744136e-15
-6.963791583e-15
-9.049710335e-15
-9.970204969e-15
-8.574375041e-15
-9.018760046e-15
-9.960865915e-15
-1.013782703e-14
-9.828603196e-15
-8.776798551e-15
-8.104528904e-15
-8.553194416e-15
-1.013579553e-14
-1.04003658e-14
-8.116226513e-15
-8.195148814e-15
-1.033611154e-14
-9.830864946e-15
-8.969599974e-15
-1.071125451e-14
-9.968934645e-15
-7.576139762e-15
-7.982518685e-15
-1.048420134e-14
-1.077357684e-14
-9.337102901e-15
-9.261562853e-15
-9.995817968e-15
-1.076063687e-14
-9.405125253e-15
-9.077399383e-15
-1.120517537e-14
-1.241102173e-14
-1.025691113e-14
-9.694902775e-15
-1.208480435e-14
-1.20986275e-14
-1.161485871e-14
-1.044765054e-14
-9.485568901e-15
-1.192489013e-14
-1.266225126e-14
-9.91810283e-15
-9.007147398e-15
-1.145219369e-14
-1.320968375e-14
-1.236342189e-14
-1.274694697e-14
-1.28409225e-14
-1.279262451e-14
-1.166649108e-14
-1.108935836e-14
-1.365237709e-14
-1.243329646e-14
-1.096761131e-14
-1.188944174e-14
-1.076147708e-14
-1.167334751e-14
-1.210821316e-14
-1.116266044e-14
-1.219665021e-14
-1.329973093e-14
-1.233775969e-14
-1.076697915e-14
-1.148092281e-14
-1.320681262e-14
-1.443876912e-14
-1.436056683e-14
-1.449493461e-14
-1.61154592e-14
-1.449146367e-14
-1.33666209e-14
-1.546933914e-14
-1.627074434e-14
-1.742754522e-14
-1.527129096e-14
-1.35854739e-14
-1.711682368e-14
-1.565021602e-14
-1.229958204e-14
-1.26568583e-14
-1.349597766e-14
-1.587972248e-14
-1.467984304e-14
-1.205247365e-14
-1.29193511e-14
-1.383036813e-14
-1.265651802e-14
-1.184169071e-14
-1.2714567e-14
-1.326686299e-14
-1.476202362e-14
-1.461123969e-14
-1.204130526e-14
-1.300341892e-14
-1.391021554e-14
-1.018265116e-14
-1.207265615e-14
-1.113534716e-14
-1.060630694e-14
-1.142586163e-14
-8.004081811e-15
-1.178962854e-14
-1.083631443e-14
-7.705481894e-15
-9.961106717e-15
-8.544501663e-15
-1.01097749e-14
-1.142936031e-14
-7.234531471e-15
-9.821639407e-15
-1.085141025e-14
-6.982689297e-15
-6.836209263e-15
-8.755455948e-15
-7.884390663e-15
-8.634477458e-15
-1.02262152e-14
-8.006073464e-15
-7.694787912e-15
-6.462531101e-15
-3.631344544e-15
-5.679867366e-15
-5.793880432e-15
-7.453443667e-15
-6.546209654e-15
-5.982328683e-15
-4.959114264e-15
-4.694941973e-15
-5.023347437e-15
-5.317260056e-15
-4.807534456e-15
-4.317033626e-15
-4.791270338e-15
-4.914065425e-15
-4.658058891e-15
-5.075047257e-15
-5.474199176e-15
-5.240018476e-15
-5.087463631e-15
-5.308016905e-15
-5.204026701e-15
-5.051153999e-15
-5.542312124e-15
-5.201791366e-15
-5.374161361e-15
-6.793941227e-15
-6.943131815e-15
-6.572272007e-15
-6.499732012e-15
-6.621950698e-15
-6.403634628e-15
-6.237592358e-15
-6.315158418e-15
-5.854502061e-15
-5.627986937e-15
-5.94856188e-15
-5.625520265e-15
-5.662119871e-15
-6.026317725e-15
-6.460876316e-15
-7.111369116e-15
-7.506181227e-15
-7.469387497e-15
-7.614408636e-15
-7.437536141e-15
-6.91147918e-15
-7.45938278e-15
-7.711971447e-15
-7.621223521e-15
-7.728797158e-15
-8.105796572e-15
-8.429691594e-15
-8.262694288e-15
-7.596708576e-15
-7.840582373e-15
-8.532017723e-15
-7.948221335e-15
-7.01317503e-15
-7.243243718e-15
-7.396855502e-15
-7.457572161e-15
-7.256963531e-15
-6.651171222e-15
-7.0228241e-15
-6.717862111e-15
-6.18838646e-15
-6.478728103e-15
-6.75944962e-15
-7.287502425e-15
-7.999261331e-15
-8.183519091e-15
-6.8434731e-15
-6.478031881e-15
-7.461184734e-15
-7.409469258e-15
-7.085766892e-15
-7.164673414e-15
-8.058652042e-15
-9.062308205e-15
-8.605107571e-15
-8.039896416e-15
-8.40785959e-15
-9.377064432e-15
-8.75564173e-15
-9.092505462e-15
-1.042569934e-14
-9.618887286e-15
-9.14390056e-15
-9.219387116e-15
-8.781722161e-15
-9.129792769e-15
-9.703592741e-15
-9.085078659e-15
-8.716725158e-15
-9.206534625e-15
-9.417005397e-15
-9.663592099e-15
-9.611854202e-15
-1.018674572e-14
-9.693522159e-15
-8.607001354e-15
-8.289735887e-15
-9.250420752e-15
-1.029249922e-14
-1.010166319e-14
-1.015639988e-14
-9.263285625e-15
-9.873232905e-15
-9.829547353e-15
-9.788216044e-15
-1.122899376e-14
-1.149672164e-14
-1.141630863e-14
-1.049933986e-14
-1.073179073e-14
-1.14659787e-14
-1.13735444e-14
-1.125796851e-14
-1.011573012e-14
-1.116587889e-14
-1.191627536e-14
-1.033667301e-14
-9.659424893e-15
-1.152829075e-14
-1.258894143e-14
-1.297043783e-14
-1.253468094e-14
-1.215020076e-14
-1.296072908e-14
-1.184357139e-14
-1.212045444e-14
-1.296325065e-14
-1.235719699e-14
-1.155314525e-14
-1.095549762e-14
-1.145332583e-14
-1.149344043e-14
-1.170669449e-14
-1.184656581e-14
-1.183059285e-14
-1.279848751e-14
-1.215618947e-14
-1.130806183e-14
-1.276208978e-14
-1.317473586e-14
-1.358919355e-14
-1.403482383e-14
-1.368597426e-14
-1.513375208e-14
-1.598411298e-14
-1.542799426e-14
-1.482599005e-14
-1.527453265e-14
-1.656784589e-14
-1.600326414e-14
-1.485340117e-14
-1.49177816e-14
-1.480706189e-14
-1.392243032e-14
-1.376304443e-14
-1.42175496e-14
-1.425823014e-14
-1.327123572e-14
-1.276885159e-14
-1.376152634e-14
-1.374594147e-14
-1.168843313e-14
-1.268530374e-14
-1.334191262e-14
-1.360069873e-14
-1.400478916e-14
-1.262704362e-14
-1.294980758e-14
-1.361645177e-14
-1.351152758e-14
-1.245029709e-14
-1.133946793e-14
-1.014291821e-14
-1.072998844e-14
-1.132795384e-14
-9.47188409e-15
-9.663400955e-15
-1.06122811e-14
-8.788367235e-15
-8.987842188e-15
-1.00630819e-14
-1.007704387e-14
-1.049715368e-14
-8.427033696e-15
-8.451735973e-15
-9.645514458e-15
-8.202541609e-15
-8.222832108e-15
-8.067119766e-15
-7.821822281e-15
-9.368145619e-15
-9.096078661e-15
-7.549795262e-15
-7.53018905e-15
-6.875294595e-15
-5.186120962e-15
-5.81455755e-15
-5.754534161e-15
-7.152278926e-15
-6.4508006e-15
-5.991687468e-15
-4.637684247e-15
-4.475355556e-15
-4.976535991e-15
-5.432440545e-15
-4.875538712e-15
-4.23701961e-15
-4.810435039e-15
-4.905473844e-15
-4.443433739e-15
-5.007313453e-15
-5.637756878e-15
-5.342317888e-15
-5.087621279e-15
-5.382496024e-15
-5.155916279e-15
-5.115955344e-15
-5.455206324e-15
-4.973208112e-15
-5.606392793e-15
-7.141714366e-15
-6.872622826e-15
-6.426341088e-15
-6.451250916e-15
-6.558066813e-15
-6.391702227e-15
-6.232006308e-15
-6.434461533e-15
-5.95052553e-15
-5.676010239e-15
-5.707439591e-15
-5.675066605e-15
-5.827206288e-15
-6.068294733e-15
-6.322634187e-15
-7.065326812e-15
-7.461428652e-15
-7.456989494e-15
-7.826868422e-15
-7.350949013e-15
-7.006416314e-15
-7.173057081e-15
-7.74540386e-15
-7.874780678e-15
-7.510528057e-15
-8.112510578e-15
-8.623803812e-15
-8.219527327e-15
-7.632681221e-15
-7.84531751e-15
-8.490725545e-15
-7.988217254e-15
-6.947824594e-15
-7.279645553e-15
-7.675008455e-15
-7.037379259e-15
-7.148268931e-15
-6.944753271e-15
-6.75458906e-15
-6.654230449e-15
-6.563684629e-15
-6.354560487e-15
-6.454593552e-15
-7.589343652e-15
-8.067892228e-15
-7.65621859e-15
-7.019878275e-15
-7.114950408e-15
-7.215085317e-15
-6.846725136e-15
-7.626991931e-15
-7.932262319e-15
-7.365189114e-15
-8.454560658e-15
-9.083079629e-15
-8.583817234e-15
-7.837488008e-15
-9.066441186e-15
-9.302383196e-15
-9.371381836e-15
-9.988641159e-15
-9.132400009e-15
-8.660041086e-15
-9.83940842e-15
-9.661652805e-15
-8.930669233e-15
-9.24217582e-15
-8.694180267e-15
-9.322039212e-15
-9.500254466e-15
-9.049017588e-15
-9.834796378e-15
-9.948309431e-15
-9.83699994e-15
-9.29262772e-15
-9.106890119e-15
-8.767663743e-15
-8.678628875e-15
-9.783836927e-15
-1.007473562e-14
-1.063550991e-14
-9.545990102e-15
-9.166253936e-15
-9.993847282e-15
-1.014924357e-14
-1.104164143e-14
-1.083818102e-14
-1.202618009e-14
-1.168616055e-14
-9.960687154e-15
-1.092720692e-14
-1.149366514e-14
-1.09837552e-14
-1.098900359e-14
-1.095728466e-14
-1.058235641e-14
-1.076659827e-14
-1.034251263e-14
-1.17330939e-14
-1.22216019e-14
-1.289034351e-14
-1.228969206e-14
-1.238517989e-14
-1.311018269e-14
-1.185454517e-14
-1.283531e-14
-1.245581617e-14
-1.174465699e-14
-1.176665701e-14
-1.119539199e-14
-1.174100036e-14
-1.140917951e-14
-1.109442531e-14
-1.225944432e-14
-1.171982037e-14
-1.187977514e-14
-1.285649331e-14
-1.227646603e-14
-1.292960131e-14
-1.284564085e-14
-1.323395145e-14
-1.344642625e-14
-1.337016583e-14
-1.493586192e-14
-1.650204685e-14
-1.65574495e-14
-1.487883682e-14
-1.516295714e-14
-1.552297547e-14
-1.569736574e-14
-1.55721687e-14
-1.444377574e-14
-1.442603212e-14
-1.485344124e-14
-1.43319025e-14
-1.432601021e-14
-1.321225761e-14
-1.235733858e-14
-1.359336151e-14
-1.386086987e-14
-1.330218986e-14
-1.239687506e-14
-1.322482284e-14
-1.350970552e-14
-1.335164448e-14
-1.264228239e-14
-1.217847788e-14
-1.399410005e-14
-1.39537084e-14
-1.214785829e-14
-1.351084779e-14
-1.280274874e-14
-9.917974579e-15
-1.016827245e-14
-1.063216723e-14
-1.027257951e-14
-9.077480229e-15
-9.987477385e-15
-9.755080975e-15
-8.112160784e-15
-1.042669101e-14
-1.057298861e-14
-9.057112416e-15
-9.388582663e-15
-9.38437569e-15
-8.702096685e-15
-8.152280668e-15
-8.755328713e-15
-8.14541507e-15
-7.910809365e-15
-9.33313843e-15
-8.106290561e-15
-7.041815872e-15
-8.271281786e-15
-7.461672245e-15
-6.470622257e-15
-5.851432283e-15
-5.542221542e-15
-7.037374897e-15
-6.406343555e-15
-5.871339433e-15
-4.557614367e-15
-4.419052404e-15
-4.690851969e-15
-5.345551983e-15
-4.80008838e-15
-4.205525454e-15
-4.933992751e-15
-4.935833748e-15
-4.58445971e-15
-4.817429651e-15
-5.504072412e-15
-5.507705967e-15
-5.054184354e-15
-5.459661863e-15
-5.058369968e-15
-5.056095369e-15
-5.415578725e-15
-5.043394863e-15
-5.427404363e-15
-7.269936841e-15
-6.940690484e-15
-6.367467545e-15
-6.480950437e-15
-6.517468956e-15
-6.52892496e-15
-6.053742355e-15
-6.438735071e-15
-6.21309046e-15
-5.989979056e-15
-5.409845972e-15
-5.594487228e-15
-5.984697626e-15
-5.966802873e-15
-6.059918607e-15
-6.896178961e-15
-7.761446208e-15
-7.806509706e-15
-7.686273863e-15
-7.225456784e-15
-7.284554181e-15
-7.110474324e-15
-7.458466633e-15
-7.797051873e-15
-7.74019003e-15
-8.283715684e-15
-8.74788903e-15
-8.122773572e-15
-7.636371983e-15
-7.620573797e-15
-8.328532333e-15
-7.84758785e-15
-6.933829499e-15
-7.607619501e-15
-7.690359425e-15
-6.923305452e-15
-7.084925256e-15
-6.837931165e-15
-6.27615927e-15
-6.66334774e-15
-7.037007092e-15
-6.313149646e-15
-6.505047939e-15
-7.781387231e-15
-7.581219616e-15
-7.463699064e-15
-7.832065062e-15
-7.018624897e-15
-6.491794087e-15
-7.124590634e-15
-7.953426853e-15
-8.239814954e-15
-7.29943813e-15
-7.930710648e-15
-9.439844354e-15
-8.574121153e-15
-7.544889007e-15
-8.950671497e-15
-9.752887216e-15
-9.541786734e-15
-9.282300688e-15
-9.104363626e-15
-8.973681113e-15
-9.715260582e-15
-9.899315175e-15
-8.834822833e-15
-8.94731513e-15
-9.099042359e-15
-9.366200104e-15
-9.09060402e-15
-9.536233712e-15
-1.017304083e-14
-1.000473347e-14
-9.09644276e-15
-9.008261055e-15
-9.602941691e-15
-9.150814275e-15
-8.366327823e-15
-9.620299846e-15
-1.008963759e-14
-1.041748053e-14
-1.012582787e-14
-9.047674794e-15
-9.784728678e-15
-1.032833697e-14
-1.072945527e-14
-1.072781584e-14
-1.209937762e-14
-1.208696692e-14
-1.004392867e-14
-1.055481921e-14
-1.157524528e-14
-1.089475908e-14
-1.131588005e-14
-1.068770241e-14
-9.642600373e-15
-1.124341688e-14
-1.11409344e-14
-1.160141559e-14
-1.180548422e-14
-1.285026477e-14
-1.262337407e-14
-1.265483673e-14
-1.270673495e-14
-1.247295253e-14
-1.270693887e-14
-1.16582995e-14
-1.160655739e-14
-1.205589038e-14
-1.190559329e-14
-1.149272698e-14
-1.104613533e-14
-1.095430177e-14
-1.222238029e-14
-1.187383649e-14
-1.156226337e-14
-1.336988946e-14
-1.341543604e-14
-1.237710358e-14
-1.23080791e-14
-1.293945691e-14
-1.279390842e-14
-1.406444712e-14
-1.528784078e-14
-1.587808037e-14
-1.657127628e-14
-1.555529596e-14
-1.534318193e-14
-1.475961122e-14
-1.54927922e-14
-1.578561229e-14
-1.433372712e-14
-1.468318516e-14
-1.558908363e-14
-1.43723157e-14
-1.370709018e-14
-1.274549133e-14
-1.250197005e-14
-1.386037546e-14
-1.343543539e-14
-1.339684769e-14
-1.396018621e-14
-1.32712519e-14
-1.221738262e-14
-1.27255072e-14
-1.230542023e-14
-1.314737418e-14
-1.414207845e-14
-1.36374401e-14
-1.219738434e-14
-1.32395641e-14
-1.323484905e-14
-1.098035808e-14
-9.919243749e-15
-9.337630264e-15
-1.057923936e-14
-9.270943202e-15
-9.351784933e-15
-1.047507272e-14
-8.608652845e-15
-9.268595021e-15
-1.046525144e-14
-8.980883657e-15
-9.685335511e-15
-1.01674205e-14
-8.697343736e-15
-8.625745577e-15
-8.372024851e-15
-7.75817032e-15
-8.180915058e-15
-8.52133222e-15
-7.589888932e-15
-7.837414279e-15
-8.533284897e-15
-7.507207212e-15
-7.738855489e-15
-5.833483455e-15
-5.594772841e-15
-6.991953912e-15
-6.421062157e-15
-5.837255188e-15
-4.305130181e-15
-4.31037847e-15
-4.877213102e-15
-5.292749143e-15
-4.57489828e-15
-4.083852795e-15
-4.775648774e-15
-4.870670967e-15
-4.838720079e-15
-4.823809997e-15
-5.430984375e-15
-5.508081703e-15
-5.419834828e-15
-5.461570273e-15
-5.032018427e-15
-4.943060126e-15
-5.088385792e-15
-5.161609004e-15
-5.542979017e-15
-7.350477158e-15
-7.09129125e-15
-6.398032787e-15
-6.599636455e-15
-6.454155537e-15
-6.642521197e-15
-5.77598549e-15
-6.331770374e-15
-6.288979375e-15
-5.907860625e-15
-5.273849511e-15
-5.677127413e-15
-6.115599385e-15
-5.872682805e-15
-6.018995389e-15
-6.988277526e-15
-7.906438947e-15
-7.729205929e-15
-7.720014243e-15
-7.306639694e-15
-7.526760236e-15
-7.489596046e-15
-7.103761471e-15
-7.51041891e-15
-7.704423454e-15
-8.3438457e-15
-9.041365463e-15
-8.28956465e-15
-7.808888625e-15
-7.413395292e-15
-8.123513412e-15
-7.693495756e-15
-6.986468555e-15
-7.615293392e-15
-7.576843665e-15
-6.881350846e-15
-6.886081678e-15
-6.878504828e-15
-6.299816571e-15
-6.912025875e-15
-6.857558929e-15
-6.327140427e-15
-6.598269594e-15
-7.906687443e-15
-7.08311644e-15
-7.568201577e-15
-8.368225207e-15
-6.658237784e-15
-6.124322744e-15
-7.331502487e-15
-7.833838403e-15
-8.213580565e-15
-7.411448889e-15
-7.615947662e-15
-9.461426595e-15
-8.833306022e-15
-7.628528019e-15
-8.586253731e-15
-9.731978183e-15
-9.756084088e-15
-9.085121929e-15
-9.524884011e-15
-9.624790863e-15
-9.050600473e-15
-9.857526774e-15
-9.133776184e-15
-8.551206545e-15
-9.455641411e-15
-9.528562607e-15
-8.655321763e-15
-9.740628731e-15
-1.04124405e-14
-1.022917071e-14
-8.279851318e-15
-8.684833456e-15
-1.007162781e-14
-9.826120154e-15
-8.09950779e-15
-9.326731921e-15
-1.038386662e-14
-1.019153394e-14
-1.059977197e-14
-9.082039373e-15
-9.055148831e-15
-1.038912659e-14
-1.110976666e-14
-1.089002059e-14
-1.183534344e-14
-1.167369374e-14
-1.094195716e-14
-1.014695634e-14
-1.110846128e-14
-1.152110808e-14
-1.10894012e-14
-1.014647224e-14
-9.706341467e-15
-1.138658407e-14
-1.154354084e-14
-1.113629151e-14
-1.163591222e-14
-1.301077404e-14
-1.318988208e-14
-1.246526955e-14
-1.23504957e-14
-1.356406907e-14
-1.201186807e-14
-1.039917605e-14
-1.202508678e-14
-1.279500336e-14
-1.216193958e-14
-1.150605382e-14
-1.089903268e-14
-1.080926473e-14
-1.131585198e-14
-1.219616918e-14
-1.204209294e-14
-1.317908946e-14
-1.434275254e-14
-1.219893264e-14
-1.152143547e-14
-1.215423506e-14
-1.270440018e-14
-1.517907781e-14
-1.56960729e-14
-1.530617728e-14
-1.592545901e-14
-1.631133195e-14
-1.54554155e-14
-1.410352792e-14
-1.619716375e-14
-1.574071968e-14
-1.366014561e-14
-1.501865135e-14
-1.611149694e-14
-1.447015323e-14
-1.358967926e-14
-1.212318102e-14
-1.254258193e-14
-1.389883587e-14
-1.351135661e-14
-1.408745054e-14
-1.432797127e-14
-1.315043205e-14
-1.096788224e-14
-1.215916273e-14
-1.291622118e-14
-1.411230277e-14
-1.363648649e-14
-1.323473704e-14
-1.329154016e-14
-1.289035061e-14
-1.223798936e-14
-1.211392383e-14
-1.007687079e-14
-7.903721218e-15
-1.070427218e-14
-9.406726096e-15
-9.11427692e-15
-1.106374988e-14
-9.687310189e-15
-8.831192478e-15
-9.3900653e-15
-9.027048741e-15
-1.001330734e-14
-9.505092905e-15
-8.835950675e-15
-1.003316057e-14
-8.400347184e-15
-7.342108952e-15
-8.486518824e-15
-7.507872349e-15
-6.925289306e-15
-8.943319657e-15
-8.098848905e-15
-7.405357335e-15
-8.629028205e-15
-5.679692223e-15
-6.146031993e-15
-7.241335616e-15
-6.346596041e-15
-5.79328205e-15
-4.067789802e-15
-4.086376863e-15
-5.165265375e-15
-5.269095914e-15
-4.251060829e-15
-4.147791455e-15
-4.830238484e-15
-4.598512982e-15
-4.764660108e-15
-4.838948711e-15
-5.545866408e-15
-5.566691718e-15
-5.555915144e-15
-5.413908366e-15
-4.782823405e-15
-5.297940931e-15
-4.989518261e-15
-4.722536447e-15
-5.750634524e-15
-7.164473196e-15
-7.282709509e-15
-6.689501902e-15
-6.67778659e-15
-6.552475256e-15
-6.197666428e-15
-5.600976105e-15
-6.532655301e-15
-6.440435871e-15
-5.723333023e-15
-5.232021917e-15
-5.869632104e-15
-6.04091407e-15
-5.815266808e-15
-5.932209539e-15
-7.051628862e-15
-8.117853057e-15
-7.699227779e-15
-7.647164751e-15
-7.223518961e-15
-7.706236596e-15
-7.577556523e-15
-7.460733577e-15
-7.250394907e-15
-7.358856728e-15
-8.504963162e-15
-9.007774145e-15
-8.233708532e-15
-7.984371606e-15
-7.872640145e-15
-7.791027592e-15
-7.467117699e-15
-7.402483924e-15
-7.413726528e-15
-7.211456784e-15
-7.122931422e-15
-6.884354795e-15
-6.441083552e-15
-6.557636355e-15
-7.212411643e-15
-6.818808182e-15
-6.097978963e-15
-6.76470881e-15
-8.00120954e-15
-7.123518226e-15
-7.558262531e-15
-8.18438895e-15
-6.799357682e-15
-5.780879571e-15
-7.158493022e-15
-7.995599448e-15
-8.181057864e-15
-7.433474598e-15
-7.472544745e-15
-9.602930775e-15
-8.914601818e-15
-7.472715944e-15
-8.127510944e-15
-9.736890231e-15
-1.033302594e-14
-9.135697989e-15
-9.399316385e-15
-9.767576212e-15
-9.124484877e-15
-9.838382725e-15
-9.083993868e-15
-8.239685615e-15
-9.48731485e-15
-9.569796172e-15
-8.790921508e-15
-9.989111996e-15
-1.046390507e-14
-1.029451188e-14
-8.214858253e-15
-8.356701132e-15
-1.019623823e-14
-1.021049971e-14
-7.969001813e-15
-9.058299139e-15
-1.037631649e-14
-1.058045444e-14
-1.040395862e-14
-8.920594403e-15
-8.947290431e-15
-1.060226732e-14
-1.117020795e-14
-1.09155341e-14
-1.157113633e-14
-1.166076235e-14
-1.145347858e-14
-9.971029362e-15
-1.05340995e-14
-1.200459772e-14
-1.130826647e-14
-9.804708222e-15
-1.01310743e-14
-1.095564736e-14
-1.092090522e-14
-1.124565442e-14
-1.178283889e-14
-1.326982614e-14
-1.368531078e-14
-1.224900173e-14
-1.235495572e-14
-1.364327002e-14
-1.198899644e-14
-9.961882725e-15
-1.221181404e-14
-1.285484667e-14
-1.244542854e-14
-1.113410849e-14
-1.04969591e-14
-1.11902276e-14
-1.130709236e-14
-1.203530369e-14
-1.191735435e-14
-1.289391363e-14
-1.484489932e-14
-1.260930608e-14
-1.112975171e-14
-1.175858308e-14
-1.340204616e-14
-1.538983998e-14
-1.527508987e-14
-1.510869139e-14
-1.586247648e-14
-1.66803582e-14
-1.479600965e-14
-1.445141146e-14
-1.643996065e-14
-1.574658085e-14
-1.354458694e-14
-1.511217158e-14
-1.637509535e-14
-1.423218234e-14
-1.352594291e-14
-1.162340725e-14
-1.285057293e-14
-1.397020783e-14
-1.374293483e-14
-1.446579569e-14
-1.439929309e-14
-1.272880318e-14
-1.065343905e-14
-1.224008933e-14
-1.308972543e-14
-1.463617301e-14
-1.316955019e-14
-1.27753502e-14
-1.378099381e-14
-1.311323008e-14
-1.170707135e-14
-1.234250952e-14
-1.052076492e-14
-7.538123773e-15
-9.94099885e-15
-9.485594844e-15
-9.646275489e-15
-1.142818777e-14
-9.759760921e-15
-8.459388637e-15
-8.803084143e-15
-9.626173825e-15
-1.066788382e-14
-8.431492744e-15
-8.642565108e-15
-1.076214816e-14
-8.349244571e-15
-6.971723086e-15
-8.697089538e-15
-7.492045958e-15
-7.328940163e-15
-9.022470257e-15
-7.096227207e-15
-7.259300229e-15
-8.990631745e-15
-6.130426897e-15
-6.803026637e-15
-7.229349715e-15
-6.113798612e-15
-5.614700954e-15
-4.235009553e-15
-4.059583296e-15
-5.260653312e-15
-5.051584632e-15
-4.055164442e-15
-4.280896167e-15
-4.725511363e-15
-4.664192565e-15
-4.552614086e-15
-4.74517552e-15
-5.272207049e-15
-5.842065936e-15
-5.496544356e-15
-5.426306574e-15
-4.729573629e-15
-5.416009693e-15
-4.755772346e-15
-4.323462227e-15
-6.017581517e-15
-7.358268562e-15
-7.277557646e-15
-7.159676572e-15
-6.72986854e-15
-6.419103281e-15
-5.907663712e-15
-5.521930963e-15
-6.826164061e-15
-6.489584747e-15
-5.242919626e-15
-5.721663449e-15
-6.222315445e-15
-5.599580026e-15
-5.900416999e-15
-6.235913295e-15
-7.05093152e-15
-8.035820952e-15
-7.850464871e-15
-7.527254314e-15
-7.140493862e-15
-7.457033498e-15
-7.244552137e-15
-7.813673369e-15
-7.528090802e-15
-6.862099094e-15
-8.806601848e-15
-9.081439255e-15
-7.931808147e-15
-7.851878557e-15
-8.105436092e-15
-7.749742525e-15
-7.34323122e-15
-7.667389289e-15
-7.526700684e-15
-7.268208943e-15
-7.276597247e-15
-6.54222105e-15
-5.924255464e-15
-6.848527245e-15
-7.658358167e-15
-6.724554948e-15
-6.052381844e-15
-6.982682907e-15
-7.701028965e-15
-7.330627649e-15
-7.655777252e-15
-7.465634948e-15
-6.846617024e-15
-6.08825503e-15
-6.96101976e-15
-8.251471985e-15
-8.312802572e-15
-7.034681482e-15
-7.58846501e-15
-9.433380825e-15
-8.973498455e-15
-7.944338397e-15
-8.299647258e-15
-9.325194895e-15
-1.037445745e-14
-9.263952143e-15
-9.088999857e-15
-9.587739743e-15
-9.31715116e-15
-9.398855781e-15
-9.382005726e-15
-8.440652274e-15
-9.251185084e-15
-9.362985483e-15
-9.120190932e-15
-9.952359306e-15
-1.027912843e-14
-1.063624238e-14
-8.988389688e-15
-8.466313563e-15
-9.432402138e-15
-1.002032596e-14
-8.827168224e-15
-8.900046636e-15
-1.02137746e-14
-1.087426455e-14
-9.863703172e-15
-8.773978865e-15
-9.385299824e-15
-1.038902563e-14
-1.113346049e-14
-1.119016887e-14
-1.134357069e-14
-1.204240501e-14
-1.166964846e-14
-9.938130887e-15
-1.012955521e-14
-1.187300319e-14
-1.169163416e-14
-9.828039712e-15
-1.031706463e-14
-1.069946461e-14
-1.018183802e-14
-1.125051397e-14
-1.224277875e-14
-1.361715574e-14
-1.359240252e-14
-1.225806242e-14
-1.227015498e-14
-1.288463971e-14
-1.25603738e-14
-1.087480239e-14
-1.193866316e-14
-1.267922165e-14
-1.207202502e-14
-1.099234896e-14
-1.023683447e-14
-1.12003086e-14
-1.208597516e-14
-1.131324175e-14
-1.129400478e-14
-1.300583045e-14
-1.506708183e-14
-1.269559759e-14
-1.169989068e-14
-1.148923803e-14
-1.386212367e-14
-1.582552156e-14
-1.494594214e-14
-1.502393612e-14
-1.625779292e-14
-1.6335972e-14
-1.415811194e-14
-1.439589249e-14
-1.602408435e-14
-1.599531194e-14
-1.401945004e-14
-1.526410389e-14
-1.649028928e-14
-1.381480125e-14
-1.343579233e-14
-1.181590377e-14
-1.310176352e-14
-1.40345832e-14
-1.347459804e-14
-1.415504961e-14
-1.420318686e-14
-1.2734379e-14
-1.120872521e-14
-1.340550886e-14
-1.266424946e-14
-1.423588854e-14
-1.335279297e-14
-1.183153209e-14
-1.354440855e-14
-1.35782053e-14
-1.185991798e-14
-1.237287252e-14
-1.062163746e-14
-7.836884725e-15
-9.369940605e-15
-9.062101036e-15
-1.037069341e-14
-1.175594332e-14
-9.148504903e-15
-8.453272728e-15
-8.7574265e-15
-1.003928141e-14
-1.098968577e-14
-7.857714506e-15
-8.22656447e-15
-1.060344685e-14
-8.701420417e-15
-6.957670816e-15
-8.871927051e-15
-7.604816318e-15
-7.800447103e-15
-8.416465738e-15
-6.357054291e-15
-7.684022962e-15
-8.98834267e-15
-6.542768449e-15
-7.342382133e-15
-7.507030964e-15
-5.824713449e-15
-5.265873612e-15
-4.24472202e-15
-4.028138463e-15
-4.956006225e-15
-5.002171251e-15
-4.370946006e-15
-4.560689946e-15
-4.815495492e-15
-4.453690561e-15
-4.594913805e-15
-4.82188613e-15
-4.876509135e-15
-5.423960318e-15
-5.632465171e-15
-5.209968506e-15
-4.746195395e-15
-5.392735805e-15
-4.529817269e-15
-4.603157528e-15
-6.032169132e-15
-7.44875536e-15
-7.102784773e-15
-7.380968603e-15
-7.089686404e-15
-6.425381054e-15
-5.341608385e-15
-5.693751546e-15
-7.041604791e-15
-6.170298414e-15
-5.225517096e-15
-5.914874829e-15
-6.186630757e-15
-5.620868259e-15
-6.334127824e-15
-6.348999828e-15
-7.041247684e-15
-7.915410733e-15
-7.274509171e-15
-7.165055075e-15
-7.425520757e-15
-7.705532316e-15
-7.339667272e-15
-7.696356992e-15
-7.226885281e-15
-6.761538517e-15
-8.914953465e-15
-9.433771132e-15
-7.959898055e-15
-7.781822928e-15
-8.17319041e-15
-7.908352636e-15
-7.437044679e-15
-7.365954972e-15
-7.384833704e-15
-7.861617194e-15
-7.311656111e-15
-5.800079417e-15
-5.890459616e-15
-7.169022585e-15
-7.823561e-15
-6.852722282e-15
-5.894294412e-15
-7.142262421e-15
-7.568941162e-15
-7.484198212e-15
-7.344674209e-15
-6.444062336e-15
-7.045168272e-15
-6.193811195e-15
-6.897063051e-15
-8.277365142e-15
-8.589561502e-15
-6.994232369e-15
-7.639985465e-15
-9.328544013e-15
-9.033933315e-15
-8.717666093e-15
-8.392061707e-15
-9.060101548e-15
-1.032701055e-14
-9.133136751e-15
-9.214116561e-15
-9.619932697e-15
-9.76250673e-15
-9.224820321e-15
-9.225787675e-15
-8.442820168e-15
-8.967962353e-15
-9.103596716e-15
-9.642246848e-15
-9.712244757e-15
-9.951928674e-15
-1.096981898e-14
-9.344822621e-15
-8.795056946e-15
-8.813864065e-15
-1.013023483e-14
-9.631113317e-15
-8.765692497e-15
-1.016630259e-14
-1.095300987e-14
-9.720898344e-15
-8.718782542e-15
-9.106327717e-15
-1.018592651e-14
-1.151207139e-14
-1.158515118e-14
-1.14064734e-14
-1.179433746e-14
-1.179076568e-14
-1.012602407e-14
-9.77388817e-15
-1.14146826e-14
-1.216514139e-14
-1.020800655e-14
-1.001110989e-14
-1.041895719e-14
-1.022939814e-14
-1.07526222e-14
-1.251434948e-14
-1.428066921e-14
-1.326873031e-14
-1.207160749e-14
-1.181052008e-14
-1.252360827e-14
-1.29098269e-14
-1.183079828e-14
-1.153134538e-14
-1.245127564e-14
-1.200736317e-14
-1.129601557e-14
-1.020462953e-14
-1.097626559e-14
-1.219562422e-14
-1.081346032e-14
-1.084210092e-14
-1.291743463e-14
-1.541876969e-14
-1.289351841e-14
-1.218807636e-14
-1.157568089e-14
-1.384246528e-14
-1.620327066e-14
-1.455449141e-14
-1.46494778e-14
-1.633789614e-14
-1.631865683e-14
-1.42388642e-14
-1.419010127e-14
-1.591661832e-14
-1.61956826e-14
-1.381949222e-14
-1.574690087e-14
-1.698963778e-14
-1.385788062e-14
-1.33685333e-14
-1.1928774e-14
-1.310657653e-14
-1.378967619e-14
-1.377669363e-14
-1.374433851e-14
-1.369496024e-14
-1.263092494e-14
-1.197354293e-14
-1.420974123e-14
-1.186640485e-14
-1.398037288e-14
-1.33006561e-14
-1.126487983e-14
-1.367562947e-14
-1.407315506e-14
-1.229036009e-14
-1.19664771e-14
-1.03317949e-14
-8.404370624e-15
-9.560501238e-15
-8.393806823e-15
-1.039385889e-14
-1.212317657e-14
-9.023676951e-15
-8.916465043e-15
-8.188389231e-15
-9.717140222e-15
-1.144158876e-14
-7.670146935e-15
-7.588250512e-15
-1.020620454e-14
-9.22253323e-15
-7.276885357e-15
-8.71023532e-15
-7.017431163e-15
-7.875677042e-15
-8.570893764e-15
-6.340356148e-15
-7.971566392e-15
-8.725184215e-15
-6.738009226e-15
-7.540605289e-15
-7.268237683e-15
-5.77374953e-15
-5.640134539e-15
-4.196799432e-15
-4.007873998e-15
-4.98213306e-15
-5.005561196e-15
-4.560801316e-15
-4.380821017e-15
-4.679661641e-15
-4.24737275e-15
-4.739473272e-15
-4.749234194e-15
-4.661723488e-15
-5.241078151e-15
-5.448729523e-15
-5.48138942e-15
-4.989763904e-15
-4.939876209e-15
-4.45614516e-15
-5.024043908e-15
-6.04213184e-15
-7.162819762e-15
-7.235041431e-15
-7.447401685e-15
-7.188691163e-15
-6.081733821e-15
-5.033511914e-15
-5.682184567e-15
-7.055317481e-15
-6.111549358e-15
-5.48995545e-15
-5.769100097e-15
-6.262146555e-15
-5.923924432e-15
-6.366800714e-15
-6.653074645e-15
-7.174565343e-15
-7.753394493e-15
-6.426632986e-15
-6.914888055e-15
-7.660870733e-15
-8.079095864e-15
-7.419424377e-15
-7.439103366e-15
-7.29573218e-15
-7.15205722e-15
-8.751528159e-15
-9.474079925e-15
-8.171624564e-15
-7.760461251e-15
-8.116360761e-15
-8.041049881e-15
-7.64587808e-15
-7.003427851e-15
-7.310607407e-15
-8.344589396e-15
-7.346368542e-15
-5.646332378e-15
-5.541985541e-15
-7.175372168e-15
-7.912452547e-15
-6.902507507e-15
-6.19764381e-15
-7.156614792e-15
-7.474331838e-15
-7.056949151e-15
-6.804148576e-15
-6.312866511e-15
-7.614864547e-15
-6.039468702e-15
-6.720201817e-15
-8.272392232e-15
-8.547651749e-15
-7.184434827e-15
-7.859226518e-15
-9.331114935e-15
-9.028255759e-15
-8.775356295e-15
-8.514655641e-15
-9.229865247e-15
-1.030905567e-14
-9.228795748e-15
-9.078678527e-15
-9.56767696e-15
-1.017555851e-14
-9.568832085e-15
-9.008203447e-15
-8.362382579e-15
-8.896886025e-15
-8.827850144e-15
-9.563252689e-15
-9.438031989e-15
-1.003212978e-14
-1.083030283e-14
-9.066681588e-15
-9.244315227e-15
-9.351318368e-15
-1.029253831e-14
-9.643535977e-15
-8.780101913e-15
-1.021345673e-14
-1.060495214e-14
-9.537217577e-15
-8.870941243e-15
-8.648674328e-15
-1.03363474e-14
-1.175597733e-14
-1.154986994e-14
-1.103779181e-14
-1.187238871e-14
-1.215835493e-14
-1.016772468e-14
-9.655310832e-15
-1.126502344e-14
-1.220133378e-14
-1.034803619e-14
-9.956976477e-15
-1.058807768e-14
-1.029997616e-14
-1.026571518e-14
-1.243043454e-14
-1.418640309e-14
-1.28324108e-14
-1.187206237e-14
-1.180268879e-14
-1.252973845e-14
-1.359926814e-14
-1.229374595e-14
-1.140164672e-14
-1.220198163e-14
-1.190331011e-14
-1.124037489e-14
-1.021194135e-14
-1.085246995e-14
-1.224129757e-14
-1.122521051e-14
-1.068013868e-14
-1.26761231e-14
-1.554508742e-14
-1.316836788e-14
-1.25053802e-14
-1.156610856e-14
-1.364474531e-14
-1.674460426e-14
-1.407577248e-14
-1.415168371e-14
-1.653553668e-14
-1.63192925e-14
-1.390232884e-14
-1.434095701e-14
-1.561440146e-14
-1.634238278e-14
-1.397614226e-14
-1.585732441e-14
-1.712302089e-14
-1.367414855e-14
-1.321724288e-14
-1.219522944e-14
-1.316517901e-14
-1.359669687e-14
-1.386613217e-14
-1.361233389e-14
-1.307394722e-14
-1.280533712e-14
-1.266228979e-14
-1.427484379e-14
-1.149782072e-14
-1.354111025e-14
-1.303728773e-14
-1.143048829e-14
-1.401067869e-14
-1.436390699e-14
-1.295140391e-14
-1.131944698e-14
-9.628896086e-15
-8.935343572e-15
-9.905389845e-15
-8.455069764e-15
-1.04053839e-14
-1.219810047e-14
-8.90003287e-15
-9.23551166e-15
-8.168794571e-15
-9.441780397e-15
-1.138027605e-14
-7.872888663e-15
-7.203436347e-15
-9.479169383e-15
-9.101390795e-15
-8.025253943e-15
-8.596642893e-15
-6.869831285e-15
-7.726293252e-15
-8.803119377e-15
-6.447399247e-15
-7.893596932e-15
-8.963132189e-15
-6.963729726e-15
-7.786334552e-15
-6.75950101e-15
-6.10096641e-15
-5.929897584e-15
-4.342604189e-15
-4.274629386e-15
-4.872911428e-15
-5.208367363e-15
-4.979590049e-15
-4.190348557e-15
-4.183186825e-15
-4.263331149e-15
-4.837165221e-15
-4.316811805e-15
-4.22014395e-15
-4.899015884e-15
-5.090607224e-15
-5.705365675e-15
-5.292882544e-15
-4.948224564e-15
-4.847835927e-15
-5.049974325e-15
-6.054897801e-15
-7.004103455e-15
-7.346890384e-15
-7.259330716e-15
-6.9841545e-15
-5.790223785e-15
-5.129406731e-15
-5.798270159e-15
-6.791543133e-15
-6.092728225e-15
-5.469803896e-15
-5.768215063e-15
-6.608386573e-15
-6.116781569e-15
-6.312332757e-15
-6.58895846e-15
-7.06315469e-15
-7.687904611e-15
-6.372505029e-15
-6.91920963e-15
-7.593739726e-15
-8.241012661e-15
-7.615895477e-15
-7.420653297e-15
-7.490603805e-15
-7.595500102e-15
-8.534124077e-15
-9.285003599e-15
-8.192719945e-15
-7.657550955e-15
-8.095788581e-15
-8.279667373e-15
-7.508806611e-15
-7.291362088e-15
-7.519157888e-15
-7.838547468e-15
-7.460825664e-15
-5.804407235e-15
-5.660922343e-15
-7.081906065e-15
-7.439452908e-15
-6.68749393e-15
-6.50054671e-15
-7.347920412e-15
-7.168847602e-15
-7.195135259e-15
-6.833009624e-15
-6.629150073e-15
-7.573147296e-15
-5.93473605e-15
-6.713750484e-15
-8.41868524e-15
-8.437677151e-15
-6.973778427e-15
-7.956313402e-15
-9.448562105e-15
-9.039528172e-15
-8.932288833e-15
-8.550858738e-15
-9.163915245e-15
-1.017985795e-14
-9.686109664e-15
-9.141813276e-15
-9.042837652e-15
-9.767317392e-15
-9.865308681e-15
-9.250683003e-15
-8.217041861e-15
-9.106521655e-15
-8.961116438e-15
-9.315990782e-15
-9.500657243e-15
-1.001808331e-14
-1.025501297e-14
-9.036380589e-15
-9.717679682e-15
-9.460857388e-15
-1.002486401e-14
-9.704492882e-15
-9.136471579e-15
-1.024503808e-14
-1.004452241e-14
-9.183816017e-15
-8.75229351e-15
-8.796634933e-15
-1.055347675e-14
-1.194399877e-14
-1.1527555e-14
-1.079580619e-14
-1.204699581e-14
-1.236341176e-14
-1.00612597e-14
-9.905542712e-15
-1.131408683e-14
-1.20589957e-14
-1.007634373e-14
-1.013619622e-14
-1.054599847e-14
-1.031816035e-14
-1.029271611e-14
-1.19454908e-14
-1.38429802e-14
-1.258249821e-14
-1.159931764e-14
-1.215490514e-14
-1.281454193e-14
-1.384345503e-14
-1.263276116e-14
-1.147027671e-14
-1.217743212e-14
-1.139359392e-14
-1.099033034e-14
-1.028007709e-14
-1.079242455e-14
-1.221743757e-14
-1.155599344e-14
-1.063103008e-14
-1.287241436e-14
-1.539914415e-14
-1.351053901e-14
-1.29784699e-14
-1.154231872e-14
-1.34794776e-14
-1.690094242e-14
-1.426969068e-14
-1.379125858e-14
-1.602089198e-14
-1.607327851e-14
-1.386264065e-14
-1.434971908e-14
-1.543719361e-14
-1.666413664e-14
-1.426950605e-14
-1.5767753e-14
-1.712494654e-14
-1.338438787e-14
-1.30501092e-14
-1.208034144e-14
-1.336536673e-14
-1.378915719e-14
-1.377160653e-14
-1.362057651e-14
-1.284372173e-14
-1.315162202e-14
-1.298576323e-14
-1.429337188e-14
-1.154114363e-14
-1.293850657e-14
-1.308248445e-14
-1.173555682e-14
-1.384848318e-14
-1.419383316e-14
-1.332096934e-14
-1.135574994e-14
-8.901101944e-15
-9.2594492e-15
-1.033103357e-14
-8.675689587e-15
-1.035122218e-14
-1.20325357e-14
-8.99203588e-15
-9.181067591e-15
-8.295923325e-15
-9.268685741e-15
-1.099535852e-14
-8.023733092e-15
-7.003318386e-15
-9.087887753e-15
-9.420416115e-15
-8.035342145e-15
-8.388611613e-15
-7.108487545e-15
-8.084871996e-15
-8.668774049e-15
-6.077210147e-15
-8.181133175e-15
-8.88511951e-15
-6.921927561e-15
-7.676686817e-15
-6.998078624e-15
-6.290798435e-15
-6.008036001e-15
-4.252445363e-15
-4.274989027e-15
-4.693473723e-15
-5.086705459e-15
-5.319056955e-15
-4.19733874e-15
-4.051403215e-15
-4.268259111e-15
-4.849583691e-15
-3.876462676e-15
-3.813524752e-15
-4.757735819e-15
-5.001871625e-15
-5.93142195e-15
-5.503920691e-15
-5.110881075e-15
-5.285909753e-15
-5.081026141e-15
-5.8649273e-15
-7.060652766e-15
-7.318628651e-15
-7.078281349e-15
-6.822863985e-15
-5.905144291e-15
-5.409096256e-15
-5.619095338e-15
-6.210790542e-15
-5.881647042e-15
-5.42275265e-15
-5.706269583e-15
-6.812211572e-15
-6.178879709e-15
-6.404160279e-15
-6.424414446e-15
-6.985261344e-15
-7.783385322e-15
-6.05408301e-15
-7.006946389e-15
-7.616939554e-15
-8.173418177e-15
-7.80070197e-15
-7.653040053e-15
-7.601173296e-15
-7.597687672e-15
-8.372208861e-15
-8.938553071e-15
-8.098954168e-15
-7.978463904e-15
-8.625385261e-15
-8.64759232e-15
-7.300269412e-15
-7.278774749e-15
-7.581064898e-15
-7.554635146e-15
-7.362055148e-15
-5.889966489e-15
-5.903786152e-15
-6.859983003e-15
-7.094888141e-15
-6.788154916e-15
-6.642284221e-15
-7.232997552e-15
-7.244243239e-15
-7.195776944e-15
-6.829895868e-15
-6.548869569e-15
-7.505617313e-15
-6.209350803e-15
-6.809860592e-15
-8.733904337e-15
-8.595306967e-15
-6.862526082e-15
-7.839189046e-15
-9.573574037e-15
-8.942610731e-15
-8.797150279e-15
-8.2460998e-15
-9.405467111e-15
-1.013804009e-14
-9.618297226e-15
-8.918152063e-15
-8.463329172e-15
-9.666121818e-15
-1.049606382e-14
-9.258122278e-15
-8.185227012e-15
-9.508608005e-15
-8.628689933e-15
-9.1120093e-15
-9.761612089e-15
-9.770110421e-15
-9.957113543e-15
-9.564519231e-15
-9.69510056e-15
-9.277850069e-15
-9.948541729e-15
-1.014582814e-14
-9.160534508e-15
-1.005576781e-14
-1.031369031e-14
-8.794412504e-15
-8.480691035e-15
-9.022696211e-15
-1.053537911e-14
-1.220504903e-14
-1.159605209e-14
-1.098050048e-14
-1.195020509e-14
-1.200299265e-14
-1.025784064e-14
-1.034648075e-14
-1.163152037e-14
-1.20546753e-14
-9.608642802e-15
-9.954977633e-15
-1.051877892e-14
-1.067152386e-14
-1.029841736e-14
-1.162192748e-14
-1.374490825e-14
-1.215483047e-14
-1.135554217e-14
-1.240687217e-14
-1.318727651e-14
-1.421859945e-14
-1.275296828e-14
-1.167840168e-14
-1.214840958e-14
-1.112909585e-14
-1.057055186e-14
-1.024629533e-14
-1.072211552e-14
-1.216362021e-14
-1.146805523e-14
-1.113238783e-14
-1.307458695e-14
-1.488367841e-14
-1.380428101e-14
-1.331357252e-14
-1.146832022e-14
-1.342534181e-14
-1.711197892e-14
-1.451227796e-14
-1.38776575e-14
-1.558191817e-14
-1.575937872e-14
-1.406935473e-14
-1.382542273e-14
-1.496682377e-14
-1.687127529e-14
-1.448970326e-14
-1.577993271e-14
-1.726486504e-14
-1.332324378e-14
-1.283192781e-14
-1.183811813e-14
-1.376100204e-14
-1.408427983e-14
-1.351015116e-14
-1.348412042e-14
-1.286015107e-14
-1.354320821e-14
-1.317504768e-14
-1.442536001e-14
-1.167556721e-14
-1.233141158e-14
-1.268622982e-14
-1.157801401e-14
-1.404610733e-14
-1.425041319e-14
-1.348363024e-14
-1.157909654e-14
-8.500656443e-15
-9.481692782e-15
-1.057387162e-14
-8.690234671e-15
-1.044588269e-14
-1.194905274e-14
-8.998400187e-15
-8.983711214e-15
-8.146864805e-15
-9.24373227e-15
-1.085265757e-14
-7.819187405e-15
-6.81109698e-15
-8.909491863e-15
-9.475814707e-15
-8.298894628e-15
-8.459282793e-15
-7.460815366e-15
-8.458945832e-15
-8.158578207e-15
-5.815845964e-15
-8.293122033e-15
-8.772924722e-15
-7.076729199e-15
-7.803127795e-15
-7.349044068e-15
-6.624606991e-15
-6.022084754e-15
-4.39346325e-15
-4.313906594e-15
-4.529994681e-15
-4.91607169e-15
-5.030052996e-15
-4.11840635e-15
-4.084984444e-15
-4.25554535e-15
-4.895868156e-15
-3.859528515e-15
-3.73854447e-15
-4.938068476e-15
-4.939676616e-15
-5.802806745e-15
-5.557546684e-15
-5.315723889e-15
-5.316238336e-15
-4.976312083e-15
-5.740087311e-15
-7.034071627e-15
-7.384807349e-15
-6.935384549e-15
-6.367584093e-15
-6.231529841e-15
-5.759125634e-15
-5.128326967e-15
-6.0432224e-15
-5.707304003e-15
-5.373216337e-15
-5.803076514e-15
-6.716154506e-15
-6.421807362e-15
-6.625378361e-15
-6.079132699e-15
-7.032401077e-15
-7.376571492e-15
-6.385727848e-15
-7.103699359e-15
-7.115196094e-15
-7.751743491e-15
-7.820105664e-15
-7.762875606e-15
-7.550844596e-15
-8.203583268e-15
-8.381362025e-15
-8.781553774e-15
-8.055050548e-15
-8.338678031e-15
-8.792312553e-15
-8.555191965e-15
-7.799815233e-15
-7.493469727e-15
-7.428383516e-15
-7.32324146e-15
-7.32344305e-15
-5.575527159e-15
-5.607349532e-15
-7.137513998e-15
-7.505468296e-15
-6.898770601e-15
-6.497689525e-15
-7.15172511e-15
-6.99477479e-15
-7.114925406e-15
-6.679351101e-15
-6.381695111e-15
-8.074711057e-15
-6.522240418e-15
-6.38631468e-15
-8.591046172e-15
-8.781249906e-15
-6.777218507e-15
-7.843175381e-15
-1.001272746e-14
-9.153040479e-15
-8.46924725e-15
-7.903468818e-15
-9.598080851e-15
-1.001233129e-14
-9.764092953e-15
-9.180250542e-15
-7.624667762e-15
-9.631227742e-15
-1.064346384e-14
-9.601094116e-15
-8.171499833e-15
-9.579548498e-15
-8.561308725e-15
-9.06896581e-15
-9.72399117e-15
-9.719935121e-15
-9.965791907e-15
-9.677577282e-15
-9.680652456e-15
-9.252986273e-15
-9.968401868e-15
-9.952228594e-15
-9.397967347e-15
-1.008706709e-14
-9.766364897e-15
-8.759110634e-15
-8.730276145e-15
-9.470151309e-15
-1.027945088e-14
-1.18474201e-14
-1.210346463e-14
-1.137328003e-14
-1.211566708e-14
-1.168853346e-14
-9.900194798e-15
-1.068705907e-14
-1.212745298e-14
-1.148981241e-14
-9.375838449e-15
-1.017801554e-14
-1.064923481e-14
-1.048275761e-14
-1.053624551e-14
-1.190767039e-14
-1.330073473e-14
-1.169539635e-14
-1.12583517e-14
-1.282662934e-14
-1.326092277e-14
-1.441305399e-14
-1.267741116e-14
-1.200593151e-14
-1.232977026e-14
-1.067193921e-14
-1.041424436e-14
-1.006515481e-14
-1.044664907e-14
-1.222728793e-14
-1.161028961e-14
-1.157077664e-14
-1.319385669e-14
-1.471265078e-14
-1.396575173e-14
-1.360895352e-14
-1.176330993e-14
-1.344370772e-14
-1.677334899e-14
-1.45935705e-14
-1.405180926e-14
-1.559157882e-14
-1.521012478e-14
-1.383189267e-14
-1.338905615e-14
-1.494958052e-14
-1.738205501e-14
-1.402860602e-14
-1.566936899e-14
-1.761745444e-14
-1.389036783e-14
-1.253706277e-14
-1.162405833e-14
-1.389010073e-14
-1.390378628e-14
-1.354179567e-14
-1.343922345e-14
-1.311587919e-14
-1.388243104e-14
-1.324917265e-14
-1.484456987e-14
-1.166605381e-14
-1.170322901e-14
-1.262545682e-14
-1.153462772e-14
-1.354046988e-14
-1.421162207e-14
-1.323585114e-14
-1.170103101e-14
-8.429625826e-15
-9.796761767e-15
-1.114253985e-14
-8.428092877e-15
-1.044441834e-14
-1.19680373e-14
-9.258854385e-15
-9.215527444e-15
-7.446271246e-15
-9.166808751e-15
-1.07539906e-14
-7.883253422e-15
-6.935034006e-15
-8.754502326e-15
-9.363914085e-15
-8.138063745e-15
-8.693037401e-15
-7.476841013e-15
-8.618022191e-15
-8.118076621e-15
-5.743472953e-15
-8.038708789e-15
-8.655422799e-15
-7.259914899e-15
-7.727167627e-15
-7.363091538e-15
-6.79002847e-15
-5.824007623e-15
-4.438917373e-15
-4.361948933e-15
-4.58844249e-15
-4.891256048e-15
-4.680306477e-15
-4.140598623e-15
-4.045766583e-15
-3.995068097e-15
-4.603603286e-15
-4.04375987e-15
-4.002679038e-15
-4.922294706e-15
-4.963129458e-15
-5.547694327e-15
-5.424441806e-15
-5.75117325e-15
-5.258106801e-15
-4.483500471e-15
-5.792679445e-15
-7.041909954e-15
-7.680210992e-15
-6.664566269e-15
-5.978702085e-15
-6.515101584e-15
-6.072279719e-15
-5.362058598e-15
-5.749650958e-15
-5.100980024e-15
-5.500130957e-15
-6.27954984e-15
-6.939667998e-15
-6.352926643e-15
-6.728174256e-15
-6.272587809e-15
-6.44104759e-15
-6.80322128e-15
-6.964338651e-15
-7.673213178e-15
-6.546545884e-15
-7.224665274e-15
-7.814542047e-15
-7.560393813e-15
-8.142180101e-15
-8.541301152e-15
-8.589579963e-15
-8.698536734e-15
-8.020562478e-15
-8.284136395e-15
-8.963303104e-15
-8.567748325e-15
-7.812492362e-15
-7.755535927e-15
-7.642235067e-15
-6.939004152e-15
-7.114346279e-15
-5.665533763e-15
-5.540522844e-15
-6.823445173e-15
-7.634407072e-15
-7.172708734e-15
-6.832620912e-15
-6.979821755e-15
-6.620525454e-15
-7.084975575e-15
-6.603684124e-15
-6.553931846e-15
-8.235130894e-15
-6.85585437e-15
-6.207024385e-15
-8.387174976e-15
-8.693071861e-15
-6.961100636e-15
-7.974403517e-15
-1.010106873e-14
-9.19890923e-15
-8.309925576e-15
-7.618537432e-15
-9.297910618e-15
-1.011577117e-14
-1.018519988e-14
-9.285315626e-15
-7.037679068e-15
-9.514171293e-15
-1.097880257e-14
-9.946213848e-15
-8.320424732e-15
-9.242832199e-15
-8.556413689e-15
-8.862016924e-15
-1.015577665e-14
-9.944261185e-15
-9.785950802e-15
-9.256702976e-15
-9.591639565e-15
-9.575974385e-15
-9.816876922e-15
-9.68303587e-15
-9.65546769e-15
-1.013608755e-14
-9.233062144e-15
-8.981889427e-15
-8.96919582e-15
-9.851305381e-15
-1.032520559e-14
-1.14145801e-14
-1.211880788e-14
-1.179819595e-14
-1.238783904e-14
-1.158892232e-14
-9.69121619e-15
-1.072739562e-14
-1.210204408e-14
-1.111617773e-14
-9.466086592e-15
-1.01982985e-14
-1.092195e-14
-1.057124841e-14
-1.05083507e-14
-1.197196411e-14
-1.273814656e-14
-1.123873645e-14
-1.171824082e-14
-1.282867096e-14
-1.299578113e-14
-1.442066413e-14
-1.296688451e-14
-1.229086363e-14
-1.263505822e-14
-1.003395248e-14
-1.037446315e-14
-1.00823245e-14
-1.020492482e-14
-1.172278893e-14
-1.192700739e-14
-1.205361782e-14
-1.319407675e-14
-1.4645672e-14
-1.462071518e-14
-1.404889724e-14
-1.176610463e-14
-1.303703062e-14
-1.669758385e-14
-1.477307316e-14
-1.395055633e-14
-1.546619428e-14
-1.491567309e-14
-1.406170032e-14
-1.280949572e-14
-1.491640755e-14
-1.773899177e-14
-1.410262458e-14
-1.537154473e-14
-1.727451869e-14
-1.41585695e-14
-1.258584732e-14
-1.162944028e-14
-1.371881653e-14
-1.367910764e-14
-1.363689286e-14
-1.365931929e-14
-1.314275994e-14
-1.436386288e-14
-1.337010164e-14
-1.454153219e-14
-1.159611568e-14
-1.145452979e-14
-1.303641422e-14
-1.134694684e-14
-1.289950637e-14
-1.394293135e-14
-1.327077319e-14
-1.196393739e-14
-8.413469357e-15
-1.009396277e-14
-1.175888075e-14
-8.081234356e-15
-1.033196027e-14
-1.211161081e-14
-9.414402793e-15
-9.020546056e-15
-6.967245015e-15
-9.324200072e-15
-1.082709609e-14
-8.002892053e-15
-6.60427234e-15
-8.394828198e-15
-9.689374142e-15
-8.44471909e-15
-8.724881644e-15
-7.36323282e-15
-8.260785756e-15
-8.577034464e-15
-6.407834332e-15
-7.38110142e-15
-8.368436063e-15
-7.642762549e-15
-7.229537227e-15
-7.139081548e-15
-6.540933717e-15
-5.326563148e-15
-4.684586678e-15
-4.64617154e-15
-4.941595025e-15
-4.647058152e-15
-4.481894875e-15
-4.176058308e-15
-3.699840844e-15
-4.032135979e-15
-4.712595566e-15
-3.770542561e-15
-4.04127131e-15
-4.689910426e-15
-4.972287859e-15
-5.802171314e-15
-5.348396354e-15
-5.692932864e-15
-5.262466243e-15
-4.836070748e-15
-6.10277496e-15
-6.815862193e-15
-7.075316504e-15
-6.95263214e-15
-6.03890807e-15
-6.219673322e-15
-6.158297118e-15
-5.776673748e-15
-5.854157126e-15
-4.929011691e-15
-5.554625991e-15
-6.57144961e-15
-7.272159101e-15
-6.30543297e-15
-6.920614312e-15
-6.185903739e-15
-6.104647827e-15
-6.604048955e-15
-7.297388341e-15
-8.310431093e-15
-6.034904575e-15
-6.557004533e-15
-7.865302538e-15
-7.838455774e-15
-8.431159556e-15
-8.539104766e-15
-9.141770389e-15
-8.506448951e-15
-7.81433279e-15
-8.185988097e-15
-8.860938074e-15
-8.514060912e-15
-8.101205798e-15
-7.921617269e-15
-7.500027718e-15
-6.654620148e-15
-7.042550437e-15
-6.121502382e-15
-5.666606489e-15
-6.235890433e-15
-7.730211749e-15
-7.068278911e-15
-7.012774859e-15
-7.217264974e-15
-6.273312702e-15
-6.912288655e-15
-6.863520746e-15
-6.608107801e-15
-7.995113462e-15
-6.706907714e-15
-6.751258348e-15
-8.119504897e-15
-8.459611365e-15
-7.204476427e-15
-7.983651858e-15
-1.007254781e-14
-8.730189745e-15
-8.334280094e-15
-7.745755935e-15
-9.081144513e-15
-1.012863988e-14
-1.033433203e-14
-9.097072001e-15
-7.743683513e-15
-9.058330221e-15
-1.046352934e-14
-1.025893078e-14
-8.950070105e-15
-8.70858367e-15
-8.674631616e-15
-9.103868017e-15
-1.043530438e-14
-9.771154047e-15
-9.506172583e-15
-9.078456206e-15
-9.670175795e-15
-9.736744631e-15
-9.439536894e-15
-9.610371163e-15
-9.708323561e-15
-1.01661219e-14
-9.189750054e-15
-8.85581712e-15
-8.696701577e-15
-1.010493255e-14
-1.075944302e-14
-1.09097853e-14
-1.163963046e-14
-1.26785958e-14
-1.330547195e-14
-1.130225424e-14
-9.673209967e-15
-1.002078488e-14
-1.158871609e-14
-1.196119861e-14
-9.83318566e-15
-9.799641289e-15
-1.088003042e-14
-1.088015834e-14
-1.034068415e-14
-1.141987544e-14
-1.215533522e-14
-1.165727959e-14
-1.202318462e-14
-1.251644823e-14
-1.271949768e-14
-1.42363012e-14
-1.315462676e-14
-1.222599683e-14
-1.25709945e-14
-1.043898576e-14
-1.062323029e-14
-9.528086603e-15
-1.051605796e-14
-1.198528128e-14
-1.200721127e-14
-1.18102823e-14
-1.259632482e-14
-1.478538817e-14
-1.539693081e-14
-1.402955741e-14
-1.13470588e-14
-1.315524559e-14
-1.694758266e-14
-1.477779567e-14
-1.383647165e-14
-1.510618869e-14
-1.506605216e-14
-1.470592531e-14
-1.235762781e-14
-1.49463978e-14
-1.765716548e-14
-1.417762934e-14
-1.517618885e-14
-1.692953218e-14
-1.379703637e-14
-1.287445004e-14
-1.156152093e-14
-1.370725563e-14
-1.399464988e-14
-1.369833007e-14
-1.370988249e-14
-1.307340172e-14
-1.429534293e-14
-1.363801627e-14
-1.360657618e-14
-1.154483123e-14
-1.144060385e-14
-1.328198006e-14
-1.112059093e-14
-1.280111519e-14
-1.410543563e-14
-1.306890196e-14
-1.165148456e-14
-8.187747243e-15
-1.080904719e-14
-1.245745914e-14
-7.92377289e-15
-9.913460937e-15
-1.237236506e-14
-9.322424827e-15
-8.73690698e-15
-7.141586931e-15
-9.362106204e-15
-1.056669065e-14
-8.150776225e-15
-6.407538282e-15
-8.128960008e-15
-1.017183811e-14
-8.658532402e-15
-8.613291479e-15
-7.249829357e-15
-7.927014297e-15
-8.516347666e-15
-6.748141651e-15
-7.455185141e-15
-9.151476344e-15
-8.049051537e-15
-7.829631534e-15
-7.122538218e-15
-6.266314651e-15
-5.09694576e-15
-5.1073781e-15
-4.791281779e-15
-4.648197199e-15
-4.363263218e-15
-4.307117906e-15
-4.215605814e-15
-4.395417188e-15
-4.264072134e-15
-4.284772448e-15
-3.663303884e-15
-4.155161301e-15
-4.531248325e-15
-4.812752077e-15
-5.891698031e-15
-5.207618705e-15
-5.807947059e-15
-5.473528481e-15
-5.093113059e-15
-6.147004293e-15
-6.566896855e-15
-6.978297472e-15
-6.767466694e-15
-5.976110491e-15
-5.954834087e-15
-6.48023279e-15
-6.150665141e-15
-5.664818044e-15
-5.028600283e-15
-5.952498935e-15
-6.474785845e-15
-6.936859479e-15
-6.274550137e-15
-6.95750134e-15
-6.391935135e-15
-6.596140934e-15
-6.940663426e-15
-6.593820446e-15
-8.151291849e-15
-6.190394806e-15
-6.077201826e-15
-7.719699545e-15
-8.085292923e-15
-8.76442238e-15
-8.872986374e-15
-9.222185462e-15
-8.390543556e-15
-8.06219759e-15
-8.292147711e-15
-8.580782787e-15
-8.073472807e-15
-8.098755864e-15
-8.374264493e-15
-7.342372124e-15
-6.841885737e-15
-7.019700071e-15
-6.397130151e-15
-5.392504139e-15
-5.844681373e-15
-8.025652467e-15
-7.082953299e-15
-6.681944133e-15
-7.547873277e-15
-6.268248678e-15
-6.687044363e-15
-6.862905034e-15
-6.435136774e-15
-8.095525643e-15
-6.501354443e-15
-6.948359657e-15
-8.169880611e-15
-8.059791569e-15
-7.36442244e-15
-8.325020445e-15
-9.940975937e-15
-8.551154225e-15
-8.31016404e-15
-7.730722981e-15
-9.111794729e-15
-1.020980505e-14
-1.002622948e-14
-8.981121883e-15
-8.303259028e-15
-9.371335315e-15
-1.008489822e-14
-1.014185167e-14
-9.294153331e-15
-8.602821938e-15
-8.149983989e-15
-9.132241483e-15
-1.043684118e-14
-9.808159975e-15
-9.759306188e-15
-8.990939279e-15
-9.554565129e-15
-9.672647584e-15
-1.003365989e-14
-9.817170193e-15
-9.411627597e-15
-1.002113509e-14
-9.291016922e-15
-8.584707583e-15
-8.675632672e-15
-1.026230411e-14
-1.102790572e-14
-1.050461323e-14
-1.147159148e-14
-1.280981334e-14
-1.305766819e-14
-1.152816317e-14
-1.00136007e-14
-9.98621153e-15
-1.15313084e-14
-1.20442362e-14
-1.006991726e-14
-1.002668162e-14
-1.106492041e-14
-1.005621316e-14
-9.874190924e-15
-1.121798608e-14
-1.257315719e-14
-1.209786627e-14
-1.208046134e-14
-1.227519708e-14
-1.229511615e-14
-1.400635062e-14
-1.361854855e-14
-1.24457369e-14
-1.227797644e-14
-1.039442308e-14
-1.054408293e-14
-9.740050433e-15
-1.10217628e-14
-1.161114473e-14
-1.180864924e-14
-1.181638742e-14
-1.256641743e-14
-1.469032214e-14
-1.507505477e-14
-1.406756169e-14
-1.171151543e-14
-1.351391658e-14
-1.673541076e-14
-1.504117055e-14
-1.423928617e-14
-1.49508943e-14
-1.469286345e-14
-1.465312024e-14
-1.277116255e-14
-1.515157071e-14
-1.719062613e-14
-1.424273976e-14
-1.486112516e-14
-1.62992143e-14
-1.374586751e-14
-1.284618059e-14
-1.162607127e-14
-1.400245271e-14
-1.419647853e-14
-1.364572881e-14
-1.361749628e-14
-1.287976074e-14
-1.410425392e-14
-1.386946418e-14
-1.38570166e-14
-1.134345094e-14
-1.172916189e-14
-1.35950045e-14
-1.065723931e-14
-1.246034672e-14
-1.41203298e-14
-1.240172234e-14
-1.143465964e-14
-8.253741397e-15
-1.109088444e-14
-1.272216046e-14
-8.224527701e-15
-1.008407244e-14
-1.177611897e-14
-9.051373277e-15
-9.059198965e-15
-7.253082359e-15
-9.569798405e-15
-1.064910396e-14
-7.880265663e-15
-6.671192568e-15
-8.435007763e-15
-1.00207248e-14
-8.698268454e-15
-8.520185633e-15
-6.897227719e-15
-7.956170401e-15
-8.211335615e-15
-7.203549236e-15
-8.017754113e-15
-8.203203882e-15
-7.489337244e-15
-8.507138378e-15
-7.341664714e-15
-6.117009665e-15
-5.21165034e-15
-5.646652255e-15
-4.718023395e-15
-4.320366768e-15
-4.974457308e-15
-4.136801403e-15
-3.911887255e-15
-4.682930182e-15
-4.113715077e-15
-3.761120839e-15
-4.004647757e-15
-4.777997218e-15
-4.215161059e-15
-4.638867742e-15
-5.710372266e-15
-5.160957163e-15
-5.842159047e-15
-5.239660301e-15
-5.014648733e-15
-6.704890907e-15
-6.665972936e-15
-6.735813853e-15
-6.592352106e-15
-5.840545328e-15
-5.88953521e-15
-6.668831355e-15
-6.077581835e-15
-5.218996414e-15
-5.286622653e-15
-5.984446482e-15
-6.527201784e-15
-7.369268466e-15
-6.121425451e-15
-7.072006113e-15
-6.431134087e-15
-6.361355993e-15
-6.893478027e-15
-6.421829882e-15
-7.552219148e-15
-6.836006113e-15
-6.598963652e-15
-7.494997593e-15
-8.180692732e-15
-8.313983106e-15
-8.478201654e-15
-9.225867884e-15
-8.59287036e-15
-8.408025403e-15
-8.294191548e-15
-9.111624216e-15
-8.08403412e-15
-7.350326586e-15
-7.956609186e-15
-8.096884355e-15
-7.000343589e-15
-6.583006883e-15
-6.619089584e-15
-5.354849279e-15
-5.91053025e-15
-8.058413379e-15
-6.9931387e-15
-6.821250074e-15
-7.412008102e-15
-6.238261187e-15
-6.612625575e-15
-6.436678229e-15
-6.376383519e-15
-8.5840593e-15
-6.769507951e-15
-7.157964712e-15
-7.983175172e-15
-7.672588274e-15
-7.30594283e-15
-8.352611577e-15
-1.008252837e-14
-8.810447128e-15
-8.00259379e-15
-7.990690978e-15
-9.333991319e-15
-9.820938497e-15
-9.970377505e-15
-9.608071291e-15
-8.082649885e-15
-9.295987979e-15
-9.677367183e-15
-9.578356276e-15
-9.606015108e-15
-9.032540436e-15
-8.167652455e-15
-9.073312142e-15
-1.024589223e-14
-1.014162636e-14
-1.044982108e-14
-9.050420248e-15
-8.970625727e-15
-9.276593866e-15
-1.041500707e-14
-1.000109339e-14
-9.382551121e-15
-9.65163343e-15
-9.078609705e-15
-8.880786697e-15
-9.16922142e-15
-1.027599872e-14
-1.093656646e-14
-1.064770251e-14
-1.131816677e-14
-1.223850002e-14
-1.274723515e-14
-1.192814462e-14
-1.023724931e-14
-1.013648308e-14
-1.130447138e-14
-1.194256577e-14
-1.052227862e-14
-1.014415534e-14
-1.058297086e-14
-9.958891792e-15
-9.635320069e-15
-1.128783679e-14
-1.314489564e-14
-1.214683393e-14
-1.221418869e-14
-1.191462629e-14
-1.18353736e-14
-1.385950412e-14
-1.375654114e-14
-1.247351069e-14
-1.231405659e-14
-1.050339839e-14
-1.011585616e-14
-1.007805855e-14
-1.161485533e-14
-1.133436975e-14
-1.15539828e-14
-1.205907191e-14
-1.273457424e-14
-1.447875126e-14
-1.470275304e-14
-1.412704781e-14
-1.2116507e-14
-1.363269908e-14
-1.622379091e-14
-1.513836197e-14
-1.481912204e-14
-1.513878404e-14
-1.438877599e-14
-1.44579566e-14
-1.338444215e-14
-1.522898997e-14
-1.64743392e-14
-1.434004785e-14
-1.504275144e-14
-1.574932356e-14
-1.341988475e-14
-1.290772199e-14
-1.224913022e-14
-1.393195142e-14
-1.39263935e-14
-1.386170828e-14
-1.35369758e-14
-1.285974009e-14
-1.389793909e-14
-1.371862097e-14
-1.396866416e-14
-1.143497168e-14
-1.20771626e-14
-1.321511213e-14
-1.032172512e-14
-1.235192504e-14
-1.408255591e-14
-1.216850294e-14
-1.120060438e-14
-8.841881083e-15
-1.151033415e-14
-1.236052534e-14
-8.673248419e-15
-1.032958274e-14
-1.141081533e-14
-9.103130671e-15
-9.164303135e-15
-7.271745627e-15
-9.106015961e-15
-1.05534777e-14
-7.833064492e-15
-6.816669464e-15
-8.864562192e-15
-9.876039026e-15
-8.689450058e-15
-8.922841252e-15
-6.864317845e-15
-7.351021307e-15
-7.816539763e-15
-7.636904958e-15
-8.463345342e-15
-7.167637385e-15
-7.265011856e-15
-7.791345463e-15
-7.128751372e-15
-6.38184513e-15
-5.020038985e-15
-5.509375068e-15
-4.811618585e-15
-4.314958733e-15
-4.478077863e-15
-4.084961553e-15
-4.408023821e-15
-4.650885015e-15
-3.851193079e-15
-3.87665127e-15
-4.663512741e-15
-4.696664492e-15
-3.789020355e-15
-4.628487326e-15
-5.837463706e-15
-5.199777819e-15
-5.821775756e-15
-4.920664486e-15
-4.705040004e-15
-6.835574384e-15
-7.241399221e-15
-7.003461352e-15
-6.086069558e-15
-5.541759289e-15
-6.095152255e-15
-6.574155089e-15
-5.988800808e-15
-5.302741035e-15
-5.281905424e-15
-5.747342658e-15
-6.683805696e-15
-7.327577131e-15
-6.5079069e-15
-7.186926583e-15
-6.361386864e-15
-5.715491398e-15
-6.414598466e-15
-7.179434834e-15
-7.553465104e-15
-6.694813513e-15
-7.051618276e-15
-7.702856008e-15
-8.325000175e-15
-7.972364665e-15
-8.123374258e-15
-9.216020659e-15
-8.694762151e-15
-8.32796049e-15
-8.25557995e-15
-9.050496349e-15
-8.262110564e-15
-7.312659487e-15
-8.387025948e-15
-7.96098726e-15
-6.22002858e-15
-6.413116267e-15
-6.610211366e-15
-5.919809787e-15
-5.786022147e-15
-7.627714046e-15
-7.431875634e-15
-6.766878656e-15
-7.270550891e-15
-6.295454075e-15
-7.080837298e-15
-6.395351839e-15
-6.307970063e-15
-8.829508186e-15
-6.819408857e-15
-6.799920967e-15
-7.548913238e-15
-8.356989549e-15
-8.021386398e-15
-7.831328458e-15
-9.713349782e-15
-9.073071946e-15
-7.649907192e-15
-7.955156134e-15
-9.429935614e-15
-9.778484759e-15
-1.038800586e-14
-9.549889649e-15
-7.836457197e-15
-8.978542132e-15
-9.307516992e-15
-9.711380891e-15
-9.484907814e-15
-9.115657233e-15
-9.012803918e-15
-1.000350868e-14
-9.90377909e-15
-9.433395116e-15
-1.052331172e-14
-8.911051473e-15
-8.601959911e-15
-9.841672366e-15
-1.061089718e-14
-9.417785827e-15
-9.45451857e-15
-9.921468439e-15
-9.253273471e-15
-8.644654286e-15
-8.897056412e-15
-1.046506909e-14
-1.105292708e-14
-1.050321701e-14
-1.15694524e-14
-1.242656258e-14
-1.257197223e-14
-1.14932795e-14
-1.026051182e-14
-1.042136939e-14
-1.170873161e-14
-1.179912443e-14
-1.000908318e-14
-1.017725626e-14
-1.116394066e-14
-1.022607033e-14
-9.427189269e-15
-1.078727077e-14
-1.280595234e-14
-1.231013484e-14
-1.195297669e-14
-1.246728096e-14
-1.225346326e-14
-1.359436071e-14
-1.342845541e-14
-1.232173241e-14
-1.235575011e-14
-1.07364319e-14
-9.846473443e-15
-1.019872126e-14
-1.26305688e-14
-1.178343309e-14
-1.086196009e-14
-1.178071235e-14
-1.235789174e-14
-1.441456552e-14
-1.479323065e-14
-1.347929015e-14
-1.26977187e-14
-1.475440036e-14
-1.599513727e-14
-1.440214359e-14
-1.463182307e-14
-1.429155654e-14
-1.482734073e-14
-1.522683772e-14
-1.308637848e-14
-1.554348325e-14
-1.645796288e-14
-1.381944163e-14
-1.493744878e-14
-1.547233612e-14
-1.328691579e-14
-1.279094876e-14
-1.292984993e-14
-1.459248712e-14
-1.390423698e-14
-1.355877853e-14
-1.348904081e-14
-1.258760556e-14
-1.413903013e-14
-1.396596373e-14
-1.282687396e-14
-1.133186277e-14
-1.293003273e-14
-1.351983263e-14
-1.064580604e-14
-1.232428847e-14
-1.32724578e-14
-1.164680683e-14
-1.098784156e-14
-9.290624415e-15
-1.216683589e-14
-1.251615154e-14
-8.999918493e-15
-1.039560752e-14
-1.106531522e-14
-8.674518775e-15
-8.721614263e-15
-8.27844514e-15
-9.390450529e-15
-9.635949853e-15
-7.663165867e-15
-7.058008392e-15
-8.376739101e-15
-9.911669199e-15
-9.047289289e-15
-8.477179452e-15
-7.103571078e-15
-7.807865067e-15
-8.726968469e-15
-7.092345156e-15
-7.26721612e-15
-7.772561981e-15
-8.256969298e-15
-6.485218482e-15
-7.339974145e-15
-6.728825613e-15
-5.039179159e-15
-5.101280654e-15
-4.365660099e-15
-4.533042218e-15
-3.853513236e-15
-3.582109385e-15
-4.814248506e-15
-4.489916654e-15
-4.529922796e-15
-4.695851957e-15
-4.580123682e-15
-4.38960221e-15
-3.495507904e-15
-4.905633307e-15
-5.625000749e-15
-5.105342026e-15
-5.919089003e-15
-5.322472842e-15
-4.661347553e-15
-6.728179257e-15
-6.940275913e-15
-6.555622652e-15
-6.362472293e-15
-6.395138558e-15
-6.480234095e-15
-6.012473184e-15
-5.79678582e-15
-5.448671442e-15
-5.450727292e-15
-5.788368104e-15
-6.705299664e-15
-6.735260228e-15
-7.028521457e-15
-7.411240897e-15
-6.10853662e-15
-5.602347311e-15
-6.44812863e-15
-6.864031815e-15
-7.708041904e-15
-7.828051475e-15
-7.105656267e-15
-7.189280043e-15
-8.055508951e-15
-8.256644047e-15
-8.07839679e-15
-8.885216797e-15
-8.899178449e-15
-7.691588971e-15
-8.020725202e-15
-9.27663902e-15
-8.445833567e-15
-7.3395626e-15
-8.541530806e-15
-7.854981263e-15
-5.590642585e-15
-6.347150604e-15
-6.653670692e-15
-6.292271542e-15
-6.529063225e-15
-7.141321865e-15
-6.917490776e-15
-6.879405021e-15
-6.885290373e-15
-6.696640844e-15
-7.724697589e-15
-6.522730899e-15
-6.202186309e-15
-8.476364396e-15
-6.809331036e-15
-6.797117587e-15
-7.7915779e-15
-8.295374782e-15
-8.068267324e-15
-8.322687868e-15
-9.283553721e-15
-8.94592931e-15
-7.626893346e-15
-8.205687896e-15
-9.600518574e-15
-9.50602591e-15
-1.009961474e-14
-9.225860578e-15
-8.632465901e-15
-9.51211545e-15
-9.418274536e-15
-9.642048316e-15
-9.391920531e-15
-9.092061394e-15
-9.239103371e-15
-9.78920519e-15
-9.478309394e-15
-9.186170172e-15
-9.82257686e-15
-8.878248464e-15
-9.075282306e-15
-1.005514271e-14
-1.111427967e-14
-9.631053545e-15
-8.754583205e-15
-9.991415704e-15
-1.018563106e-14
-8.458694352e-15
-8.577539718e-15
-1.066782878e-14
-1.143450672e-14
-1.031144738e-14
-1.080471279e-14
-1.24561286e-14
-1.261681666e-14
-1.205909739e-14
-1.00415136e-14
-9.920122453e-15
-1.167300284e-14
-1.25088311e-14
-1.012782789e-14
-9.140040632e-15
-1.095664923e-14
-1.143672388e-14
-9.797267285e-15
-1.028367708e-14
-1.236639721e-14
-1.276218541e-14
-1.180060522e-14
-1.167340885e-14
-1.285113576e-14
-1.449010532e-14
-1.301789189e-14
-1.132482491e-14
-1.175499395e-14
-1.163040381e-14
-1.012716588e-14
-9.656514619e-15
-1.253092313e-14
-1.209608119e-14
-1.151656936e-14
-1.150853972e-14
-1.239745662e-14
-1.452746134e-14
-1.432191205e-14
-1.293806376e-14
-1.328088025e-14
-1.568665388e-14
-1.522977861e-14
-1.378414162e-14
-1.503416659e-14
-1.47029392e-14
-1.399514786e-14
-1.389241423e-14
-1.404422289e-14
-1.678434702e-14
-1.670317751e-14
-1.381867599e-14
-1.393443713e-14
-1.460559326e-14
-1.433835979e-14
-1.301543461e-14
-1.276000008e-14
-1.464856942e-14
-1.440642338e-14
-1.411615716e-14
-1.2717042e-14
-1.216953804e-14
-1.382390751e-14
-1.396706015e-14
-1.267647897e-14
-1.140251098e-14
-1.351925e-14
-1.308704905e-14
-1.099915734e-14
-1.265532413e-14
-1.254250292e-14
-1.205594946e-14
-1.067365122e-14
-9.394558038e-15
-1.176315771e-14
-1.166896517e-14
-1.002679272e-14
-1.044972853e-14
-1.03817473e-14
-9.531658741e-15
-8.570775979e-15
-8.230372608e-15
-9.988893898e-15
-9.055794498e-15
-8.565673272e-15
-7.195679033e-15
-7.614814104e-15
-9.529232537e-15
-9.7398543e-15
-7.890842349e-15
-6.875756454e-15
-8.718858488e-15
-8.97651695e-15
-6.98331988e-15
-6.848408334e-15
-8.363191251e-15
-8.165424534e-15
-6.047801861e-15
-6.687123156e-15
-7.215811156e-15
-5.618457141e-15
-4.882002922e-15
-3.842513714e-15
-5.141207621e-15
-4.960431098e-15
-2.909553261e-15
-4.613793963e-15
-4.693077647e-15
-3.78201346e-15
-4.553537629e-15
-5.083414795e-15
-4.430088548e-15
-3.476297234e-15
-5.707670759e-15
-4.648566994e-15
-4.584014431e-15
-6.46246709e-15
-5.241185332e-15
-4.496636519e-15
-7.57933529e-15
-6.887933004e-15
-5.452719925e-15
-6.308252836e-15
-6.541106902e-15
-6.972464133e-15
-5.490939605e-15
-5.393806308e-15
-5.419559611e-15
-5.504881646e-15
-6.790753867e-15
-7.196751822e-15
-6.094802933e-15
-6.468385261e-15
-7.06890652e-15
-6.382715125e-15
-6.660288848e-15
-6.95681666e-15
-5.783568795e-15
-7.015827235e-15
-8.625413567e-15
-6.788485825e-15
-7.180426656e-15
-8.567422192e-15
-8.639842202e-15
-7.832485426e-15
-8.443679661e-15
-8.875213107e-15
-7.644110445e-15
-8.091528811e-15
-9.391030138e-15
-8.592510905e-15
-7.307019769e-15
-8.633424435e-15
-7.544696011e-15
-5.418130249e-15
-6.436701696e-15
-6.608501298e-15
-6.367217185e-15
-6.92119726e-15
-6.888017705e-15
-6.397464129e-15
-6.891039567e-15
-7.031648363e-15
-7.251793054e-15
-8.125795848e-15
-6.293170467e-15
-5.920481276e-15
-7.971885027e-15
-7.114422182e-15
-7.25116448e-15
-7.674847828e-15
-7.387336463e-15
-8.683847965e-15
-9.462097013e-15
-7.721001402e-15
-7.764421946e-15
-8.339478463e-15
-9.758456144e-15
-9.631589815e-15
-8.198729205e-15
-9.427421195e-15
-9.650479258e-15
-9.659594885e-15
-9.997224793e-15
-9.367166275e-15
-9.167632986e-15
-9.703505421e-15
-9.551958088e-15
-8.837872805e-15
-9.072525317e-15
-9.59808853e-15
-9.479764483e-15
-9.05244749e-15
-9.107049639e-15
-9.604249708e-15
-9.762721904e-15
-1.098709544e-14
-1.030377646e-14
-8.95230832e-15
-9.12148052e-15
-9.968097677e-15
-9.254456675e-15
-9.359798016e-15
-1.003527751e-14
-1.094249425e-14
-1.100658355e-14
-1.072902593e-14
-1.154700179e-14
-1.266047643e-14
-1.255645284e-14
-9.992056276e-15
-9.724670771e-15
-1.078956829e-14
-1.259101039e-14
-1.127519098e-14
-8.686715194e-15
-9.701520124e-15
-1.194947268e-14
-1.080900392e-14
-1.014356799e-14
-1.208730137e-14
-1.323745607e-14
-1.206366827e-14
-1.11535464e-14
-1.341740809e-14
-1.465985079e-14
-1.225852274e-14
-1.10660391e-14
-1.107417587e-14
-1.190404568e-14
-1.02011768e-14
-1.023661874e-14
-1.246058123e-14
-1.260485934e-14
-1.178473257e-14
-1.073269334e-14
-1.284988846e-14
-1.378024496e-14
-1.363262643e-14
-1.28485624e-14
-1.396398193e-14
-1.599757758e-14
-1.456055256e-14
-1.431710466e-14
-1.46824044e-14
-1.469171379e-14
-1.379008276e-14
-1.294723113e-14
-1.549477506e-14
-1.7124684e-14
-1.600125226e-14
-1.439198775e-14
-1.331003353e-14
-1.384078118e-14
-1.513951923e-14
-1.348641661e-14
-1.285400144e-14
-1.427058598e-14
-1.534212057e-14
-1.447645306e-14
-1.200111603e-14
-1.190658764e-14
-1.371425206e-14
-1.395503049e-14
-1.172502512e-14
-1.222908167e-14
-1.340716984e-14
-1.247819415e-14
-1.269236948e-14
-1.244465639e-14
-1.214455763e-14
-1.235337703e-14
-9.223825721e-15
-1.076972212e-14
-1.232143068e-14
-1.039061222e-14
-1.11732499e-14
-1.028202389e-14
-9.429784908e-15
-9.819046309e-15
-7.46375424e-15
-8.924363406e-15
-1.038776304e-14
-8.879465364e-15
-8.977004731e-15
-7.390477749e-15
-8.054249172e-15
-8.554411248e-15
-8.815551282e-15
-8.316206721e-15
-7.664842972e-15
-8.687272012e-15
-8.533905887e-15
-7.146312445e-15
-6.570453669e-15
-8.40492857e-15
-8.862379445e-15
-5.942568469e-15
-6.826155347e-15
-6.801374534e-15
-4.645385351e-15
-4.17063799e-15
-2.824254924e-15
-5.355195336e-15
-6.162473595e-15
-3.051027494e-15
-4.600336188e-15
-5.421509948e-15
-3.241308022e-15
-4.279363255e-15
-5.92777575e-15
-3.371640381e-15
-3.305525314e-15
-5.606769895e-15
-4.177462435e-15
-4.853084457e-15
-7.128264431e-15
-6.013777756e-15
-4.192982644e-15
-7.762917576e-15
-7.399462495e-15
-5.19718922e-15
-5.662787561e-15
-5.765887623e-15
-6.847008975e-15
-5.663472307e-15
-4.733239031e-15
-4.684009414e-15
-6.398742439e-15
-7.631001256e-15
-7.561633669e-15
-5.790458427e-15
-5.269699899e-15
-7.0207237e-15
-7.718889107e-15
-6.586569429e-15
-6.936139036e-15
-6.079677515e-15
-5.892428105e-15
-8.399400183e-15
-7.216248167e-15
-6.798180143e-15
-8.912759471e-15
-9.382505682e-15
-7.617711503e-15
-8.303255233e-15
-8.18694955e-15
-7.981976025e-15
-8.953143556e-15
-8.970158287e-15
-8.675298417e-15
-7.990208965e-15
-7.807366696e-15
-6.951237076e-15
-6.22737528e-15
-6.64836073e-15
-6.625245099e-15
-6.612615339e-15
-6.1444761e-15
-6.478209447e-15
-7.008196846e-15
-6.963463028e-15
-7.174657962e-15
-8.232829038e-15
-7.360268294e-15
-5.553879503e-15
-6.082419502e-15
-6.501673325e-15
-7.295107229e-15
-8.972522039e-15
-7.229031952e-15
-6.283683725e-15
-8.931673295e-15
-1.101067632e-14
-8.360624149e-15
-6.174113557e-15
-8.792971116e-15
-1.106814186e-14
-9.058583011e-15
-7.864182847e-15
-9.83434397e-15
-8.462785547e-15
-1.034810546e-14
-1.03609969e-14
-8.471093231e-15
-9.319574921e-15
-1.030139018e-14
-9.326586554e-15
-7.550512411e-15
-9.02824053e-15
-1.130846489e-14
-1.048933389e-14
-7.542383571e-15
-9.452370729e-15
-1.038105145e-14
-8.759397967e-15
-1.06986194e-14
-1.148453373e-14
-9.508702416e-15
-7.224316942e-15
-8.642537895e-15
-1.117213355e-14
-1.134677635e-14
-8.227825948e-15
-8.948814704e-15
-1.268929837e-14
-1.148793435e-14
-1.142518193e-14
-1.143351409e-14
-1.135463491e-14
-1.170538066e-14
-1.060047594e-14
-1.008956401e-14
-1.169303997e-14
-1.205189211e-14
-9.550907734e-15
-8.914781823e-15
-1.113682599e-14
-1.166101711e-14
-9.895721562e-15
-1.020428655e-14
-1.336980558e-14
-1.389471198e-14
-1.219632637e-14
-1.382670275e-14
-1.314768454e-14
-1.174789862e-14
-1.142228684e-14
-1.034331176e-14
-1.20508366e-14
-1.011928199e-14
-1.166091868e-14
-1.220418483e-14
-1.187142844e-14
-1.231730609e-14
-1.243277717e-14
-1.253873161e-14
-1.166918621e-14
-1.267918005e-14
-1.27068348e-14
-1.59997233e-14
-1.643806254e-14
-1.369488993e-14
-1.489283038e-14
-1.398523974e-14
-1.367682401e-14
-1.42600123e-14
-1.430195494e-14
-1.770310886e-14
-1.608731033e-14
-1.301134932e-14
-1.60012119e-14
-1.412930193e-14
-1.196328617e-14
-1.410878828e-14
-1.441354752e-14
-1.4678719e-14
-1.311931143e-14
-1.488491656e-14
-1.496200333e-14
-1.239714234e-14
-1.177493646e-14
-1.375835467e-14
-1.400009329e-14
-1.09302965e-14
-1.351657977e-14
-1.267231679e-14
-1.128406804e-14
-1.545561984e-14
-1.197577049e-14
-1.116466072e-14
-1.158158633e-14
-8.17189529e-15
-1.307337717e-14
-1.220131588e-14
-9.654181015e-15
-1.436162882e-14
-9.686978237e-15
-7.167335205e-15
-8.833331661e-15
-6.511494983e-15
-1.230374155e-14
-1.013039079e-14
-5.479262487e-15
-9.084942624e-15
-1.056860523e-14
-8.129184817e-15
-6.430675078e-15
-7.824046392e-15
-9.283515814e-15
-1.024416277e-14
-7.455967683e-15
-6.770256854e-15
-7.145708797e-15
-6.664088094e-15
-9.921173385e-15
-9.964988996e-15
)
;

boundaryField
{
    inlet
    {
        type            cyclic;
    }
    outlet
    {
        type            cyclic;
    }
    topWall
    {
        type            zeroGradient;
    }
    bottomWall
    {
        type            zeroGradient;
    }
    frontAndBack
    {
        type            empty;
    }
}


// ************************************************************************* //
